-0.017578 0.003418 1.002930 0.000000 0.000000 0.000000 38.435669 1.510620 7.388306 1.215000 8.770000 -2.764000 27.610000
-0.017578 0.003906 1.003418 0.000000 0.000000 0.000000 38.430176 1.510620 7.388306 1.207000 8.785000 -2.770000 27.610000
-0.017578 0.003418 1.003418 0.000000 0.000000 0.000000 38.430176 1.510620 7.388306 1.158000 8.775000 -2.782000 27.630000
-0.017090 0.004395 1.003418 0.000000 0.000000 0.000000 38.430176 1.510620 7.388306 1.217000 8.786000 -2.770000 27.650000
-0.018066 0.003418 1.003418 0.000000 0.000000 0.000000 38.430176 1.510620 7.388306 1.174000 8.775000 -2.768000 27.670000
-0.017578 0.003906 1.003418 0.000000 0.000000 0.000000 38.430176 1.510620 7.388306 0.923000 8.770000 -2.774000 27.620000
-0.017578 0.003906 1.002930 0.000000 0.000000 0.000000 38.430176 1.510620 7.388306 1.213000 8.782000 -2.780000 27.660000
-0.018066 0.004395 1.002930 0.000000 0.000000 0.000000 38.430176 1.510620 7.388306 1.123000 8.782000 -2.751000 27.660000
-0.018066 0.003418 1.002441 0.000000 0.000000 0.000000 38.430176 1.510620 7.388306 1.210000 8.779000 -2.763000 27.680000
-0.017578 0.003906 1.003418 0.000000 0.000000 0.000000 38.430176 1.510620 7.388306 1.150000 8.783000 -2.773000 27.700000
-0.018555 0.003906 1.005371 0.000000 0.000000 0.000000 38.430176 1.510620 7.388306 1.166000 8.779000 -2.761000 27.670000
-0.017578 0.004395 1.004883 0.000000 0.000000 0.000000 38.430176 1.510620 7.393799 0.954000 8.779000 -2.762000 27.690000
-0.018555 0.003906 1.004883 0.000000 0.000000 0.000000 38.430176 1.510620 7.393799 1.175000 8.788000 -2.775000 27.680000
-0.018066 0.003906 1.005371 0.000000 0.000000 0.000000 38.430176 1.510620 7.393799 1.160000 8.776000 -2.783000 27.670000
-0.018066 0.003418 1.004883 0.000000 0.000000 0.000000 38.430176 1.510620 7.393799 1.219000 8.784000 -2.781000 27.720000
-0.017578 0.003906 1.004883 0.000000 0.000000 0.000000 38.430176 1.510620 7.393799 1.157000 8.775000 -2.765000 27.690000
-0.017578 0.004395 1.005371 0.000000 0.000000 0.000000 38.430176 1.510620 7.393799 1.149000 8.781000 -2.766000 27.680000
-0.018555 0.003906 1.004883 0.000000 0.000000 0.000000 38.430176 1.505127 7.393799 1.034000 8.780000 -2.755000 27.700000
-0.017578 0.002930 1.004883 0.000000 0.000000 0.000000 38.430176 1.510620 7.393799 1.019000 8.786000 -2.744000 27.700000
-0.018066 0.003906 1.003418 0.000000 0.000000 0.000000 38.430176 1.510620 7.393799 0.932000 8.772000 -2.752000 27.750000
-0.018066 0.003418 1.004395 0.000000 0.000000 0.000000 38.430176 1.510620 7.393799 1.125000 8.785000 -2.769000 27.720000
-0.018555 0.003906 1.004395 0.000000 0.000000 0.000000 38.430176 1.510620 7.393799 1.233000 8.785000 -2.768000 27.750000
-0.017578 0.002930 1.004883 0.000000 0.000000 0.000000 38.424683 1.510620 7.393799 1.215000 8.777000 -2.760000 27.730000
-0.017578 0.002930 1.004883 0.000000 0.000000 0.000000 38.424683 1.510620 7.393799 1.108000 8.782000 -2.760000 27.750000
-0.018066 0.003906 1.004395 0.000000 0.000000 0.000000 38.424683 1.510620 7.393799 1.070000 8.783000 -2.769000 27.720000
-0.017578 0.003906 1.004395 0.000000 0.000000 0.000000 38.424683 1.510620 7.393799 1.165000 8.775000 -2.783000 27.800000
-0.017578 0.003418 1.003418 0.000000 0.000000 0.000000 38.424683 1.510620 7.393799 1.254000 8.775000 -2.769000 27.750000
-0.018555 0.003418 1.004883 0.000000 0.000000 0.000000 38.424683 1.510620 7.393799 1.204000 8.762000 -2.772000 27.790000
-0.017578 0.003906 1.004883 0.000000 0.000000 0.000000 38.430176 1.505127 7.393799 1.201000 8.779000 -2.775000 27.780000
-0.018555 0.003418 1.005859 0.000000 0.000000 0.000000 38.430176 1.505127 7.393799 1.193000 8.778000 -2.770000 27.760000
-0.018555 0.003418 1.005371 0.000000 0.000000 0.000000 38.430176 1.510620 7.393799 1.251000 8.777000 -2.753000 27.780000
-0.017578 0.003418 1.005371 0.000000 0.000000 0.000000 38.424683 1.510620 7.393799 1.072000 8.777000 -2.765000 27.780000
-0.018555 0.003418 1.004883 0.000000 0.000000 0.000000 38.424683 1.510620 7.393799 1.243000 8.780000 -2.759000 27.760000
-0.017578 0.003906 1.003906 0.000000 0.000000 0.000000 38.424683 1.510620 7.393799 1.178000 8.791000 -2.777000 27.830000
-0.018066 0.003418 1.005371 0.000000 0.000000 0.000000 38.424683 1.510620 7.393799 1.178000 8.755000 -2.757000 27.790000
-0.017578 0.004395 1.005371 0.000000 0.000000 0.000000 38.424683 1.505127 7.393799 1.223000 8.782000 -2.754000 27.800000
-0.018066 0.003906 1.004883 0.000000 0.000000 0.000000 38.424683 1.505127 7.393799 1.183000 8.767000 -2.791000 27.790000
-0.017578 0.003418 1.004883 0.000000 0.000000 0.000000 38.424683 1.505127 7.393799 1.094000 8.783000 -2.743000 27.840000
-0.018066 0.003906 1.004883 0.000000 0.000000 0.000000 38.424683 1.505127 7.393799 0.933000 8.781000 -2.781000 27.790000
-0.018555 0.003418 1.004883 0.000000 0.000000 0.000000 38.430176 1.505127 7.393799 1.216000 8.777000 -2.778000 27.860000
-0.017578 0.003418 1.004883 0.000000 0.000000 0.000000 38.430176 1.505127 7.393799 1.252000 8.784000 -2.772000 27.850000
-0.018555 0.003418 1.005371 0.000000 0.000000 0.000000 38.430176 1.505127 7.393799 1.072000 8.774000 -2.765000 27.830000
-0.018066 0.003906 1.005371 0.000000 0.000000 0.000000 38.430176 1.505127 7.393799 1.249000 8.781000 -2.764000 27.850000
-0.018066 0.003906 1.005371 0.000000 0.000000 0.000000 38.430176 1.505127 7.393799 1.234000 8.785000 -2.736000 27.880000
-0.017578 0.003906 1.004883 0.000000 0.000000 0.000000 38.430176 1.505127 7.393799 1.211000 8.778000 -2.761000 27.830000
-0.018066 0.003418 1.003418 0.000000 0.000000 0.000000 38.430176 1.505127 7.393799 1.191000 8.798000 -2.771000 27.880000
-0.017578 0.003906 1.004883 0.000000 0.000000 0.000000 38.430176 1.505127 7.393799 1.179000 8.785000 -2.766000 27.870000
-0.017578 0.003418 1.004395 0.000000 0.000000 0.000000 38.430176 1.505127 7.393799 1.237000 8.770000 -2.801000 27.860000
-0.018066 0.003906 1.004395 0.000000 0.000000 0.000000 38.430176 1.505127 7.393799 1.004000 8.766000 -2.769000 27.860000
-0.018066 0.003418 1.004883 0.000000 0.000000 0.000000 38.430176 1.505127 7.393799 1.217000 8.789000 -2.758000 27.870000
-0.017578 0.004395 1.005859 0.000000 0.000000 0.000000 38.430176 1.505127 7.393799 1.254000 8.782000 -2.755000 27.860000
-0.018555 0.003906 1.004883 0.000000 0.000000 0.000000 38.430176 1.505127 7.393799 1.243000 8.783000 -2.769000 27.870000
-0.018555 0.003418 1.004883 0.000000 0.000000 0.000000 38.430176 1.505127 7.393799 1.125000 8.774000 -2.757000 27.880000
-0.017578 0.003418 1.003906 0.000000 0.000000 0.000000 38.430176 1.505127 7.393799 1.248000 8.773000 -2.773000 27.880000
-0.018555 0.003418 1.005371 0.000000 0.000000 0.000000 38.430176 1.505127 7.393799 1.219000 8.787000 -2.778000 27.850000
-0.018555 0.003906 1.004883 0.000000 0.000000 0.000000 38.430176 1.505127 7.393799 1.159000 8.792000 -2.772000 27.890000
-0.017578 0.002930 1.004883 0.000000 0.000000 0.000000 38.430176 1.505127 7.393799 1.202000 8.778000 -2.746000 27.920000
-0.017578 0.002930 1.004395 0.000000 0.000000 0.000000 38.430176 1.505127 7.393799 1.177000 8.786000 -2.779000 27.920000
-0.018066 0.003906 1.004395 0.000000 0.000000 0.000000 38.430176 1.505127 7.393799 1.230000 8.772000 -2.782000 27.890000
-0.018066 0.003418 1.005371 0.000000 0.000000 0.000000 38.430176 1.505127 7.393799 1.250000 8.778000 -2.781000 27.920000
-0.017578 0.004395 1.004395 0.000000 0.000000 0.000000 38.430176 1.505127 7.393799 1.186000 8.780000 -2.766000 27.860000
-0.018066 0.003418 1.005371 0.000000 0.000000 0.000000 38.430176 1.505127 7.393799 1.242000 8.773000 -2.769000 27.900000
-0.017578 0.004395 1.004883 0.000000 0.000000 0.000000 38.430176 1.505127 7.393799 1.082000 8.777000 -2.777000 27.910000
-0.018555 0.003906 1.003906 0.000000 0.000000 0.000000 38.430176 1.505127 7.393799 0.999000 8.779000 -2.750000 27.910000
-0.018066 0.003906 1.003906 0.000000 0.000000 0.000000 38.430176 1.505127 7.393799 1.215000 8.779000 -2.760000 27.910000
-0.017578 0.003418 1.004395 0.000000 0.000000 0.000000 38.430176 1.505127 7.393799 1.131000 8.780000 -2.798000 27.940000
-0.017578 0.003418 1.004395 0.000000 0.000000 0.000000 38.430176 1.505127 7.393799 1.165000 8.795000 -2.760000 27.920000
-0.018066 0.003906 1.002930 0.000000 0.000000 0.000000 38.430176 1.505127 7.393799 1.019000 8.791000 -2.757000 27.930000
-0.017578 0.003906 1.003418 0.000000 0.000000 0.000000 38.430176 1.505127 7.393799 1.056000 8.774000 -2.752000 27.950000
-0.017578 0.003418 1.003418 0.000000 0.000000 0.000000 38.430176 1.505127 7.393799 0.993000 8.780000 -2.761000 27.940000
-0.018066 0.004395 1.003418 0.000000 0.000000 0.000000 38.430176 1.505127 7.393799 1.125000 8.771000 -2.746000 27.960000
-0.017578 0.003906 1.002930 0.000000 0.000000 0.000000 38.430176 1.505127 7.393799 0.965000 8.777000 -2.754000 27.940000
-0.017578 0.003906 1.002930 0.000000 0.000000 0.000000 38.430176 1.505127 7.393799 1.163000 8.790000 -2.787000 27.970000
-0.017578 0.003906 1.003906 0.000000 0.000000 0.000000 38.430176 1.505127 7.393799 1.191000 8.781000 -2.754000 27.980000
-0.018555 0.003418 1.003906 0.000000 0.000000 0.000000 38.430176 1.505127 7.393799 1.251000 8.793000 -2.761000 27.990000
-0.018555 0.003418 1.002930 0.000000 0.000000 0.000000 38.430176 1.505127 7.393799 1.251000 8.772000 -2.761000 27.980000
-0.017578 0.004395 1.003906 0.000000 0.000000 0.000000 38.430176 1.505127 7.393799 1.258000 8.791000 -2.756000 27.940000
-0.018555 0.003906 1.002930 0.000000 0.000000 0.000000 38.430176 1.505127 7.393799 1.175000 8.776000 -2.752000 27.940000
-0.018066 0.003906 1.003418 0.000000 0.000000 0.000000 38.430176 1.505127 7.393799 1.112000 8.781000 -2.749000 27.980000
-0.018066 0.003418 1.004395 0.000000 0.000000 0.000000 38.435669 1.505127 7.393799 1.242000 8.782000 -2.747000 27.980000
-0.017578 0.003418 1.003906 0.000000 0.000000 0.000000 38.435669 1.505127 7.393799 1.124000 8.778000 -2.779000 27.970000
-0.018555 0.003418 1.002441 0.000000 0.000000 0.000000 38.435669 1.505127 7.393799 1.198000 8.773000 -2.776000 27.980000
-0.018066 0.004395 1.004395 0.000000 0.000000 0.000000 38.435669 1.505127 7.393799 1.175000 8.795000 -2.785000 28.000000
-0.018555 0.004395 1.003418 0.000000 0.000000 0.000000 38.430176 1.505127 7.393799 1.204000 8.763000 -2.753000 27.960000
-0.018066 0.002930 1.002930 0.000000 0.000000 0.000000 38.430176 1.505127 7.393799 1.086000 8.778000 -2.761000 27.980000
-0.017578 0.002930 1.003418 0.000000 0.000000 0.000000 38.430176 1.505127 7.393799 1.122000 8.774000 -2.767000 27.970000
-0.016602 0.003906 1.002930 0.000000 0.000000 0.000000 38.430176 1.505127 7.393799 1.200000 8.775000 -2.753000 27.940000
-0.018066 0.003418 1.003418 0.000000 0.000000 0.000000 38.430176 1.505127 7.393799 1.202000 8.774000 -2.756000 28.020000
-0.018066 0.003906 1.002930 0.000000 0.000000 0.000000 38.430176 1.505127 7.393799 1.060000 8.781000 -2.766000 28.020000
-0.018066 0.003906 1.002930 0.000000 0.000000 0.000000 38.430176 1.505127 7.393799 1.240000 8.782000 -2.767000 27.980000
-0.017578 0.003906 1.002930 0.000000 0.000000 0.000000 38.430176 1.505127 7.393799 1.072000 8.790000 -2.767000 28.030000
-0.018066 0.003906 1.003418 0.000000 0.000000 0.000000 38.430176 1.505127 7.393799 1.139000 8.781000 -2.752000 28.020000
-0.017578 0.004395 1.003906 0.000000 0.000000 0.000000 38.430176 1.505127 7.393799 1.203000 8.771000 -2.741000 28.000000
-0.017578 0.003418 1.003418 0.000000 0.000000 0.000000 38.430176 1.505127 7.393799 1.205000 8.788000 -2.764000 28.010000
-0.017090 0.003906 1.003906 0.000000 0.000000 0.000000 38.430176 1.505127 7.393799 1.155000 8.787000 -2.757000 28.030000
-0.017090 0.003906 1.003418 0.000000 0.000000 0.000000 38.430176 1.505127 7.393799 1.138000 8.770000 -2.747000 28.020000
-0.018066 0.003418 1.003418 0.000000 0.000000 0.000000 38.430176 1.505127 7.393799 1.163000 8.779000 -2.749000 28.020000
-0.018066 0.003906 1.003906 0.000000 0.000000 0.000000 38.430176 1.505127 7.393799 1.164000 8.774000 -2.760000 28.010000
-0.018066 0.003906 1.002930 0.000000 0.000000 0.000000 38.430176 1.505127 7.393799 1.012000 8.767000 -2.788000 28.020000
-0.017578 0.003906 1.003418 0.000000 0.000000 0.000000 38.430176 1.505127 7.393799 1.192000 8.780000 -2.761000 28.020000
-0.018066 0.003418 1.003418 0.000000 0.000000 0.000000 38.430176 1.505127 7.393799 1.181000 8.779000 -2.786000 28.010000
-0.018066 0.003418 1.002930 0.000000 0.000000 0.000000 38.430176 1.505127 7.393799 1.030000 8.766000 -2.781000 28.010000
-0.018066 0.003906 1.003906 0.000000 0.000000 0.000000 38.430176 1.505127 7.393799 1.161000 8.772000 -2.780000 28.050000
-0.018066 0.004395 1.003418 0.000000 0.000000 0.000000 38.430176 1.505127 7.393799 1.033000 8.780000 -2.768000 28.040000
-0.018066 0.003418 1.002930 0.000000 0.000000 0.000000 38.430176 1.505127 7.393799 1.171000 8.771000 -2.737000 28.040000
-0.018066 0.003906 1.003418 0.000000 0.000000 0.000000 38.430176 1.505127 7.393799 1.104000 8.772000 -2.757000 28.070000
-0.018066 0.003906 1.003906 0.000000 0.000000 0.000000 38.430176 1.505127 7.393799 1.072000 8.768000 -2.777000 28.020000
-0.017578 0.003906 1.003418 0.000000 0.000000 0.000000 38.430176 1.505127 7.393799 1.105000 8.772000 -2.750000 28.000000
-0.017578 0.003906 1.003418 0.000000 0.000000 0.000000 38.430176 1.505127 7.393799 1.200000 8.774000 -2.784000 28.020000
-0.017090 0.003418 1.004883 0.000000 0.000000 0.000000 38.430176 1.505127 7.393799 1.215000 8.785000 -2.785000 28.050000
-0.018066 0.003906 1.003418 0.000000 0.000000 0.000000 38.430176 1.505127 7.393799 1.117000 8.788000 -2.771000 28.030000
-0.018066 0.003418 1.003906 0.000000 0.000000 0.000000 38.430176 1.505127 7.393799 1.069000 8.774000 -2.768000 28.030000
-0.017090 0.003418 1.003906 0.000000 0.000000 0.000000 38.430176 1.505127 7.393799 1.209000 8.769000 -2.789000 28.040000
-0.018066 0.004395 1.002930 0.000000 0.000000 0.000000 38.430176 1.505127 7.393799 1.137000 8.778000 -2.761000 28.050000
-0.018066 0.003906 1.002930 0.000000 0.000000 0.000000 38.435669 1.505127 7.393799 1.205000 8.761000 -2.766000 28.050000
-0.018066 0.004395 1.003906 0.000000 0.000000 0.000000 38.435669 1.505127 7.393799 1.105000 8.763000 -2.763000 28.080000
-0.018555 0.003418 1.003418 0.000000 0.000000 0.000000 38.435669 1.505127 7.393799 1.062000 8.772000 -2.759000 28.080000
-0.018555 0.003906 1.004395 0.000000 0.000000 0.000000 38.435669 1.505127 7.393799 1.171000 8.786000 -2.758000 28.040000
-0.017090 0.003906 1.004395 0.000000 0.000000 0.000000 38.435669 1.510620 7.393799 1.168000 8.781000 -2.770000 28.080000
-0.017090 0.003906 1.003418 0.000000 0.000000 0.000000 38.435669 1.510620 7.393799 1.223000 8.766000 -2.770000 28.070000
-0.018555 0.004395 1.003906 0.000000 0.000000 0.000000 38.435669 1.510620 7.393799 1.250000 8.782000 -2.789000 28.120000
-0.017578 0.003906 1.003906 0.000000 0.000000 0.000000 38.435669 1.510620 7.393799 1.180000 8.771000 -2.790000 28.080000
-0.018066 0.003418 1.003906 0.000000 0.000000 0.000000 38.435669 1.510620 7.393799 1.207000 8.756000 -2.786000 28.090000
-0.018555 0.003418 1.003906 0.000000 0.000000 0.000000 38.435669 1.510620 7.393799 1.219000 8.778000 -2.743000 28.090000
-0.018066 0.004395 1.003418 0.000000 0.000000 0.000000 38.435669 1.510620 7.393799 1.157000 8.769000 -2.762000 28.120000
-0.018066 0.003418 1.003906 0.000000 0.000000 0.000000 38.435669 1.510620 7.393799 1.026000 8.771000 -2.752000 28.070000
-0.018066 0.003418 1.004883 0.000000 0.000000 0.000000 38.435669 1.505127 7.393799 1.139000 8.757000 -2.778000 28.100000
-0.018066 0.003906 1.003418 0.000000 0.000000 0.000000 38.435669 1.505127 7.393799 1.186000 8.757000 -2.775000 28.110000
-0.017578 0.003906 1.003906 0.000000 0.000000 0.000000 38.435669 1.505127 7.393799 1.125000 8.786000 -2.764000 28.110000
-0.018066 0.003906 1.003906 0.000000 0.000000 0.000000 38.430176 1.505127 7.393799 1.077000 8.768000 -2.761000 28.100000
-0.018066 0.003906 1.002930 0.000000 0.000000 0.000000 38.430176 1.505127 7.393799 1.107000 8.772000 -2.780000 28.120000
-0.017578 0.003418 1.003906 0.000000 0.000000 0.000000 38.430176 1.505127 7.393799 1.134000 8.756000 -2.771000 28.100000
-0.018066 0.003418 1.003906 0.000000 0.000000 0.000000 38.430176 1.505127 7.393799 1.232000 8.775000 -2.758000 28.100000
-0.017090 0.003906 1.004395 0.000000 0.000000 0.000000 38.430176 1.510620 7.393799 1.110000 8.789000 -2.777000 28.100000
-0.017090 0.003906 1.003418 0.000000 0.000000 0.000000 38.430176 1.510620 7.393799 1.224000 8.779000 -2.743000 28.090000
-0.017578 0.003418 1.003906 0.000000 0.000000 0.000000 38.430176 1.510620 7.393799 1.097000 8.781000 -2.760000 28.100000
-0.018066 0.003906 1.003906 0.000000 0.000000 0.000000 38.435669 1.510620 7.393799 1.179000 8.774000 -2.764000 28.120000
-0.017578 0.003906 1.004395 0.000000 0.000000 0.000000 38.435669 1.510620 7.393799 1.171000 8.776000 -2.767000 28.120000
-0.019043 0.002930 1.003418 0.000000 0.000000 0.000000 38.435669 1.510620 7.393799 1.216000 8.774000 -2.763000 28.130000
-0.018066 0.003906 1.004395 0.000000 0.000000 0.000000 38.435669 1.510620 7.393799 1.238000 8.779000 -2.774000 28.130000
-0.017578 0.004395 1.003418 0.000000 0.000000 0.000000 38.435669 1.510620 7.393799 1.182000 8.782000 -2.766000 28.130000
-0.017578 0.003418 1.003418 0.000000 0.000000 0.000000 38.435669 1.510620 7.393799 1.235000 8.775000 -2.790000 28.140000
-0.017578 0.003906 1.003418 0.000000 0.000000 0.000000 38.435669 1.510620 7.393799 1.113000 8.769000 -2.753000 28.140000
-0.019043 0.004883 1.003418 0.000000 0.000000 0.000000 38.435669 1.510620 7.393799 1.208000 8.782000 -2.761000 28.140000
-0.017578 0.003418 1.004395 0.000000 0.000000 0.000000 38.435669 1.516113 7.393799 1.246000 8.778000 -2.761000 28.170000
-0.018066 0.003418 1.003418 0.000000 0.000000 0.000000 38.435669 1.516113 7.393799 1.251000 8.777000 -2.790000 28.160000
-0.018555 0.003906 1.003418 0.000000 0.000000 0.000000 38.435669 1.516113 7.393799 1.184000 8.771000 -2.770000 28.170000
-0.018066 0.004395 1.002930 0.000000 0.000000 0.000000 38.435669 1.510620 7.393799 1.198000 8.774000 -2.745000 28.130000
-0.018555 0.003906 1.002930 0.000000 0.000000 0.000000 38.435669 1.510620 7.393799 1.202000 8.790000 -2.752000 28.150000
-0.019531 0.003418 1.004395 0.000000 0.000000 0.000000 38.435669 1.510620 7.393799 1.154000 8.793000 -2.773000 28.170000
-0.017578 0.003906 1.004395 0.000000 0.000000 0.000000 38.435669 1.510620 7.393799 1.120000 8.783000 -2.743000 28.130000
-0.018066 0.003418 1.003906 0.000000 0.000000 0.000000 38.435669 1.510620 7.393799 1.214000 8.777000 -2.760000 28.130000
-0.017578 0.002930 1.002930 0.000000 0.000000 0.000000 38.435669 1.510620 7.393799 1.008000 8.773000 -2.769000 28.130000
-0.018066 0.003906 1.003418 0.000000 0.000000 0.000000 38.435669 1.510620 7.393799 1.219000 8.774000 -2.781000 28.170000
-0.018066 0.003906 1.003906 0.000000 0.000000 0.000000 38.435669 1.510620 7.393799 1.254000 8.775000 -2.777000 28.150000
-0.017090 0.003906 1.003418 0.000000 0.000000 0.000000 38.435669 1.510620 7.393799 1.100000 8.785000 -2.761000 28.160000
-0.017578 0.003418 1.002930 0.000000 0.000000 0.000000 38.435669 1.510620 7.393799 1.137000 8.766000 -2.763000 28.140000
-0.017578 0.003418 1.002930 0.000000 0.000000 0.000000 38.435669 1.510620 7.393799 1.222000 8.768000 -2.770000 28.170000
-0.017578 0.002930 1.003906 0.000000 0.000000 0.000000 38.435669 1.510620 7.393799 1.149000 8.763000 -2.772000 28.170000
-0.018066 0.003906 1.002930 0.000000 0.000000 0.000000 38.435669 1.510620 7.393799 1.147000 8.778000 -2.768000 28.200000
-0.018555 0.003906 1.003906 0.000000 0.000000 0.000000 38.435669 1.510620 7.393799 1.153000 8.784000 -2.756000 28.200000
-0.017578 0.003418 1.003906 0.000000 0.000000 0.000000 38.435669 1.510620 7.393799 1.180000 8.774000 -2.777000 28.180000
-0.018555 0.004395 1.003418 0.000000 0.000000 0.000000 38.435669 1.510620 7.393799 1.189000 8.777000 -2.775000 28.190000
-0.018066 0.003906 1.002930 0.000000 0.000000 0.000000 38.435669 1.516113 7.393799 1.091000 8.785000 -2.790000 28.200000
-0.018066 0.003906 1.003906 0.000000 0.000000 0.000000 38.435669 1.516113 7.393799 1.010000 8.783000 -2.758000 28.200000
-0.018555 0.003906 1.005371 0.000000 0.000000 0.000000 38.435669 1.516113 7.393799 0.955000 8.777000 -2.749000 28.190000
-0.018066 0.003906 1.005859 0.000000 0.000000 0.000000 38.435669 1.516113 7.393799 1.104000 8.781000 -2.763000 28.200000
-0.018066 0.002930 1.005371 0.000000 0.000000 0.000000 38.435669 1.516113 7.393799 1.158000 8.775000 -2.750000 28.190000
-0.018555 0.003906 1.005371 0.000000 0.000000 0.000000 38.430176 1.516113 7.393799 1.020000 8.767000 -2.760000 28.170000
-0.018555 0.004395 1.005371 0.000000 0.000000 0.000000 38.430176 1.516113 7.393799 1.048000 8.773000 -2.777000 28.180000
-0.018555 0.003906 1.003906 0.000000 0.000000 0.000000 38.435669 1.516113 7.393799 1.214000 8.781000 -2.759000 28.200000
-0.017578 0.003418 1.005859 0.000000 0.000000 0.000000 38.435669 1.516113 7.393799 1.106000 8.773000 -2.760000 28.200000
-0.017578 0.003418 1.004883 0.000000 0.000000 0.000000 38.435669 1.516113 7.393799 1.182000 8.771000 -2.765000 28.200000
-0.018066 0.003418 1.004883 0.000000 0.000000 0.000000 38.435669 1.516113 7.393799 1.176000 8.779000 -2.753000 28.180000
-0.018555 0.003906 1.006348 0.000000 0.000000 0.000000 38.435669 1.516113 7.393799 1.248000 8.769000 -2.756000 28.210000
-0.018066 0.004395 1.004883 0.000000 0.000000 0.000000 38.435669 1.516113 7.393799 1.169000 8.782000 -2.752000 28.220000
-0.018555 0.003906 1.005371 0.000000 0.000000 0.000000 38.435669 1.516113 7.393799 1.202000 8.762000 -2.779000 28.230000
-0.018555 0.003906 1.004883 0.000000 0.000000 0.000000 38.435669 1.516113 7.393799 1.156000 8.775000 -2.762000 28.240000
-0.018066 0.003418 1.005371 0.000000 0.000000 0.000000 38.435669 1.516113 7.393799 1.250000 8.772000 -2.789000 28.200000
-0.017578 0.004395 1.004883 0.000000 0.000000 0.000000 38.435669 1.516113 7.393799 1.249000 8.766000 -2.783000 28.240000
-0.017578 0.003418 1.005371 0.000000 0.000000 0.000000 38.435669 1.516113 7.393799 1.097000 8.776000 -2.763000 28.250000
-0.018555 0.003418 1.005371 0.000000 0.000000 0.000000 38.435669 1.516113 7.393799 1.199000 8.780000 -2.760000 28.200000
-0.017578 0.003906 1.005859 0.000000 0.000000 0.000000 38.435669 1.516113 7.393799 1.032000 8.769000 -2.764000 28.240000
-0.018066 0.003418 1.004883 0.000000 0.000000 0.000000 38.435669 1.516113 7.393799 1.036000 8.783000 -2.750000 28.230000
-0.018066 0.003906 1.005371 0.000000 0.000000 0.000000 38.435669 1.516113 7.393799 1.229000 8.776000 -2.757000 28.250000
-0.018555 0.003906 1.005859 0.000000 0.000000 0.000000 38.435669 1.516113 7.393799 1.246000 8.778000 -2.787000 28.220000
-0.018066 0.003418 1.005371 0.000000 0.000000 0.000000 38.435669 1.516113 7.393799 1.127000 8.788000 -2.758000 28.230000
-0.017578 0.003906 1.005371 0.000000 0.000000 0.000000 38.435669 1.516113 7.393799 1.192000 8.776000 -2.770000 28.230000
-0.018066 0.004395 1.006348 0.000000 0.000000 0.000000 38.435669 1.516113 7.393799 1.164000 8.778000 -2.788000 28.260000
-0.018066 0.003418 1.003906 0.000000 0.000000 0.000000 38.435669 1.516113 7.393799 1.195000 8.775000 -2.767000 28.230000
-0.018555 0.003906 1.005371 0.000000 0.000000 0.000000 38.435669 1.516113 7.393799 1.188000 8.770000 -2.768000 28.220000
-0.018555 0.003906 1.004883 0.000000 0.000000 0.000000 38.435669 1.510620 7.393799 1.212000 8.784000 -2.756000 28.220000
-0.018066 0.003906 1.004395 0.000000 0.000000 0.000000 38.435669 1.516113 7.393799 1.070000 8.777000 -2.768000 28.240000
-0.017578 0.003906 1.005371 0.000000 0.000000 0.000000 38.435669 1.516113 7.393799 1.110000 8.773000 -2.748000 28.260000
-0.017578 0.003906 1.005371 0.000000 0.000000 0.000000 38.435669 1.516113 7.393799 1.195000 8.768000 -2.751000 28.300000
-0.018555 0.004395 1.005371 0.000000 0.000000 0.000000 38.435669 1.516113 7.393799 1.109000 8.787000 -2.774000 28.300000
-0.018066 0.004395 1.004395 0.000000 0.000000 0.000000 38.435669 1.516113 7.393799 1.206000 8.767000 -2.769000 28.230000
-0.017578 0.003906 1.005371 0.000000 0.000000 0.000000 38.435669 1.516113 7.393799 1.210000 8.773000 -2.776000 28.270000
-0.017578 0.004395 1.005371 0.000000 0.000000 0.000000 38.441162 1.516113 7.393799 1.102000 8.778000 -2.748000 28.280000
-0.018066 0.003906 1.004883 0.000000 0.000000 0.000000 38.441162 1.516113 7.393799 1.193000 8.780000 -2.791000 28.260000
-0.018066 0.004395 1.004883 0.000000 0.000000 0.000000 38.441162 1.516113 7.393799 1.206000 8.783000 -2.762000 28.240000
-0.018066 0.004395 1.004883 0.000000 0.000000 0.000000 38.441162 1.516113 7.393799 1.047000 8.764000 -2.784000 28.280000
-0.018066 0.003418 1.004883 0.000000 0.000000 0.000000 38.435669 1.516113 7.393799 1.191000 8.773000 -2.752000 28.240000
