0.002441 -0.916992 0.366211 0.305176 0.000000 0.000000 -72.723999 -1.290894 -37.578735 -2.867000 2.158000 3.178000 29.700000
0.003418 -0.916504 0.366699 -0.183105 0.000000 0.000000 -72.723999 -1.290894 -37.578735 -2.875000 2.151000 3.141000 29.770000
0.001953 -0.916992 0.366211 -0.122070 0.000000 0.000000 -72.723999 -1.290894 -37.578735 -2.871000 2.160000 3.146000 29.820000
0.001953 -0.916992 0.366699 0.122070 0.000000 0.000000 -72.723999 -1.290894 -37.578735 -2.861000 2.164000 3.161000 29.890000
0.002930 -0.916504 0.366211 0.122070 0.000000 0.000000 -72.718506 -1.290894 -37.578735 -2.866000 2.155000 3.159000 29.950000
0.002441 -0.916992 0.365234 -0.061035 0.000000 0.000000 -72.723999 -1.290894 -37.578735 -2.858000 2.144000 3.174000 29.860000
0.002930 -0.916504 0.365723 0.183105 0.000000 0.000000 -72.723999 -1.290894 -37.578735 -2.870000 2.153000 3.155000 29.800000
0.002441 -0.916992 0.365723 0.000000 0.000000 0.000000 -72.718506 -1.290894 -37.578735 -2.868000 2.150000 3.120000 29.820000
0.002930 -0.916992 0.365234 -0.122070 0.000000 0.000000 -72.723999 -1.290894 -37.578735 -2.854000 2.143000 3.133000 29.810000
0.002930 -0.916504 0.367188 0.122070 0.000000 0.000000 -72.729492 -1.290894 -37.578735 -2.865000 2.142000 3.111000 29.910000
0.003906 -0.916992 0.366211 0.000000 0.000000 0.000000 -72.729492 -1.290894 -37.578735 -2.852000 2.150000 3.173000 29.840000
0.002441 -0.917480 0.366211 0.000000 0.000000 0.000000 -72.729492 -1.290894 -37.578735 -2.850000 2.152000 3.152000 29.880000
0.002441 -0.916504 0.366211 0.000000 0.000000 0.000000 -72.734985 -1.290894 -37.578735 -2.861000 2.146000 3.125000 29.840000
0.002441 -0.916992 0.365234 0.000000 0.000000 0.000000 -72.734985 -1.290894 -37.578735 -2.862000 2.156000 3.158000 29.810000
0.002441 -0.916504 0.365723 0.000000 0.000000 0.000000 -72.734985 -1.290894 -37.578735 -2.860000 2.154000 3.124000 29.810000
0.001953 -0.916504 0.366699 0.000000 0.000000 0.000000 -72.740479 -1.290894 -37.578735 -2.866000 2.145000 3.133000 29.850000
0.002930 -0.916992 0.366211 0.000000 0.000000 0.000000 -72.740479 -1.290894 -37.578735 -2.857000 2.156000 3.150000 29.810000
0.002441 -0.917480 0.367188 0.000000 0.000000 0.000000 -72.740479 -1.290894 -37.578735 -2.859000 2.148000 3.171000 29.830000
0.002930 -0.916504 0.366211 0.000000 0.000000 0.000000 -72.745972 -1.290894 -37.578735 -2.849000 2.147000 3.151000 29.830000
0.002441 -0.917480 0.365723 0.000000 0.000000 0.000000 -72.745972 -1.290894 -37.578735 -2.862000 2.139000 3.153000 29.870000
0.001953 -0.917480 0.365723 0.000000 0.000000 0.000000 -72.745972 -1.296387 -37.578735 -2.853000 2.152000 3.152000 29.870000
0.002930 -0.916992 0.366699 0.000000 0.000000 0.000000 -72.745972 -1.296387 -37.578735 -2.867000 2.149000 3.134000 29.860000
0.002930 -0.916992 0.366211 0.000000 0.000000 0.000000 -72.745972 -1.296387 -37.578735 -2.870000 2.144000 3.162000 29.930000
0.002930 -0.917480 0.366699 0.000000 0.000000 0.000000 -72.751465 -1.296387 -37.578735 -2.862000 2.142000 3.163000 29.860000
0.002930 -0.917480 0.366699 0.000000 0.000000 0.000000 -72.751465 -1.296387 -37.578735 -2.859000 2.157000 3.135000 29.890000
0.002930 -0.916992 0.366699 0.000000 0.000000 0.000000 -72.751465 -1.296387 -37.578735 -2.867000 2.153000 3.159000 29.840000
0.002930 -0.916992 0.365723 0.000000 0.000000 0.000000 -72.751465 -1.296387 -37.578735 -2.856000 2.143000 3.150000 29.840000
0.002930 -0.916992 0.365723 0.000000 0.000000 0.000000 -72.751465 -1.296387 -37.578735 -2.856000 2.147000 3.176000 29.870000
0.002441 -0.917480 0.365234 0.000000 0.000000 0.000000 -72.751465 -1.296387 -37.578735 -2.856000 2.153000 3.174000 29.880000
0.002930 -0.916992 0.366211 0.000000 0.000000 0.000000 -72.751465 -1.296387 -37.578735 -2.864000 2.152000 3.123000 29.840000
0.002441 -0.916992 0.365723 0.000000 0.000000 0.000000 -72.751465 -1.296387 -37.578735 -2.856000 2.147000 3.141000 29.800000
0.001465 -0.916504 0.366211 0.000000 0.000000 0.000000 -72.751465 -1.290894 -37.578735 -2.874000 2.145000 3.161000 29.880000
0.002930 -0.916504 0.366699 0.000000 0.000000 0.000000 -72.751465 -1.290894 -37.578735 -2.863000 2.141000 3.146000 29.890000
0.002441 -0.916992 0.366211 0.000000 0.000000 0.000000 -72.751465 -1.290894 -37.578735 -2.869000 2.147000 3.168000 29.890000
0.002441 -0.916504 0.366211 0.000000 0.000000 0.000000 -72.751465 -1.290894 -37.578735 -2.859000 2.146000 3.131000 29.920000
0.002441 -0.916504 0.366211 0.000000 0.000000 0.000000 -72.751465 -1.290894 -37.578735 -2.862000 2.140000 3.157000 29.910000
0.002930 -0.916504 0.366211 0.000000 0.000000 0.000000 -72.751465 -1.290894 -37.578735 -2.861000 2.153000 3.162000 29.920000
0.001953 -0.916992 0.365723 0.000000 0.000000 0.000000 -72.756958 -1.290894 -37.578735 -2.873000 2.142000 3.146000 29.880000
0.002441 -0.917480 0.366211 0.000000 0.000000 0.000000 -72.751465 -1.290894 -37.578735 -2.872000 2.137000 3.166000 29.810000
0.002441 -0.916504 0.366699 -0.244141 0.000000 0.000000 -72.756958 -1.290894 -37.578735 -2.864000 2.154000 3.152000 29.760000
0.002441 -0.916992 0.366211 0.061035 0.000000 0.000000 -72.756958 -1.290894 -37.578735 -2.864000 2.148000 3.145000 29.880000
