-0.157227 0.332031 0.938477 -0.061035 0.000000 0.000000 24.439087 3.565063 133.989258 4.998000 -5.275000 -2.141000 31.230000
-0.158203 0.332031 0.937988 -0.061035 -0.061035 0.000000 24.433594 3.565063 133.994751 5.001000 -5.285000 -2.143000 31.220000
-0.157227 0.331055 0.938477 0.122070 0.000000 0.000000 24.433594 3.565063 133.994751 4.991000 -5.280000 -2.148000 31.250000
-0.157227 0.332031 0.938477 0.061035 0.000000 0.000000 24.428101 3.565063 134.000244 4.993000 -5.265000 -2.137000 31.290000
-0.158203 0.332031 0.938477 -0.061035 0.000000 0.000000 24.422607 3.565063 134.005737 5.001000 -5.273000 -2.127000 31.230000
-0.157715 0.331055 0.937988 0.000000 0.000000 0.000000 24.417114 3.570557 134.005737 5.000000 -5.271000 -2.169000 31.240000
-0.157715 0.331543 0.937988 0.122070 -0.061035 0.000000 24.417114 3.570557 134.011230 5.010000 -5.275000 -2.164000 31.230000
-0.157227 0.332031 0.938477 -0.061035 0.000000 0.000000 24.417114 3.565063 134.011230 5.008000 -5.272000 -2.151000 31.300000
-0.157715 0.332031 0.938965 -0.061035 0.000000 0.000000 24.411621 3.565063 134.016724 5.008000 -5.266000 -2.139000 31.260000
-0.157227 0.331055 0.937988 0.000000 0.000000 0.000000 24.406128 3.570557 134.016724 5.006000 -5.271000 -2.160000 31.250000
-0.158203 0.331055 0.937988 -0.244141 0.061035 0.000000 24.400635 3.570557 134.027710 5.016000 -5.276000 -2.162000 31.260000
-0.157715 0.331543 0.938477 -0.061035 0.000000 0.000000 24.395142 3.570557 134.027710 5.011000 -5.281000 -2.163000 31.250000
-0.157715 0.331055 0.938477 0.000000 0.000000 0.000000 24.395142 3.570557 134.027710 5.008000 -5.277000 -2.172000 31.270000
-0.158203 0.331543 0.938477 0.000000 0.000000 0.000000 24.384155 3.570557 134.033203 5.013000 -5.284000 -2.170000 31.260000
-0.157227 0.331543 0.938477 0.305176 0.000000 0.000000 24.384155 3.576050 134.033203 5.006000 -5.279000 -2.159000 31.230000
-0.157715 0.330566 0.938477 0.000000 0.000000 0.000000 24.378662 3.576050 134.038696 5.001000 -5.294000 -2.153000 31.240000
-0.157227 0.331543 0.937988 0.061035 0.000000 0.000000 24.373169 3.576050 134.038696 4.988000 -5.296000 -2.133000 31.260000
-0.157715 0.331055 0.937988 0.122070 0.000000 0.000000 24.373169 3.576050 134.038696 4.964000 -5.307000 -2.144000 31.240000
-0.157715 0.332031 0.937988 0.000000 0.000000 0.000000 24.373169 3.576050 134.038696 4.952000 -5.304000 -2.126000 31.260000
-0.157715 0.331055 0.937988 0.061035 0.000000 0.000000 24.373169 3.576050 134.044189 4.948000 -5.297000 -2.134000 31.280000
-0.157715 0.330566 0.937988 0.000000 0.000000 0.000000 24.367676 3.576050 134.044189 4.943000 -5.307000 -2.158000 31.250000
-0.157715 0.331055 0.937500 0.000000 0.000000 0.000000 24.362183 3.576050 134.044189 4.955000 -5.308000 -2.128000 31.220000
-0.157715 0.331055 0.937500 0.061035 0.000000 0.000000 24.362183 3.576050 134.044189 4.948000 -5.300000 -2.174000 31.230000
-0.157715 0.331055 0.938477 0.000000 0.000000 0.000000 24.362183 3.576050 134.044189 4.963000 -5.307000 -2.145000 31.270000
-0.157715 0.330078 0.938477 0.000000 0.000000 0.000000 24.356689 3.576050 134.049683 4.966000 -5.304000 -2.142000 31.270000
-0.157715 0.330566 0.937988 0.000000 0.000000 0.000000 24.351196 3.576050 134.049683 4.969000 -5.313000 -2.141000 31.300000
-0.157715 0.331055 0.937988 0.061035 0.000000 0.000000 24.345703 3.576050 134.049683 4.957000 -5.302000 -2.133000 31.240000
-0.158203 0.331055 0.938477 0.000000 0.000000 0.000000 24.345703 3.576050 134.049683 4.958000 -5.300000 -2.162000 31.260000
-0.158203 0.330566 0.938477 0.000000 0.000000 0.000000 24.345703 3.576050 134.049683 4.952000 -5.304000 -2.157000 31.270000
-0.157227 0.331055 0.938477 0.000000 0.000000 0.000000 24.345703 3.570557 134.049683 4.962000 -5.300000 -2.159000 31.230000
-0.158203 0.331055 0.938477 0.000000 0.000000 0.000000 24.345703 3.570557 134.055176 4.964000 -5.313000 -2.163000 31.240000
-0.157715 0.330566 0.939453 0.000000 0.000000 0.000000 24.345703 3.570557 134.055176 4.953000 -5.302000 -2.163000 31.260000
-0.157227 0.330566 0.938477 0.000000 0.000000 0.000000 24.340210 3.570557 134.055176 4.961000 -5.301000 -2.159000 31.280000
-0.157227 0.330078 0.938477 0.305176 -0.122070 0.000000 24.345703 3.570557 134.055176 4.963000 -5.301000 -2.152000 31.230000
-0.158203 0.331055 0.938965 0.122070 -0.061035 0.000000 24.351196 3.570557 134.055176 4.958000 -5.299000 -2.167000 31.280000
-0.158203 0.331055 0.938477 0.000000 0.000000 0.000000 24.345703 3.570557 134.055176 4.950000 -5.286000 -2.143000 31.260000
-0.158691 0.331055 0.938477 -0.061035 0.000000 0.000000 24.345703 3.570557 134.055176 4.968000 -5.295000 -2.178000 31.280000
-0.157715 0.330566 0.937988 0.000000 0.000000 0.000000 24.345703 3.570557 134.055176 4.966000 -5.302000 -2.153000 31.260000
-0.158203 0.330078 0.938477 0.061035 0.000000 0.000000 24.345703 3.570557 134.055176 4.962000 -5.292000 -2.172000 31.310000
-0.158203 0.330078 0.937988 0.000000 0.000000 0.000000 24.340210 3.570557 134.055176 4.954000 -5.295000 -2.151000 31.260000
0.506836 0.537109 0.928223 -31.127930 -21.423340 48.889160 23.851318 2.801514 134.824219 4.887000 -5.339000 -2.144000 31.300000
0.047363 0.340332 0.892090 -26.123047 -0.488281 2.014160 27.542725 3.784790 134.912109 4.880000 -5.438000 -1.945000 31.260000
-0.032715 0.188477 1.014160 -112.426758 -126.586914 65.734863 26.032104 -3.142090 135.774536 4.590000 -5.474000 -2.174000 31.280000
-0.103516 0.274414 0.968262 5.737305 13.000488 -0.732422 21.115723 -4.246216 134.846191 4.481000 -5.245000 -2.863000 31.290000
-0.043457 0.248047 0.977051 -1.037598 -7.873535 -35.827637 20.709229 -2.796021 132.242432 4.567000 -5.165000 -2.964000 31.260000
-0.123535 0.290039 0.959961 -8.544922 -0.244141 -0.061035 21.670532 1.708374 133.445435 4.851000 -5.147000 -2.555000 31.270000
-0.126465 0.290039 0.958008 -1.831055 -0.244141 0.061035 22.104492 1.779785 133.555298 4.999000 -5.144000 -2.526000 31.310000
-0.127930 0.291992 0.956055 -0.305176 0.305176 0.000000 22.104492 1.873169 133.599243 5.018000 -5.340000 -2.512000 31.300000
-0.128906 0.291504 0.956543 0.061035 0.488281 0.000000 22.098999 1.944580 133.665161 5.019000 -5.373000 -2.520000 31.280000
-0.131836 0.291016 0.952148 -0.671387 -0.366211 0.671387 22.093506 1.994019 133.736572 5.024000 -5.376000 -2.501000 31.290000
-0.095215 0.275391 0.961426 6.713867 -15.319824 9.216309 21.093750 0.186768 134.214478 4.905000 -5.005000 -2.654000 31.290000
-0.067871 0.269043 0.973145 -6.347656 5.615234 -0.061035 20.857544 -0.867920 134.423218 4.674000 -5.202000 -2.698000 31.290000
-0.104492 0.257324 0.967285 -20.324707 -3.295898 -3.295898 19.462280 -0.120850 134.044189 4.736000 -5.317000 -2.768000 31.300000
-0.102539 0.220703 0.986816 -1.342773 -5.676270 -0.183105 17.358398 -0.774536 133.615723 4.686000 -5.130000 -2.851000 31.300000
-0.077637 0.208984 0.984863 -10.559082 -1.647949 -5.554199 17.336426 -0.867920 133.390503 4.673000 -5.042000 -3.046000 31.310000
0.078613 0.198242 1.026367 -9.765625 -8.422852 -2.746582 17.682495 -0.889893 133.626709 4.676000 -5.048000 -3.083000 31.290000
-0.031738 0.266113 0.954102 6.896973 26.672363 25.329590 16.770630 -2.504883 133.593750 4.744000 -5.083000 -3.235000 31.310000
-0.109863 0.273926 0.954590 8.056641 14.953613 -9.094238 19.945679 0.587769 134.230957 4.657000 -4.951000 -2.892000 31.310000
-0.114258 0.259766 0.969238 -2.807617 2.502441 -0.488281 20.264282 0.994263 134.197998 4.588000 -4.942000 -2.771000 31.300000
-0.115723 0.262695 0.965820 -2.075195 0.854492 -0.244141 20.137939 1.104126 134.219971 4.614000 -4.932000 -2.733000 31.280000
-0.119141 0.263672 0.965820 -0.671387 0.732422 -0.244141 20.181885 1.241455 134.225464 4.733000 -4.927000 -2.682000 31.270000
-0.122070 0.271973 0.942383 -51.330566 -2.807617 4.333496 20.181885 1.329346 134.181519 4.751000 -4.940000 -2.683000 31.310000
-0.124023 0.267090 0.954102 12.084961 1.708984 0.732422 19.879761 1.362305 134.181519 4.658000 -4.949000 -2.706000 31.300000
-0.122559 0.257812 0.969238 -3.784180 0.549316 -0.549316 20.083008 1.444702 134.192505 4.699000 -4.951000 -2.737000 31.260000
-0.122070 0.264648 0.964844 0.671387 0.305176 0.000000 20.165405 1.466675 134.176025 4.759000 -4.930000 -2.669000 31.330000
-0.122070 0.263672 0.964844 0.122070 0.122070 0.000000 20.203857 1.499634 133.917847 4.863000 -4.921000 -2.679000 31.310000
-0.122070 0.263672 0.966309 -0.122070 0.122070 0.000000 20.203857 1.510620 133.840942 5.006000 -4.940000 -2.681000 31.310000
-0.123047 0.264160 0.965820 0.305176 0.061035 0.061035 20.209351 1.516113 133.764038 4.916000 -4.932000 -2.674000 31.300000
-0.122070 0.264160 0.965820 -0.183105 0.061035 0.000000 20.209351 1.527100 133.676147 5.014000 -4.933000 -2.658000 31.340000
-0.122070 0.263672 0.966309 0.122070 0.061035 0.000000 20.209351 1.538086 133.582764 5.005000 -4.933000 -2.658000 31.330000
-0.123047 0.263184 0.964844 0.000000 0.061035 0.000000 20.203857 1.549072 133.467407 4.974000 -4.936000 -2.664000 31.280000
-0.122559 0.263672 0.964355 0.061035 0.000000 0.000000 20.203857 1.554565 133.390503 4.997000 -4.931000 -2.690000 31.330000
-0.123047 0.264160 0.965332 0.000000 0.000000 0.000000 20.203857 1.560059 133.390503 4.772000 -4.930000 -2.667000 31.300000
-0.123047 0.263672 0.965820 0.000000 0.061035 0.000000 20.198364 1.565552 133.423462 4.880000 -4.944000 -2.657000 31.330000
-0.123047 0.264160 0.965820 0.000000 0.061035 0.000000 20.198364 1.571045 133.456421 5.005000 -4.942000 -2.674000 31.320000
-0.123535 0.263672 0.964355 -0.122070 0.000000 0.000000 20.198364 1.576538 133.516846 5.034000 -4.925000 -2.686000 31.280000
-0.124023 0.263672 0.965332 -0.061035 0.000000 0.000000 20.192871 1.582031 133.544312 4.941000 -4.932000 -2.703000 31.320000
-0.124023 0.263672 0.964844 0.061035 0.000000 0.000000 20.192871 1.587524 133.566284 4.988000 -4.943000 -2.664000 31.300000
-0.124512 0.263184 0.964355 0.000000 0.000000 0.000000 20.192871 1.587524 133.588257 5.031000 -4.942000 -2.675000 31.290000
-0.124023 0.263184 0.965820 0.000000 0.000000 0.000000 20.187378 1.593018 133.610229 4.961000 -4.947000 -2.656000 31.310000
-0.124023 0.262695 0.964844 -0.061035 0.000000 0.000000 20.170898 1.604004 133.670654 4.970000 -4.942000 -2.677000 31.300000
-0.124512 0.263672 0.965332 -0.122070 0.061035 0.000000 20.165405 1.609497 133.687134 4.932000 -4.946000 -2.678000 31.320000
-0.124512 0.263184 0.964844 -0.061035 0.000000 0.000000 20.165405 1.614990 133.703613 4.945000 -4.945000 -2.700000 31.310000
-0.124512 0.263672 0.964844 0.000000 0.000000 0.000000 20.165405 1.614990 133.720093 5.016000 -4.938000 -2.674000 31.320000
-0.122070 0.270996 0.953613 -41.748047 2.197266 -3.173828 19.709473 1.647949 133.665161 5.043000 -4.946000 -2.710000 31.340000
-0.087402 0.178223 0.992188 -8.605957 -6.286621 4.455566 16.913452 1.043701 133.676147 4.752000 -5.070000 -2.947000 31.340000
-0.094238 0.145996 0.992188 -2.685547 -5.859375 1.525879 16.023560 0.340576 133.851929 4.625000 -5.121000 -3.096000 31.330000
-0.080566 0.124023 0.987305 -10.803223 -17.272949 1.892090 14.293213 -0.104370 133.786011 4.633000 -4.737000 -3.271000 31.340000
-0.046875 0.116211 0.994629 -9.765625 -26.550293 6.896973 13.282471 -1.730347 133.868408 4.728000 -4.720000 -3.447000 31.320000
-0.025391 0.106445 1.005371 -13.183594 -14.099121 0.671387 11.799316 -2.790527 133.775024 4.465000 -4.806000 -3.626000 31.370000
-0.024414 0.097168 1.003418 -0.427246 -1.892090 0.610352 10.969849 -3.944092 134.296875 4.409000 -4.861000 -3.829000 31.290000
-0.021973 0.097656 1.004395 -3.112793 2.807617 0.427246 10.964355 -4.031982 134.384766 4.416000 -4.874000 -3.864000 31.350000
-0.020996 0.093750 1.004883 0.305176 -0.488281 0.061035 10.706177 -3.977051 134.598999 4.426000 -4.804000 -3.838000 31.320000
-0.022949 0.096191 1.003906 0.122070 -1.953125 0.366211 10.772095 -4.026489 134.692383 4.423000 -4.801000 -3.840000 31.320000
-0.019531 0.094238 1.004395 -0.366211 1.220703 0.549316 10.711670 -4.202271 134.730835 4.428000 -4.835000 -3.841000 31.320000
-0.028320 0.102539 1.000488 -0.793457 -2.258301 1.586914 10.898438 -4.010010 135.010986 4.436000 -4.858000 -3.844000 31.340000
-0.019043 0.097168 1.004395 0.183105 -2.014160 0.427246 10.744629 -4.218750 135.296631 4.466000 -4.845000 -3.851000 31.340000
-0.016602 0.099609 1.004395 0.183105 -1.647949 5.126953 10.859985 -4.334106 135.346069 4.491000 -4.838000 -3.853000 31.340000
-0.029785 0.100098 0.997559 0.244141 -2.868652 1.037598 10.761108 -3.927612 135.845947 4.487000 -4.809000 -3.835000 31.350000
-0.018066 0.095703 1.004395 -1.464844 3.112793 1.403809 10.519409 -4.246216 135.780029 4.509000 -4.817000 -3.858000 31.380000
-0.018066 0.098633 1.004395 -0.976562 0.915527 0.671387 10.612793 -4.345093 135.922852 4.522000 -4.800000 -3.863000 31.340000
-0.018555 0.097168 1.003418 0.549316 0.305176 0.488281 10.634766 -4.268188 135.911865 4.517000 -4.797000 -3.871000 31.320000
-0.013184 0.097656 1.003906 7.568359 -0.488281 1.403809 10.590820 -4.350586 135.911865 4.530000 -4.782000 -3.870000 31.340000
-0.013184 0.110840 1.002441 1.586914 -1.342773 0.488281 10.876465 -4.416504 135.950317 4.449000 -4.763000 -3.863000 31.360000
-0.016602 0.109863 1.002930 -1.586914 -0.366211 0.305176 11.239014 -4.581299 136.082153 4.126000 -4.736000 -3.826000 31.330000
-0.035645 0.122559 0.997559 21.606445 13.793945 4.150391 12.046509 -3.784790 136.538086 4.068000 -4.713000 -3.802000 31.330000
-0.018555 0.144531 0.995117 -20.996094 -3.906250 -19.653320 12.535400 -4.213257 135.532837 4.322000 -4.692000 -3.765000 31.360000
-0.026367 0.116699 0.997070 5.676270 -8.300781 -0.610352 11.392822 -4.257202 135.604248 4.461000 -4.831000 -3.674000 31.380000
-0.020996 0.111816 0.999023 -10.131836 8.239746 -0.732422 10.953369 -4.169312 135.373535 4.501000 -4.737000 -3.766000 31.340000
-0.043945 0.099121 1.001465 1.159668 12.268066 1.770020 10.519409 -2.955322 135.582275 4.504000 -4.755000 -3.816000 31.380000
-0.056152 0.078613 1.008301 0.793457 1.647949 1.159668 10.057983 -2.477417 136.142578 4.433000 -4.796000 -3.777000 31.380000
-0.049316 0.093750 1.001953 -4.150391 11.230469 5.126953 9.656982 -2.186279 136.631470 4.435000 -4.792000 -3.797000 31.380000
-0.040039 0.086914 1.004395 2.868652 -12.145996 0.061035 10.090942 -2.768555 136.664429 4.468000 -4.769000 -3.781000 31.380000
-0.040039 0.087402 1.005371 -0.610352 4.577637 0.549316 9.794312 -3.191528 136.565552 4.512000 -4.778000 -3.837000 31.410000
-0.036621 0.087402 1.006348 -0.183105 -2.441406 0.244141 9.849243 -3.208008 136.538086 4.509000 -4.777000 -3.839000 31.400000
-0.044922 0.086426 1.003906 -0.671387 4.150391 1.586914 9.816284 -3.268433 136.543579 4.521000 -4.778000 -3.866000 31.380000
-0.052246 0.085449 1.002930 -1.220703 3.906250 1.647949 9.739380 -3.032227 136.587524 4.515000 -4.764000 -3.832000 31.420000
-0.051758 0.083496 1.004395 0.244141 -2.014160 0.549316 9.656982 -2.620239 136.713867 4.502000 -4.771000 -3.835000 31.410000
-0.049805 0.083984 1.003906 0.549316 -0.915527 0.305176 9.552612 -2.609253 136.801758 4.510000 -4.774000 -3.822000 31.420000
-0.048340 0.084961 1.004395 -0.061035 -0.732422 0.183105 9.574585 -2.724609 136.774292 4.510000 -4.756000 -3.823000 31.410000
-0.038086 0.079102 1.001953 -0.976562 5.432129 3.601074 9.250488 -3.312378 136.889648 4.083000 -4.783000 -3.887000 31.390000
-0.041016 0.079590 1.007812 -0.305176 9.033203 3.295898 9.266968 -3.246460 137.427979 4.066000 -4.759000 -3.868000 31.440000
-0.061035 0.078125 0.999512 0.244141 0.488281 0.610352 9.223022 -2.153320 137.807007 4.326000 -4.750000 -3.824000 31.410000
-0.045410 0.077637 1.006348 -0.976562 -7.629395 -0.610352 9.201050 -2.850952 137.724609 4.117000 -4.754000 -3.844000 31.420000
-0.046875 0.078125 1.005859 0.610352 5.737305 1.037598 9.190063 -2.801514 137.823486 4.076000 -4.748000 -3.847000 31.440000
-0.038086 0.079102 1.005859 -0.244141 -2.441406 0.488281 9.239502 -3.070679 138.037720 4.079000 -4.748000 -3.846000 31.410000
-0.035645 0.079102 1.005859 -0.427246 -3.723145 0.000000 9.239502 -3.251953 138.087158 4.092000 -4.738000 -3.885000 31.410000
-0.044922 0.081055 1.003906 0.000000 2.807617 0.549316 9.234009 -3.350830 138.114624 4.106000 -4.738000 -3.917000 31.450000
-0.041016 0.080078 1.004883 0.732422 2.685547 0.671387 9.277954 -2.949829 138.229980 4.082000 -4.737000 -3.841000 31.450000
-0.024902 0.077148 1.002930 -0.488281 -4.150391 -0.122070 9.266968 -3.103638 138.246460 4.078000 -4.736000 -3.869000 31.470000
-0.003906 0.048340 1.010254 -5.737305 5.187988 0.793457 7.888184 -4.674683 138.554077 4.202000 -4.775000 -4.009000 31.440000
-0.020020 0.044434 1.003906 1.220703 0.488281 0.305176 7.272949 -5.015259 138.526611 4.244000 -4.830000 -4.104000 31.470000
-0.013672 0.044922 1.009277 -0.488281 -0.061035 0.305176 7.239990 -4.432983 138.581543 4.231000 -4.840000 -4.091000 31.480000
-0.021484 0.046875 1.006836 0.854492 1.464844 0.732422 7.256470 -4.581299 138.581543 4.223000 -4.851000 -4.116000 31.470000
-0.022461 0.046875 1.008789 0.061035 3.662109 0.427246 7.311401 -4.207764 138.652954 4.210000 -4.843000 -4.074000 31.460000
-0.026367 0.050293 1.004395 -0.244141 0.610352 4.516602 7.602539 -3.735352 138.949585 4.181000 -4.818000 -4.047000 31.490000
-0.024414 0.056641 1.005371 0.976562 -4.455566 1.708984 7.816772 -4.169312 139.411011 4.237000 -4.771000 -4.027000 31.490000
-0.001953 0.053223 1.007812 -0.427246 -13.427734 4.638672 7.855225 -5.262451 139.795532 3.951000 -4.721000 -4.064000 31.480000
0.012207 0.055176 1.009766 3.295898 2.502441 3.112793 8.415527 -5.520630 140.251465 3.918000 -4.725000 -4.067000 31.520000
0.004395 0.073730 1.006348 11.413574 -9.399414 22.705078 9.250488 -5.498657 141.635742 3.786000 -5.019000 -3.987000 31.500000
-0.025391 0.051270 1.011230 -106.140137 24.719238 -28.747559 11.793823 -2.471924 137.592773 4.083000 -4.957000 -3.758000 31.520000
-0.037598 0.070312 1.008301 -5.249023 6.469727 19.287109 8.624268 -3.565063 139.471436 4.166000 -4.739000 -3.930000 31.490000
-0.046387 0.070801 1.005859 -1.220703 -2.868652 -1.525879 8.470459 -3.526611 139.630737 4.137000 -4.707000 -3.978000 31.500000
-0.053223 0.095215 0.986328 7.263184 15.258789 -13.854980 8.525391 -2.872925 138.037720 4.149000 -4.753000 -3.974000 31.510000
-0.066406 0.139160 0.998047 -4.272461 16.479492 -14.160156 12.255249 -1.713867 137.136841 4.440000 -4.973000 -3.686000 31.520000
-0.070801 0.134766 0.997070 -1.098633 1.037598 -0.854492 12.255249 -1.549072 136.977539 4.454000 -5.114000 -3.526000 31.530000
-0.073242 0.133301 0.997559 -0.732422 0.610352 -0.427246 12.183838 -1.483154 136.994019 4.440000 -5.113000 -3.535000 31.520000
-0.073242 0.129883 0.998047 -0.427246 0.183105 -0.366211 12.106934 -1.433716 136.988525 4.432000 -5.114000 -3.538000 31.530000
-0.074219 0.125488 1.000000 -1.342773 0.610352 -0.366211 11.964111 -1.351318 136.983032 4.416000 -5.035000 -3.549000 31.570000
-0.075195 0.127441 0.998535 -0.427246 0.122070 -0.183105 11.947632 -1.323853 136.950073 4.414000 -4.908000 -3.561000 31.520000
-0.075684 0.125000 0.999023 -0.366211 0.061035 0.000000 11.892700 -1.279907 136.823730 4.415000 -4.724000 -3.545000 31.540000
-0.076660 0.125488 0.999023 -0.427246 0.122070 -0.061035 11.876221 -1.263428 136.779785 4.420000 -4.714000 -3.572000 31.520000
-0.076660 0.125000 0.998047 -0.366211 0.000000 0.000000 11.859741 -1.246948 136.768799 4.404000 -4.771000 -3.587000 31.600000
-0.077148 0.124023 0.998535 -0.244141 0.061035 0.000000 11.843262 -1.230469 136.730347 4.407000 -4.681000 -3.576000 31.520000
-0.077148 0.123535 0.998535 -0.366211 0.122070 0.000000 11.826782 -1.213989 136.675415 4.404000 -4.667000 -3.561000 31.550000
