0 0 0 0 0 0 0 0 0 0 0 0 0 0 0 0
0 0 0 0 0 0 0 0 0 0 0 0 0 0 0 0
0 0 0 0 0 0 0 0 0 0 0 0 0 0 0 0
0 0 0 0 0 0 0 0 0 0 0 0 0 0 0 0
0 0 0 0 0 0 0 0 0 0 0 0 0 0 0 0
0 0 0 0 0 0 0 0 0 0 0 0 0 0 0 0
0 0 0 0 0 0 0 0 0 0 0 0 0 0 0 0
0 0 0 0 0 0 0 0 0 0 0 0 0 0 0 0
0 0 0 0 0 0 0 0 0 0 0 0 0 0 0 0
0 0 0 0 0 0 0 0 0 0 0 0 0 0 0 0
0 0 0 0 0 0 0 0 0 0 0 0 0 0 0 0
0 0 0 0 0 0 0 0 0 0 0 0 0 0 0 0
0 0 0 0 0 0 0 0 0 0 0 0 0 0 0 0
0 0 0 0 0 0 0 0 0 0 0 0 0 0 0 0
0 0 0 0 0 0 0 0 0 0 0 0 0 0 0 0
0 0 0 0 0 0 0 0 0 0 0 0 0 0 0 0
0 0 0 0 0 0 0 0 0 0 0 0 0 0 0 0
0 0 0 0 0 0 0 0 0 0 0 0 0 0 0 0
0 0 0 0 0 0 0 0 0 0 0 0 0 0 0 0
0 0 0 0 0 0 0 0 0 0 0 0 0 0 0 0
0 0 0 0 0 0 0 0 0 0 0 0 0 0 0 0
0 0 0 0 0 0 0 0 0 0 0 0 0 0 0 0
0 0 0 0 0 0 0 0 0 0 0 0 0 0 0 0
0 0 0 0 0 0 0 0 0 0 0 0 0 0 0 0
0 0 0 0 0 0 0 0 0 0 0 0 0 0 0 0
0 0 0 0 0 0 0 0 0 0 0 0 0 0 0 0
0 0 0 0 0 0 0 0 0 0 0 0 0 0 0 0
0 0 0 0 0 0 0 0 0 0 0 0 0 0 0 0
0 0 0 0 0 0 0 0 0 0 0 0 0 0 0 0
0 0 0 0 0 0 0 0 0 0 0 0 0 0 0 0
0 0 0 0 0 0 0 0 0 0 0 0 0 0 0 0
0 0 0 0 0 0 0 0 0 0 0 0 0 0 0 0
0 0 0 0 0 0 0 0 0 0 0 0 0 0 0 0
0 0 0 0 0 0 0 0 0 0 0 0 0 0 0 0
0 0 0 0 0 0 0 0 0 0 0 0 0 0 0 0
0 0 0 0 0 0 0 0 0 0 0 0 0 0 0 0
0 0 0 0 0 0 0 0 0 0 0 0 0 0 0 0
0 0 0 0 0 0 0 0 0 0 0 0 0 0 0 0
0 0 0 0 0 0 0 0 0 0 0 0 0 0 0 0
0 0 0 0 0 0 0 0 0 0 0 0 0 0 0 0
0 0 0 0 0 0 0 0 0 0 0 0 0 0 0 0
0 0 0 0 0 0 0 0 0 0 0 0 0 0 0 0
0 0 0 0 0 0 0 0 0 0 0 0 0 0 0 0
0 0 0 0 0 0 0 0 0 0 0 0 0 0 0 0
0 0 0 0 0 0 0 0 0 0 0 0 0 0 0 0
0 0 0 0 0 0 0 0 0 0 0 0 0 0 0 0
0 0 0 0 0 0 0 0 0 0 0 0 0 0 0 0
0 0 0 0 0 0 0 0 0 0 0 0 0 0 0 0
0 0 0 0 0 0 0 0 0 0 0 0 0 0 0 0
0 0 0 0 0 0 0 0 0 0 0 0 0 0 0 0
0 0 0 0 0 0 0 0 0 0 0 0 0 0 0 0
0 0 0 0 0 0 0 0 0 0 0 0 0 0 0 0
0 0 0 0 0 0 0 0 0 0 0 0 0 0 0 0
0 0 0 0 0 0 0 0 0 0 0 0 0 0 0 0
0 0 0 0 0 0 0 0 0 0 0 0 0 0 0 0
0 0 0 0 0 0 0 0 0 0 0 0 0 0 0 0
0 0 0 0 0 0 0 0 0 0 0 0 0 0 0 0
0 0 0 0 0 0 0 0 0 0 0 0 0 0 0 0
0 0 0 0 0 0 0 0 0 0 0 0 0 0 0 0
0 0 0 0 0 0 0 0 0 0 0 0 0 0 0 0
0 0 0 0 0 0 0 0 0 0 0 0 0 0 0 0
0 0 0 0 0 0 0 0 0 0 0 0 0 0 0 0
0 0 0 0 0 0 0 0 0 0 0 0 0 0 0 0
0 0 0 0 0 0 0 0 0 0 0 0 0 0 0 0
0 0 0 0 0 0 0 0 0 0 0 0 0 0 0 0
0 0 0 0 0 0 0 0 0 0 0 0 0 0 0 0
0 0 0 0 0 0 0 0 0 0 0 0 0 0 0 0
0 0 0 0 0 0 0 0 0 0 0 0 0 0 0 0
0 0 0 0 0 0 0 0 0 0 0 0 0 0 0 0
0 0 0 0 0 0 0 0 0 0 0 0 0 0 0 0
0 0 0 0 0 0 0 0 0 0 0 0 0 0 0 0
0 0 0 0 0 0 0 0 0 0 0 0 0 0 0 0
0 0 0 0 0 0 0 0 0 0 0 0 0 0 0 0
0 0 0 0 0 0 0 0 0 0 0 0 0 0 0 0
0 0 0 0 0 0 0 0 0 0 0 0 0 0 0 0
0 0 0 0 0 0 0 0 0 0 0 0 0 0 0 0
0 0 0 0 0 0 0 0 0 0 0 0 0 0 0 0
0 0 0 0 0 0 0 0 0 0 0 0 0 0 0 0
0 0 0 0 0 0 0 0 0 0 0 0 0 0 0 0
0 0 0 0 0 0 0 0 0 0 0 0 0 0 0 0
0 0 0 0 0 0 0 0 0 0 0 0 0 0 0 0
0 0 0 0 0 0 0 0 0 0 0 0 0 0 0 0
0 0 0 0 0 0 0 0 0 0 0 0 0 0 0 0
0 0 0 0 0 0 0 0 0 0 0 0 0 0 0 0
0 0 0 0 0 0 0 0 0 0 0 0 0 0 0 0
0 0 0 0 0 0 0 0 0 0 0 0 0 0 0 0
0 0 0 0 0 0 0 0 0 0 0 0 0 0 0 0
0 0 0 0 0 0 0 0 0 0 0 0 0 0 0 0
0 0 0 0 0 0 0 0 0 0 0 0 0 0 0 0
0 0 0 0 0 0 0 0 0 0 0 0 0 0 0 0
0 0 0 0 0 0 0 0 0 0 0 0 0 0 0 0
0 0 0 0 0 0 0 0 0 0 0 0 0 0 0 0
0 0 0 0 0 0 0 0 0 0 0 0 0 0 0 0
0 0 0 0 12 33 0 0 0 0 0 0 0 0 0 0
81 0 0 2 48 59 15 0 5 4 0 7 0 0 0 0
95 0 0 0 37 53 10 0 11 6 0 22 0 0 0 0
106 0 0 0 37 41 16 0 6 4 0 29 0 0 0 0
119 0 0 0 47 51 33 8 12 2 1 37 0 0 0 0
167 13 0 0 44 42 26 25 11 5 2 28 0 0 0 0
215 32 0 0 43 22 36 16 5 3 0 21 0 0 0 0
283 32 0 0 44 32 38 16 8 6 0 23 0 0 0 0
320 36 0 0 47 28 36 31 4 3 6 27 0 0 0 0
363 45 0 0 47 19 30 36 0 4 3 19 0 0 0 0
368 35 0 0 40 24 31 24 1 5 1 18 0 0 0 0
376 16 0 0 46 16 22 22 0 2 0 11 0 0 0 0
421 21 0 0 46 16 22 20 0 0 0 6 0 0 0 0
449 29 0 0 43 20 16 20 0 2 0 6 0 0 0 0
462 29 0 0 43 16 8 24 1 0 0 8 0 0 0 0
469 28 0 0 48 16 10 13 0 0 0 8 0 0 0 0
490 27 0 0 46 20 3 4 0 0 0 5 0 0 0 0
501 30 0 0 44 15 1 1 0 0 0 3 0 0 0 0
510 28 0 0 44 11 0 1 0 0 0 3 0 0 0 0
504 22 0 0 37 19 0 0 0 0 0 0 0 0 0 0
487 22 0 0 34 15 0 0 0 0 0 0 0 0 0 0
482 21 0 0 40 12 0 0 0 2 0 0 0 0 0 0
487 15 0 0 43 9 0 0 0 0 0 0 0 0 0 0
482 8 0 0 40 10 0 0 0 0 0 0 0 0 0 0
520 12 0 0 34 9 0 0 0 0 0 0 0 0 0 0
534 4 0 0 28 11 0 0 0 0 0 0 0 0 0 0
553 5 0 0 28 9 0 0 0 0 0 0 0 0 0 0
547 9 0 0 32 10 0 0 0 0 0 0 0 0 0 0
532 8 0 0 26 9 0 0 0 0 0 0 0 0 0 0
510 4 0 0 28 13 0 0 0 0 0 0 0 0 0 0
470 7 0 0 23 11 0 0 0 0 0 0 0 0 0 0
250 2 0 0 27 12 0 0 0 0 0 0 0 0 0 0
78 1 0 0 20 10 0 0 0 0 0 0 0 0 0 0
23 0 0 0 22 14 0 0 0 0 0 0 0 0 0 0
9 0 0 0 16 5 0 0 0 0 0 0 0 0 0 0
5 0 0 0 25 21 0 0 0 0 0 0 0 0 0 0
32 0 0 0 3 16 0 0 0 0 0 0 0 0 0 0
37 0 0 0 0 2 0 0 0 0 0 0 0 0 0 0
22 0 0 0 0 0 0 0 0 0 0 0 0 0 0 0
16 0 0 0 0 0 0 0 0 0 0 0 0 0 0 0
17 0 0 0 0 0 0 0 0 0 0 0 0 0 0 0
5 0 0 0 0 0 0 0 0 0 0 0 0 0 0 0
0 0 0 0 0 0 0 0 0 0 0 0 0 0 0 0
30 0 0 0 0 0 0 0 0 0 0 0 0 0 0 0
121 0 0 0 0 0 0 0 0 0 0 0 0 0 0 0
176 28 0 0 0 0 0 0 0 0 0 0 0 0 0 0
226 23 0 0 0 0 0 0 0 0 0 0 0 0 0 0
291 25 0 0 0 0 0 0 0 0 0 0 0 0 0 0
346 32 0 0 2 0 0 0 0 0 0 0 0 0 0 0
387 29 0 0 4 0 0 0 0 0 0 0 0 0 0 0
437 29 0 0 4 0 0 0 0 0 0 0 0 0 0 0
492 26 0 0 3 0 0 0 0 0 0 0 0 0 0 0
533 22 0 0 1 0 0 0 0 0 0 0 0 0 0 0
514 18 0 0 2 0 0 0 0 0 0 0 0 0 0 0
528 21 0 0 3 0 0 0 0 0 0 0 0 0 0 0
569 21 0 0 2 0 0 0 0 0 0 0 0 0 0 0
579 22 0 0 3 0 0 0 0 0 0 0 0 0 0 0
583 22 0 0 2 1 0 0 0 0 0 0 0 0 0 0
560 34 0 0 4 0 0 0 0 0 0 0 0 0 0 0
563 46 0 0 9 1 0 0 0 0 0 0 0 0 0 0
575 41 3 0 7 0 0 0 0 0 0 0 0 0 0 0
588 46 5 0 6 5 0 0 0 0 0 0 0 0 0 0
599 37 5 0 5 4 0 0 0 0 0 0 0 0 0 0
603 39 4 0 5 5 0 0 0 0 0 0 0 0 0 0
592 39 3 0 3 5 0 0 0 0 0 0 0 0 0 0
596 42 2 0 3 4 0 0 0 0 0 0 0 0 0 0
612 39 2 0 2 1 0 0 0 0 0 0 0 0 0 0
610 33 2 0 0 5 0 0 0 0 0 0 0 0 0 0
614 31 2 0 0 4 0 0 0 0 0 0 0 0 0 0
601 26 4 0 1 4 0 0 0 0 0 0 0 0 0 0
611 32 3 0 0 6 0 0 0 0 0 0 0 0 0 0
611 29 5 0 0 3 0 0 0 0 0 0 0 0 0 0
624 27 2 0 4 5 0 0 0 0 0 0 0 0 0 0
617 13 1 0 1 4 0 0 0 0 0 0 0 0 0 0
614 11 0 0 2 4 0 0 0 0 0 0 0 0 0 0
628 2 0 0 3 3 0 0 0 0 0 0 0 0 0 0
624 7 0 0 0 2 0 0 0 0 0 0 0 0 0 0
597 5 0 0 0 4 0 0 0 0 0 0 0 0 0 0
536 10 0 0 0 0 0 0 0 0 0 0 0 0 0 0
446 6 0 0 0 0 0 0 0 0 0 0 0 0 0 0
345 11 0 0 3 1 0 0 0 0 0 0 0 0 0 0
288 6 0 0 16 0 0 0 0 0 0 0 0 0 0 0
233 6 0 0 14 2 0 0 0 0 0 0 0 0 0 0
138 2 0 0 22 3 0 0 0 0 0 0 0 0 0 0
105 2 0 0 24 3 0 0 0 0 0 0 0 0 0 0
61 5 0 0 15 8 0 0 1 0 0 0 0 0 0 0
21 0 0 0 12 9 0 0 0 0 0 0 0 0 0 0
31 0 0 0 5 4 0 0 0 0 0 0 0 0 0 0
36 0 0 0 0 5 0 0 0 0 0 0 0 0 0 0
7 0 0 0 0 0 0 0 0 0 0 0 0 0 0 0
7 0 0 0 0 0 0 0 0 0 0 0 0 0 0 0
0 0 0 0 0 0 0 0 0 0 0 0 0 0 0 0
0 0 0 0 0 0 0 0 0 0 0 0 0 0 0 0
11 0 0 0 0 0 0 0 0 0 0 0 0 0 0 0
7 0 0 0 0 0 0 0 0 0 0 0 0 0 0 0
16 0 0 0 0 0 0 0 0 0 0 0 0 0 0 0
16 0 0 0 0 0 0 0 0 0 0 0 0 0 0 0
30 0 0 0 0 0 0 0 0 0 0 0 0 0 0 0
31 0 0 0 0 0 0 0 0 0 0 0 0 0 0 0
5 0 0 0 0 0 0 0 0 0 0 0 0 0 0 0
8 0 0 0 0 0 0 0 0 0 0 0 0 0 0 0
2 0 0 0 0 0 0 0 0 0 0 0 0 0 0 0
12 0 0 0 0 0 0 0 0 0 0 0 0 0 0 0
31 0 0 0 0 0 0 0 0 0 0 0 0 0 0 0
41 0 0 0 0 0 0 0 0 0 0 0 0 0 0 0
78 0 0 0 0 0 0 0 0 0 0 0 0 0 0 0
108 0 0 0 0 0 0 0 0 0 0 0 0 0 0 0
142 0 0 0 0 0 0 0 0 0 0 0 0 0 0 0
177 0 0 0 0 0 0 0 0 0 0 0 0 0 0 0
261 0 0 0 0 0 0 0 0 0 0 0 0 0 0 0
349 0 0 0 0 0 0 0 0 0 0 0 0 0 0 0
407 0 0 0 0 0 0 0 0 0 0 0 0 0 0 0
451 0 0 0 0 0 0 0 0 0 0 0 0 0 0 0
485 0 0 0 0 0 0 0 0 0 0 0 0 0 0 0
490 0 0 0 0 0 0 0 0 0 0 0 0 0 0 0
520 0 0 0 0 0 0 0 0 0 0 0 0 0 0 0
544 0 0 0 0 0 0 0 0 0 0 0 0 0 0 0
562 0 0 0 0 0 0 0 0 0 0 0 0 0 0 0
580 0 0 0 0 0 0 0 0 0 0 0 0 0 0 0
583 0 0 0 0 0 0 0 0 0 0 0 0 0 0 0
602 0 0 0 0 0 0 0 0 0 0 0 0 0 0 0
624 0 0 0 0 0 0 0 0 0 0 0 0 0 0 0
698 0 0 0 0 0 0 0 0 0 0 0 0 0 0 0
769 0 0 0 0 0 0 0 0 0 0 0 0 0 0 0
793 0 0 0 0 0 0 0 0 0 0 0 0 0 0 0
814 0 0 0 0 0 0 0 0 0 0 0 0 0 0 0
843 0 0 0 0 0 0 0 0 0 0 0 0 0 0 0
859 0 0 0 0 0 0 0 0 0 0 0 0 0 0 0
889 0 0 0 0 0 0 0 0 0 0 0 0 0 0 0
906 0 0 0 0 0 0 0 0 0 0 0 0 0 0 0
934 0 0 0 0 0 0 0 0 0 0 0 0 0 0 0
942 0 0 0 0 0 0 0 0 0 0 0 0 0 0 0
954 0 0 0 0 0 0 0 0 0 0 0 0 0 0 0
981 0 0 0 0 0 0 0 0 0 0 0 0 0 0 0
987 0 0 0 0 0 0 0 0 0 0 0 0 0 0 0
981 0 0 0 0 0 0 0 0 0 0 0 0 0 0 0
1000 0 0 0 0 0 0 0 0 0 0 0 0 0 0 0
1011 0 0 0 0 0 0 0 0 0 0 0 0 0 0 0
1029 0 0 0 0 0 0 0 0 0 0 0 0 0 0 0
1027 0 0 0 0 0 0 0 0 0 0 0 0 0 0 0
1047 0 0 0 0 0 0 0 0 0 0 0 0 0 0 0
1049 0 0 0 0 0 0 0 0 0 0 0 0 0 0 0
1051 0 0 0 0 0 0 0 0 0 0 0 0 0 0 0
1050 0 0 0 0 0 0 0 0 0 0 0 0 0 0 0
1055 0 0 0 0 0 0 0 0 0 0 0 0 0 0 0
1067 0 0 0 0 0 0 0 0 0 0 0 0 0 0 0
1059 0 0 0 0 0 0 0 0 0 0 0 0 0 0 0
1055 0 0 0 0 0 0 0 0 0 0 0 0 0 0 0
1037 0 0 0 0 0 0 0 0 0 0 0 0 0 0 0
1012 0 0 0 0 0 0 0 0 0 0 0 0 0 0 0
963 0 0 0 0 0 0 0 0 0 0 0 0 0 0 0
871 0 0 0 0 0 0 0 0 0 0 0 0 0 0 0
732 0 0 0 0 0 0 0 0 0 0 0 0 0 0 0
632 0 0 0 0 0 0 0 0 0 0 0 0 0 0 0
485 0 0 0 0 0 0 0 0 0 0 0 0 0 0 0
294 0 0 0 0 0 0 0 0 0 0 0 0 0 0 0
136 0 0 0 0 0 0 0 0 0 0 0 0 0 0 0
60 0 0 0 0 0 0 0 0 0 0 0 0 0 0 0
0 0 0 0 0 0 0 0 0 0 0 0 0 0 0 0
0 0 0 0 0 0 0 0 0 0 0 0 0 0 0 0
0 0 0 0 0 0 0 0 0 0 0 0 0 0 0 0
0 0 0 0 0 0 0 0 0 0 0 0 0 0 0 0
0 0 0 0 0 0 0 0 0 0 0 0 0 0 0 0
0 0 0 0 0 0 0 0 0 0 0 0 0 0 0 0
0 0 0 0 0 0 0 0 0 0 0 0 0 0 0 0
0 0 0 0 0 0 0 0 0 0 0 0 0 0 0 0
0 0 0 0 0 0 0 0 0 0 0 0 0 0 0 0
5 0 0 0 0 0 0 0 0 0 0 0 0 0 0 0
48 0 0 0 0 0 0 0 0 0 0 0 0 0 0 0
82 0 0 0 0 0 0 0 0 0 0 0 0 0 0 0
94 0 0 0 0 0 0 0 0 0 0 0 0 0 0 0
90 0 0 0 0 0 0 0 0 0 0 0 0 0 0 0
79 0 0 0 0 0 0 0 0 0 0 0 0 0 0 0
71 0 0 0 0 0 0 0 0 0 0 0 0 0 0 0
80 0 0 0 0 0 0 0 0 0 0 0 0 0 0 0
73 0 0 0 0 0 0 0 0 0 0 0 0 0 0 0
70 0 0 0 0 0 0 0 0 0 0 0 0 0 0 0
70 0 0 0 0 0 0 0 0 0 0 0 0 0 0 0
42 0 0 0 0 0 0 0 0 0 0 0 0 0 0 0
53 0 0 0 0 0 0 0 0 0 0 0 0 0 0 0
51 0 0 0 0 0 0 0 0 0 0 0 0 0 0 0
60 0 0 0 0 0 0 0 0 0 0 0 0 0 0 0
73 0 0 0 0 0 0 0 0 0 0 0 0 0 0 0
80 0 0 0 0 0 0 0 0 0 0 0 0 0 0 0
92 0 0 0 0 0 0 0 0 0 0 0 0 0 0 0
97 0 0 0 0 0 0 0 0 0 0 0 0 0 0 0
106 0 0 0 0 0 0 0 0 0 0 0 0 0 0 0
112 0 0 0 0 0 0 0 0 0 0 0 0 0 0 0
119 0 0 0 0 0 0 0 0 0 0 0 0 0 0 0
124 0 0 0 0 0 0 0 0 0 0 0 0 0 0 0
120 0 0 0 0 0 0 0 0 0 0 0 0 0 0 0
110 0 0 0 0 0 0 0 0 0 0 0 0 0 0 0
111 0 0 0 0 0 0 0 0 0 0 0 0 0 0 0
110 0 0 0 0 0 0 0 0 0 0 0 0 0 0 0
113 0 0 0 0 0 0 0 0 0 0 0 0 0 0 0
117 0 0 0 0 0 0 0 0 0 0 0 0 0 0 0
117 0 0 0 0 0 0 0 0 0 0 0 0 0 0 0
114 0 0 0 0 0 0 0 0 0 0 0 0 0 0 0
113 0 0 0 0 0 0 0 0 0 0 0 0 0 0 0
107 0 0 0 0 0 0 0 0 0 0 0 0 0 0 0
113 0 0 0 0 0 0 0 0 0 0 0 0 0 0 0
127 0 0 0 0 0 0 0 0 0 0 0 0 0 0 0
117 0 0 0 0 0 0 0 0 0 0 0 0 0 0 0
128 0 0 0 0 0 0 0 0 0 0 0 0 0 0 0
128 0 0 0 0 0 0 0 0 0 0 0 0 0 0 0
134 0 0 0 0 0 0 0 0 0 0 0 0 0 0 0
138 0 0 0 0 0 0 0 0 0 0 0 0 0 0 0
142 0 0 0 0 0 0 0 0 0 0 0 0 0 0 0
138 0 0 0 0 0 0 0 0 0 0 0 0 0 0 0
134 0 0 0 0 0 0 0 0 0 0 0 0 0 0 0
126 0 0 0 0 0 0 0 0 0 0 0 0 0 0 0
110 0 0 0 0 0 0 0 0 0 0 0 0 0 0 0
114 0 0 0 0 0 0 0 0 0 0 0 0 0 0 0
114 0 0 0 0 0 0 0 0 0 0 0 0 0 0 0
109 0 0 0 0 0 0 0 0 0 0 0 0 0 0 0
117 0 0 0 0 0 0 0 0 0 0 0 0 0 0 0
133 0 0 0 0 0 0 0 0 0 0 0 0 0 0 0
138 0 0 0 0 0 0 0 0 0 0 0 0 0 0 0
139 0 0 0 0 0 0 0 0 0 0 0 0 0 0 0
145 0 0 0 0 0 0 0 0 0 0 0 0 0 0 0
137 0 0 0 0 0 0 0 0 0 0 0 0 0 0 0
144 0 0 0 0 0 0 0 0 0 0 0 0 0 0 0
135 0 0 0 0 0 0 0 0 0 0 0 0 0 0 0
144 0 0 0 0 0 0 0 0 0 0 0 0 0 0 0
132 0 0 0 0 0 0 0 0 0 0 0 0 0 0 0
126 0 0 0 0 0 0 0 0 0 0 0 0 0 0 0
92 0 0 0 0 0 0 0 0 0 0 0 0 0 0 0
23 0 0 0 0 0 0 0 0 0 0 0 0 0 0 0
0 0 0 0 0 0 0 0 0 0 0 0 0 0 0 0
0 0 0 0 0 0 0 0 0 0 0 0 0 0 0 0
0 0 0 0 0 0 0 0 0 0 0 0 0 0 0 0
0 0 0 0 0 0 0 0 0 0 0 0 0 0 0 0
0 0 0 0 0 0 0 0 0 0 0 0 0 0 0 0
0 0 0 0 0 0 0 0 0 0 0 0 0 0 0 0
0 0 0 0 0 0 0 0 0 0 0 0 0 0 0 0
0 0 0 0 0 0 0 0 0 0 0 0 0 0 0 0
0 0 0 0 0 0 0 0 0 0 0 0 0 0 0 0
0 0 0 0 0 0 0 0 0 0 0 0 0 0 0 0
0 0 0 0 0 0 0 0 0 0 0 0 0 0 0 0
0 0 0 0 0 0 0 0 0 0 0 0 0 0 0 0
0 0 0 0 9 0 0 0 0 0 0 0 0 0 0 0
3 0 0 0 17 0 0 0 0 0 0 0 0 0 0 0
10 0 0 0 27 0 0 0 0 0 0 0 0 0 0 0
2 0 0 0 31 0 0 0 0 0 0 0 0 0 0 0
0 0 0 0 18 0 0 0 0 0 0 0 0 0 0 0
0 0 0 0 0 0 0 0 0 0 0 0 0 0 0 0
0 0 0 0 0 0 0 0 0 0 0 0 0 0 0 0
0 0 0 0 0 0 0 0 0 0 0 0 0 0 0 0
0 0 0 0 0 0 0 0 0 0 0 0 0 0 0 0
0 0 0 0 0 0 0 0 0 0 0 0 0 0 0 0
0 0 0 0 0 0 0 0 0 0 0 0 0 0 0 0
0 0 0 0 0 0 0 0 0 0 0 0 0 0 0 0
0 0 0 0 0 0 0 0 0 0 0 0 0 0 0 0
0 0 0 0 0 0 0 0 0 0 0 0 0 0 0 0
0 0 0 0 0 0 0 0 0 0 0 0 0 0 0 0
0 0 0 0 0 0 0 0 0 0 0 0 0 0 0 0
0 0 0 0 0 0 0 0 0 0 0 0 0 0 0 0
0 0 0 0 0 0 0 0 0 0 0 0 0 0 0 0
0 0 0 0 0 0 0 0 0 0 0 0 0 0 0 0
0 0 0 0 0 0 0 0 0 0 0 0 0 0 0 0
0 0 0 0 0 0 0 0 0 0 0 0 0 0 0 0
0 0 0 0 0 0 0 0 0 0 0 0 0 0 0 0
0 0 0 0 0 0 0 0 0 0 0 0 0 0 0 0
0 0 0 0 0 0 0 0 0 0 0 0 0 0 0 0
0 0 0 0 0 0 0 0 0 0 0 0 0 0 0 0
0 0 0 0 0 0 0 0 0 0 0 0 0 0 0 0
0 0 0 0 0 0 0 0 0 0 0 0 0 0 0 0
0 0 0 0 0 0 0 0 0 0 0 0 0 0 0 0
0 0 0 0 0 0 0 0 0 0 0 0 0 0 0 0
0 0 0 0 0 0 0 0 0 0 0 0 0 0 0 0
0 0 0 0 0 0 0 0 0 0 0 0 0 0 0 0
0 0 0 0 0 0 0 0 0 0 0 0 0 0 0 0
0 0 0 0 0 0 0 0 0 0 0 0 0 0 0 0
