-0.250000 -0.182129 -0.942383 0.000000 0.000000 0.000000 -33.145752 14.633789 -0.477905 10.558000 11.117000 1.958000 28.440000
-0.250977 -0.182129 -0.942383 0.000000 0.000000 0.000000 -33.151245 14.628296 -0.477905 10.548000 11.116000 1.964000 28.430000
-0.250488 -0.182129 -0.942383 0.000000 0.000000 0.000000 -33.156738 14.628296 -0.477905 10.539000 11.116000 1.960000 28.470000
-0.250488 -0.181641 -0.942383 0.000000 0.000000 0.000000 -33.156738 14.628296 -0.477905 10.562000 11.118000 1.951000 28.390000
-0.250000 -0.182617 -0.941895 0.000000 0.000000 0.000000 -33.162231 14.628296 -0.477905 10.573000 11.117000 1.953000 28.430000
-0.250488 -0.182617 -0.942383 0.000000 0.000000 0.000000 -33.162231 14.628296 -0.477905 10.581000 11.125000 1.953000 28.430000
-0.250488 -0.183105 -0.941895 0.000000 0.000000 0.000000 -33.167725 14.628296 -0.477905 10.563000 11.127000 1.941000 28.440000
-0.250977 -0.182617 -0.941406 0.000000 0.000000 0.000000 -33.167725 14.622803 -0.477905 10.572000 11.120000 1.948000 28.330000
-0.250977 -0.182129 -0.941895 0.000000 0.000000 0.000000 -33.167725 14.622803 -0.477905 10.567000 11.126000 1.950000 28.470000
-0.250977 -0.181641 -0.940918 0.000000 0.000000 0.000000 -33.167725 14.622803 -0.477905 10.571000 11.136000 1.947000 28.450000
-0.250000 -0.183105 -0.942383 0.000000 0.000000 0.000000 -33.167725 14.622803 -0.477905 10.577000 11.097000 1.943000 28.430000
-0.250488 -0.182617 -0.942383 0.000000 0.000000 0.000000 -33.167725 14.622803 -0.477905 10.579000 11.085000 1.943000 28.460000
-0.250977 -0.183594 -0.942383 0.000000 0.000000 0.000000 -33.173218 14.622803 -0.477905 10.580000 11.130000 1.958000 28.550000
-0.250977 -0.183105 -0.942383 0.000000 0.000000 0.000000 -33.173218 14.622803 -0.477905 10.571000 11.110000 1.945000 28.500000
-0.250000 -0.182129 -0.941406 0.000000 0.000000 0.000000 -33.173218 14.622803 -0.477905 10.589000 11.123000 1.947000 28.520000
-0.250000 -0.183105 -0.941895 0.000000 0.000000 0.000000 -33.173218 14.622803 -0.477905 10.586000 11.111000 1.951000 28.490000
-0.251465 -0.181641 -0.942383 0.000000 0.000000 0.000000 -33.173218 14.622803 -0.477905 10.583000 11.127000 1.935000 28.470000
-0.251465 -0.181641 -0.941895 0.000000 0.000000 0.000000 -33.178711 14.622803 -0.477905 10.588000 11.129000 1.941000 28.440000
-0.250488 -0.182129 -0.941895 0.000000 0.000000 0.000000 -33.178711 14.622803 -0.477905 10.584000 11.141000 1.935000 28.540000
-0.250977 -0.182129 -0.941895 0.000000 0.000000 0.000000 -33.178711 14.622803 -0.477905 10.587000 11.124000 1.947000 28.460000
-0.250488 -0.182617 -0.941406 0.000000 0.000000 0.000000 -33.178711 14.622803 -0.477905 10.572000 11.119000 1.940000 28.520000
-0.250488 -0.182129 -0.941895 0.000000 0.000000 0.000000 -33.184204 14.622803 -0.477905 10.577000 11.110000 1.938000 28.580000
-0.250977 -0.182617 -0.941895 0.000000 0.000000 0.000000 -33.184204 14.622803 -0.477905 10.577000 11.104000 1.956000 28.520000
-0.251465 -0.181641 -0.941895 0.000000 0.000000 0.000000 -33.184204 14.622803 -0.477905 10.576000 11.114000 1.934000 28.590000
-0.250977 -0.182129 -0.941895 0.000000 0.000000 0.000000 -33.184204 14.622803 -0.477905 10.558000 11.118000 1.940000 28.520000
-0.251465 -0.181641 -0.941406 0.000000 0.000000 0.000000 -33.184204 14.622803 -0.477905 10.565000 11.094000 1.942000 28.630000
-0.250977 -0.181641 -0.941895 0.000000 0.000000 0.000000 -33.184204 14.622803 -0.477905 10.570000 11.095000 1.957000 28.640000
-0.250000 -0.182617 -0.941406 0.000000 0.000000 0.000000 -33.189697 14.622803 -0.477905 10.571000 11.122000 1.950000 28.500000
-0.250488 -0.182129 -0.941895 0.000000 0.000000 0.000000 -33.189697 14.622803 -0.477905 10.567000 11.122000 1.944000 28.580000
-0.250488 -0.182617 -0.941895 0.000000 0.000000 0.000000 -33.189697 14.622803 -0.477905 10.556000 11.124000 1.941000 28.610000
-0.250977 -0.181641 -0.941895 0.000000 0.000000 0.000000 -33.189697 14.622803 -0.477905 10.572000 11.102000 1.933000 28.580000
-0.250977 -0.183105 -0.942383 0.000000 0.000000 0.000000 -33.189697 14.622803 -0.477905 10.564000 11.121000 1.938000 28.560000
-0.250000 -0.182129 -0.941406 0.000000 0.000000 0.000000 -33.189697 14.622803 -0.477905 10.574000 11.117000 1.932000 28.590000
-0.251465 -0.182617 -0.942383 0.000000 0.000000 0.000000 -33.189697 14.622803 -0.477905 10.558000 11.112000 1.926000 28.610000
-0.250000 -0.182129 -0.942383 0.000000 0.000000 0.000000 -33.189697 14.617310 -0.477905 10.560000 11.115000 1.937000 28.610000
-0.250488 -0.182617 -0.941895 0.000000 0.000000 0.000000 -33.189697 14.622803 -0.477905 10.559000 11.108000 1.935000 28.620000
-0.250977 -0.182617 -0.942383 0.000000 0.000000 0.000000 -33.189697 14.617310 -0.477905 10.568000 11.112000 1.929000 28.690000
-0.250977 -0.181641 -0.942383 0.000000 0.000000 0.000000 -33.189697 14.617310 -0.477905 10.565000 11.123000 1.925000 28.690000
-0.250977 -0.182617 -0.941895 0.000000 0.000000 0.000000 -33.189697 14.617310 -0.477905 10.569000 11.109000 1.921000 28.580000
-0.250977 -0.182129 -0.942383 0.000000 0.000000 0.000000 -33.189697 14.617310 -0.477905 10.549000 11.118000 1.936000 28.530000
-0.250488 -0.182129 -0.941895 0.000000 0.000000 0.000000 -33.189697 14.622803 -0.477905 10.543000 11.132000 1.930000 28.640000
-0.250977 -0.182129 -0.941895 0.000000 0.000000 0.000000 -33.189697 14.622803 -0.477905 10.559000 11.123000 1.928000 28.630000
-0.250977 -0.183105 -0.942383 0.000000 0.000000 0.000000 -33.189697 14.622803 -0.477905 10.542000 11.110000 1.931000 28.610000
-0.250488 -0.182617 -0.941406 0.000000 0.000000 0.000000 -33.189697 14.622803 -0.477905 10.555000 11.127000 1.932000 28.610000
-0.250977 -0.183105 -0.942871 0.000000 0.000000 0.000000 -33.189697 14.622803 -0.477905 10.553000 11.121000 1.939000 28.690000
-0.250488 -0.181641 -0.942383 0.000000 0.000000 0.000000 -33.189697 14.622803 -0.477905 10.562000 11.129000 1.931000 28.700000
-0.250488 -0.183105 -0.941895 0.000000 0.000000 0.000000 -33.189697 14.622803 -0.477905 10.565000 11.104000 1.930000 28.660000
-0.250488 -0.182129 -0.942383 0.000000 0.000000 0.000000 -33.189697 14.622803 -0.477905 10.566000 11.110000 1.937000 28.630000
-0.250977 -0.183105 -0.941895 0.000000 0.000000 0.000000 -33.189697 14.622803 -0.477905 10.559000 11.111000 1.922000 28.630000
-0.250977 -0.182129 -0.941895 0.000000 0.000000 0.000000 -33.189697 14.622803 -0.477905 10.559000 11.130000 1.924000 28.720000
-0.250488 -0.182129 -0.942383 0.000000 0.000000 0.000000 -33.189697 14.622803 -0.477905 10.563000 11.128000 1.923000 28.650000
-0.250488 -0.182129 -0.942383 0.000000 0.000000 0.000000 -33.189697 14.622803 -0.477905 10.569000 11.116000 1.922000 28.650000
-0.250488 -0.183105 -0.942383 0.000000 0.000000 0.000000 -33.189697 14.622803 -0.477905 10.558000 11.103000 1.938000 28.660000
-0.250488 -0.183105 -0.942383 0.000000 0.000000 0.000000 -33.189697 14.622803 -0.477905 10.557000 11.115000 1.922000 28.710000
-0.250000 -0.181641 -0.942383 0.000000 0.000000 0.000000 -33.189697 14.622803 -0.477905 10.550000 11.106000 1.914000 28.710000
-0.250977 -0.182129 -0.941895 0.000000 0.000000 0.000000 -33.189697 14.622803 -0.477905 10.558000 11.096000 1.925000 28.710000
-0.250977 -0.183105 -0.941895 0.000000 0.000000 0.000000 -33.195190 14.617310 -0.477905 10.558000 11.118000 1.919000 28.800000
-0.250977 -0.182129 -0.941895 0.000000 0.000000 0.000000 -33.195190 14.622803 -0.477905 10.553000 11.125000 1.926000 28.720000
-0.250488 -0.182617 -0.941406 0.000000 0.000000 0.000000 -33.195190 14.622803 -0.477905 10.562000 11.127000 1.915000 28.640000
-0.250000 -0.182617 -0.941895 0.000000 0.000000 0.000000 -33.195190 14.622803 -0.477905 10.564000 11.117000 1.920000 28.670000
-0.250000 -0.182617 -0.942383 0.000000 0.000000 0.000000 -33.195190 14.622803 -0.477905 10.558000 11.131000 1.924000 28.690000
-0.250977 -0.182617 -0.941406 0.000000 0.000000 0.000000 -33.195190 14.622803 -0.477905 10.557000 11.123000 1.927000 28.700000
-0.250488 -0.181641 -0.942383 0.000000 0.000000 0.000000 -33.195190 14.617310 -0.477905 10.559000 11.120000 1.925000 28.700000
-0.250488 -0.182129 -0.941895 0.000000 0.000000 0.000000 -33.195190 14.617310 -0.477905 10.556000 11.107000 1.931000 28.680000
-0.250488 -0.181641 -0.941895 0.000000 0.000000 0.000000 -33.195190 14.617310 -0.477905 10.548000 11.113000 1.924000 28.690000
-0.250977 -0.182129 -0.941895 0.000000 0.000000 0.000000 -33.195190 14.617310 -0.477905 10.553000 11.126000 1.933000 28.760000
-0.250977 -0.182129 -0.942383 0.000000 0.000000 0.000000 -33.195190 14.617310 -0.477905 10.551000 11.131000 1.926000 28.810000
-0.250488 -0.182617 -0.942383 0.000000 0.000000 0.000000 -33.195190 14.617310 -0.477905 10.549000 11.123000 1.927000 28.750000
-0.250488 -0.182129 -0.941895 0.000000 0.000000 0.000000 -33.195190 14.617310 -0.477905 10.551000 11.122000 1.938000 28.840000
-0.250488 -0.182129 -0.941895 0.000000 0.000000 0.000000 -33.200684 14.617310 -0.477905 10.557000 11.139000 1.929000 28.840000
-0.250488 -0.181641 -0.941895 0.000000 0.000000 0.000000 -33.261108 14.595337 -0.483398 10.574000 11.131000 1.927000 28.770000
-0.250000 -0.181152 -0.941895 0.000000 0.000000 0.000000 -33.261108 14.595337 -0.483398 10.592000 11.078000 1.915000 28.760000
-0.249512 -0.181641 -0.941895 0.000000 0.000000 0.000000 -33.255615 14.595337 -0.483398 10.592000 11.102000 1.914000 28.830000
-0.249023 -0.182129 -0.942871 0.000000 0.000000 0.000000 -33.255615 14.595337 -0.483398 10.588000 11.076000 1.914000 28.760000
-0.249512 -0.181641 -0.942383 0.000000 0.000000 0.000000 -33.255615 14.589844 -0.483398 10.595000 11.053000 1.913000 28.820000
-0.248535 -0.181641 -0.941895 0.000000 0.000000 0.000000 -33.255615 14.589844 -0.483398 10.596000 11.082000 1.923000 28.820000
-0.250977 -0.181152 -0.942383 0.000000 0.000000 0.000000 -33.255615 14.589844 -0.483398 10.593000 11.067000 1.919000 28.840000
-0.256836 -0.176270 -0.933105 3.540039 -1.220703 4.089355 -33.255615 14.589844 -0.483398 10.594000 11.075000 1.915000 28.700000
-0.246094 -0.090820 -0.963867 -11.047363 0.244141 2.136230 -34.260864 14.655762 -0.823975 10.704000 11.016000 1.948000 28.840000
-0.241211 -0.099121 -0.958984 -3.540039 1.281738 0.244141 -38.347778 14.144897 -1.235962 11.420000 11.796000 3.106000 28.860000
-0.246094 -0.077148 -0.960449 -0.244141 0.427246 0.061035 -39.210205 14.287720 -2.164307 12.108000 12.487000 3.693000 28.800000
-0.245605 -0.076172 -0.960449 0.305176 0.549316 0.000000 -39.199219 14.232788 -2.164307 12.245000 12.489000 3.614000 28.800000
-0.260742 -0.114746 -0.903809 -1.464844 42.053223 49.804688 -39.611206 13.606567 -3.070679 12.257000 12.305000 3.953000 28.890000
-4.932129 0.155273 -2.735352 -9.155273 -255.554199 46.264648 -39.957275 20.225830 -5.663452 10.740000 10.332000 3.059000 28.790000
-0.626465 -0.125977 -0.863770 479.553223 -506.042480 -307.006836 -33.717041 54.838257 2.389526 5.696000 11.692000 3.051000 28.770000
-1.764648 -0.372559 -0.074707 -174.072266 695.739746 -464.538574 28.355713 73.927002 46.746826 -0.686000 6.896000 -2.054000 28.890000
0.012207 0.012207 0.023438 290.588379 155.517578 -285.888672 5.476685 49.982300 8.860474 -1.238000 4.390000 -5.151000 28.750000
-0.404785 -0.248535 -0.497559 340.087891 -96.191406 424.987793 -3.988037 -6.756592 -3.691406 -2.246000 4.433000 -1.636000 28.920000
-0.382812 -0.825195 0.383301 -1656.433105 761.718750 -83.801270 17.847290 14.188843 1.587524 -2.603000 4.318000 -2.467000 28.790000
-0.348145 0.326660 -0.904297 -6.103516 2.807617 87.707520 -28.943481 37.512817 -46.043701 0.674000 1.629000 -1.641000 28.830000
-0.820801 -0.026367 -0.630859 -103.088379 9.277344 -463.500977 -53.135376 21.780396 -39.396973 2.094000 0.129000 2.341000 28.830000
-1.040039 -0.850586 -0.949707 137.634277 -304.382324 687.561035 -30.849609 50.097656 -27.685547 1.425000 2.061000 0.102000 28.890000
-0.597168 -0.383301 -0.191895 -61.157227 581.176758 2.563477 -2.977295 41.358032 -54.865723 1.371000 1.501000 -2.259000 28.850000
0.678223 2.566406 -0.421875 125.427246 487.854004 -811.096191 15.238037 -28.493042 -77.266846 -1.459000 3.437000 -0.536000 28.870000
-0.786621 -2.202637 -0.571777 -132.446289 -460.205078 373.229980 -102.304688 -80.749512 73.778687 -7.199000 2.262000 -2.074000 28.910000
1.033691 -0.090332 -0.060059 -613.525391 295.959473 168.457031 42.813721 -54.981079 -92.142334 -5.813000 3.882000 -1.858000 28.860000
0.296387 0.020020 0.670410 -787.414551 156.188965 -673.828125 -16.682739 -58.617554 -103.315430 -5.936000 3.826000 -2.111000 28.840000
0.783691 0.772461 0.065430 -262.695312 -301.391602 41.137695 -75.503540 -42.945557 -36.452637 -5.215000 3.134000 1.349000 28.870000
0.469238 -0.163086 -1.146484 152.404785 -46.936035 -65.917969 -59.902954 -23.928223 -56.420288 -6.070000 0.702000 3.494000 28.880000
0.607422 -0.967285 -1.488281 -151.977539 12.878418 -148.803711 -44.544067 -38.518066 -69.730225 -4.315000 -0.016000 4.616000 28.850000
0.830078 -0.038574 -0.433105 59.875488 -9.826660 34.545898 -50.361328 -43.220215 -96.036987 -4.773000 -1.417000 4.463000 28.950000
0.925781 0.092773 -0.543945 28.564453 10.314941 -20.996094 -45.131836 -44.615479 -90.016479 -4.798000 -1.091000 4.429000 28.900000
0.767578 0.172852 -0.887207 114.746094 -23.010254 -30.944824 -36.117554 -42.407227 -78.755493 -4.489000 -0.411000 4.447000 28.920000
0.793945 0.031738 -0.452637 -17.700195 1.098633 -10.070801 -34.425659 -43.654175 -72.427368 -4.270000 0.099000 4.478000 28.910000
0.812012 0.046875 -0.580078 7.812500 -7.507324 -14.831543 -33.689575 -42.868652 -63.759155 -4.273000 0.342000 4.522000 28.980000
0.804688 0.061035 -0.593750 -24.047852 -8.789062 -8.056641 -30.668335 -45.494385 -53.772583 -4.247000 0.602000 4.402000 28.820000
0.783691 0.078125 -0.619629 21.911621 15.014648 -3.601074 -32.904053 -45.439453 -48.284912 -4.292000 0.505000 4.524000 28.960000
0.848145 0.017090 -0.635742 30.517578 38.085938 66.711426 -33.848877 -45.867920 -41.945801 -4.023000 0.473000 4.532000 28.910000
0.830566 -0.012207 -0.548828 9.521484 12.023926 5.432129 -29.734497 -47.867432 -40.457153 -4.252000 0.612000 4.386000 29.100000
0.860840 -0.083984 -0.622070 -5.737305 12.329102 75.012207 -26.048584 -50.427246 -39.446411 -4.147000 0.782000 4.221000 29.030000
0.850586 0.290527 -0.352539 -44.189453 124.206543 -247.436523 -38.062134 -53.574829 -18.896484 -4.315000 0.474000 4.282000 28.990000
0.908691 0.226074 -0.347168 91.491699 75.988770 105.285645 -52.476196 -63.034058 4.757080 -5.404000 0.559000 4.112000 29.010000
0.936035 0.218262 -0.115723 253.662109 178.161621 -0.244141 -49.356079 -75.932007 15.347900 -6.386000 1.092000 3.505000 28.990000
0.486816 0.456055 -0.060547 244.689941 226.257324 -156.982422 -168.634644 -79.914551 159.032593 -7.873000 1.851000 1.534000 28.970000
0.021973 1.202637 -0.123047 475.341797 -8.422852 -303.771973 -137.389526 -49.301147 166.651611 -9.256000 0.378000 -0.937000 29.000000
-0.164062 0.937988 -0.277832 71.777344 2.441406 11.230469 -123.217163 -0.027466 -164.503784 -7.505000 -5.029000 -2.567000 29.010000
-0.055664 0.985840 -0.359863 -29.113770 13.549805 32.470703 -120.739746 -1.873169 -161.976929 -7.270000 -5.382000 -2.326000 29.030000
0.051270 0.874023 -0.345215 49.865723 17.883301 45.349121 -116.537476 -6.361084 -161.515503 -7.427000 -5.307000 -2.074000 29.020000
0.141113 0.773926 -0.616699 -4.211426 49.804688 43.395996 -100.524902 -10.228271 -159.087524 -7.706000 -5.042000 -1.869000 29.030000
0.041016 0.402832 -0.290039 9.582520 21.240234 -49.438477 -103.200073 -11.563110 -151.638794 -7.957000 -4.885000 -0.965000 29.130000
0.076172 0.862793 -0.638672 -3.784180 -7.141113 -24.291992 -103.134155 -15.089722 -153.154907 -8.286000 -4.494000 -1.456000 29.070000
0.256348 0.590332 -0.687012 51.452637 -9.216309 -34.484863 -98.475952 -12.068481 -152.297974 -8.161000 -4.551000 -1.030000 29.160000
0.331055 0.630371 -0.526855 -7.080078 31.005859 48.583984 -93.867188 -14.886475 -148.276978 -8.179000 -4.551000 -0.922000 29.220000
0.657715 0.586914 -0.581055 67.993164 107.421875 94.848633 -99.519653 -24.147949 -141.646729 -8.400000 -4.315000 -1.513000 29.180000
1.011230 0.256348 -0.364258 118.408203 161.437988 51.086426 -93.515625 -42.615967 -138.850708 -8.738000 -3.420000 -2.173000 29.120000
1.009277 0.435059 0.085938 -110.290527 149.719238 119.323730 -85.380249 -65.335693 -111.126709 -8.690000 -3.154000 -2.803000 29.260000
0.041992 -0.567383 -0.539062 464.538574 -76.660156 430.786133 4.806519 -33.656616 130.704346 -8.247000 -3.774000 -2.910000 29.260000
0.133789 -1.283203 -0.761230 -127.380371 224.548340 -186.462402 6.427002 -32.261353 124.788208 -8.444000 0.462000 -2.421000 29.210000
1.029785 0.149414 -0.379883 2.563477 10.559082 -18.493652 -13.645020 -62.407837 137.785034 -7.782000 2.153000 -2.238000 29.230000
0.543945 -7.438477 -1.277832 233.703613 -19.287109 -565.612793 -13.084717 -57.892456 138.576050 -8.403000 1.456000 -2.911000 29.290000
0.851562 -0.090332 -0.173828 -147.949219 -80.627441 145.080566 -124.140015 -81.496582 -112.011108 -7.833000 -0.337000 -4.727000 29.290000
0.778320 0.416504 -0.104980 6.958008 111.694336 -10.925293 -35.145264 -86.857910 152.528687 -7.715000 0.480000 -4.612000 29.210000
0.419922 -0.508789 0.136719 98.693848 -50.720215 328.247070 61.034546 -76.354980 57.826538 -6.905000 0.907000 -5.110000 29.250000
0.091797 -1.119629 0.400391 -45.898438 79.223633 316.711426 78.700562 -60.979614 60.314941 -5.788000 0.864000 -5.728000 29.310000
-0.258789 0.203613 0.018066 5.859375 71.228027 97.595215 66.829834 -22.966919 53.366089 -2.948000 2.363000 -5.162000 29.320000
-0.383789 -0.791504 -1.219727 -38.391113 -23.010254 -5.310059 16.946411 2.944336 69.010620 0.456000 2.758000 -0.291000 29.330000
-0.474121 -0.470703 -0.637207 -443.847656 5.249023 -71.716309 -1.999512 4.279175 68.856812 0.463000 3.199000 -0.259000 29.370000
-0.243652 -0.039062 -0.561035 25.634766 -38.330078 159.118652 -17.105713 -2.537842 73.910522 0.673000 3.233000 0.538000 29.370000
-0.480469 -1.522949 -0.334473 276.123047 -29.357910 442.321777 -26.026611 4.229736 57.810059 0.090000 3.618000 1.732000 29.400000
-0.172852 -0.017578 -1.181641 -15.075684 1.098633 72.326660 -27.861328 9.618530 38.045654 0.218000 2.744000 2.183000 29.340000
0.509277 -0.314941 -0.452148 141.479492 205.322266 88.134766 -33.519287 -17.836304 31.289062 -0.984000 1.343000 3.870000 29.410000
0.315918 -1.039062 -0.399902 402.770996 53.405762 29.907227 6.470947 -30.086060 21.774902 -2.467000 3.330000 2.798000 29.400000
0.049316 -0.700195 -0.037598 7.568359 -61.279297 150.512695 36.815186 -17.682495 22.181396 -2.108000 4.351000 -0.379000 29.450000
-0.007812 -1.083984 0.028809 209.167480 -21.240234 20.812988 52.662964 -8.036499 27.866821 -1.291000 3.876000 -2.138000 29.440000
-0.116699 -0.962891 -0.114258 -43.395996 65.979004 83.679199 52.811279 4.965820 17.682495 -0.494000 3.182000 -2.350000 29.420000
-0.056152 -0.927246 0.084473 -25.329590 -40.527344 16.296387 62.814331 2.263184 12.656250 -0.185000 2.896000 -2.162000 29.440000
0.018066 -0.933105 0.246094 49.072266 -14.831543 -31.616211 64.758911 1.213989 11.810303 -0.329000 2.810000 -2.754000 29.490000
0.018555 -0.940430 0.220215 -8.361816 -4.394531 -17.272949 65.401611 0.016479 10.590820 -0.363000 2.757000 -3.027000 29.420000
-0.000488 -0.938477 0.096680 -68.115234 -2.990723 30.395508 59.458008 -0.137329 9.656982 -0.516000 2.793000 -3.149000 29.440000
-0.001953 -1.019043 0.075195 63.354492 11.047363 -39.428711 58.002319 0.444946 7.910156 -0.648000 2.974000 -3.015000 29.510000
0.049316 -0.951660 0.136230 -10.437012 4.516602 -0.732422 59.732666 -1.049194 4.037476 -0.665000 3.045000 -3.027000 29.490000
0.035645 -1.020020 0.116699 -13.549805 1.586914 6.225586 58.842773 -1.115112 2.647705 -0.729000 3.085000 -2.681000 29.480000
0.058594 -0.947754 0.167969 25.634766 9.948730 -4.821777 58.364868 -0.867920 0.922852 -0.475000 3.105000 -2.682000 29.400000
0.064941 -0.948730 0.143066 -23.803711 5.676270 2.258301 60.040283 -1.664429 -0.675659 -0.710000 3.090000 -2.788000 29.560000
0.032715 -0.960449 0.044922 -25.634766 4.760742 0.549316 57.903442 -1.730347 -2.037964 -0.606000 3.114000 -2.719000 29.510000
-0.004883 -0.966309 -0.093750 -43.884277 -10.620117 11.657715 44.714355 0.950317 -3.828735 -0.439000 3.229000 -1.919000 29.550000
0.004395 -0.958008 -0.161133 -26.550293 -2.990723 1.281738 40.468140 1.494141 -3.938599 -0.483000 3.247000 -1.761000 29.540000
-0.021973 -0.951660 -0.250488 -20.141602 -3.356934 4.150391 36.057129 2.285156 -3.647461 -0.082000 3.269000 -1.445000 29.570000
-0.031250 -0.935059 -0.268555 -44.189453 -16.662598 8.300781 33.964233 2.631226 -3.817749 -0.067000 3.281000 -1.212000 29.520000
-0.057617 -0.867676 -0.324707 -67.077637 -3.173828 15.625000 30.624390 2.905884 -3.949585 -0.082000 3.278000 -1.188000 29.520000
-0.121582 -0.806152 -0.497070 -25.634766 -8.789062 8.972168 21.989136 5.548096 -4.509888 0.148000 3.073000 -0.415000 29.620000
-0.115723 -0.819336 -0.557129 -16.418457 -3.356934 4.943848 19.572144 6.520386 -4.597778 0.153000 3.005000 -0.329000 29.510000
-0.123535 -0.796387 -0.559570 -10.742188 4.760742 4.028320 16.803589 7.261963 -4.685669 0.122000 2.950000 -0.148000 29.620000
-0.126953 -0.772949 -0.590820 -3.173828 1.647949 2.685547 15.836792 7.327881 -5.394287 0.095000 2.912000 -0.184000 29.560000
-0.134277 -0.780273 -0.617676 -30.090332 -16.113281 2.929688 13.892212 7.855225 -5.537109 0.074000 2.859000 0.031000 29.600000
-0.174805 -0.666016 -0.677246 -88.867188 -24.353027 5.615234 4.916382 10.579834 -4.822998 0.211000 2.757000 0.097000 29.580000
-0.195801 -0.625488 -0.712891 -8.666992 0.732422 -1.892090 1.318359 11.392822 -4.411011 0.429000 2.649000 0.353000 29.700000
-0.196289 -0.603027 -0.677246 -2.197266 1.281738 -9.155273 0.208740 11.387329 -4.020996 0.386000 2.532000 0.297000 29.620000
-0.227539 -0.591797 -0.789062 -11.047363 4.577637 -5.065918 -1.829224 11.672974 -3.960571 0.387000 2.524000 0.311000 29.660000
-0.229980 -0.550293 -0.794922 -35.339355 -5.920410 -9.216309 -4.487915 12.205811 -3.153076 0.401000 2.516000 0.632000 29.630000
-0.209473 -0.425293 -0.823242 -85.937500 4.028320 -27.099609 -12.590332 11.052246 -1.697388 0.438000 2.460000 0.979000 29.610000
-0.215820 -0.378906 -0.899414 -32.165527 -7.934570 -7.202148 -17.380371 10.838013 -0.065918 0.487000 2.417000 1.376000 29.650000
-0.169922 -0.306152 -0.910645 3.784180 11.718750 -0.732422 -21.533203 9.805298 0.241699 0.113000 2.342000 1.622000 29.690000
-0.150879 -0.205078 -0.958496 -24.475098 11.108398 -2.319336 -26.356201 9.519653 0.994263 0.071000 2.237000 1.853000 29.680000
0.072754 0.697266 -0.938477 -394.592285 61.279297 67.321777 -67.785645 3.262939 -1.197510 0.006000 0.563000 3.021000 29.740000
0.015625 0.536133 -0.879883 -19.958496 1.953125 -1.037598 -67.560425 1.224976 -7.069702 -0.214000 -1.140000 3.685000 29.730000
0.016602 0.531738 -0.854004 -4.333496 0.183105 0.183105 -68.966675 0.812988 -8.107910 -0.192000 -1.253000 3.698000 29.800000
0.022461 0.528809 -0.853516 8.728027 -0.488281 2.746582 -70.394897 0.714111 -8.052979 -0.199000 -1.393000 3.701000 29.700000
0.025879 0.538574 -0.864746 -6.896973 -1.342773 -2.563477 -70.680542 0.505371 -8.349609 -0.183000 -1.392000 3.699000 29.770000
0.021484 0.542480 -0.865723 -1.647949 -1.159668 -2.746582 -70.680542 0.379028 -8.624268 -0.200000 -1.382000 3.696000 29.760000
0.024902 0.545410 -0.856934 -7.568359 -0.793457 -2.136230 -72.081299 0.439453 -8.508911 -0.197000 -1.410000 3.699000 29.850000
0.015625 0.558105 -0.855469 -14.770508 0.610352 -4.150391 -72.586670 0.203247 -8.778076 -0.192000 -1.428000 3.692000 29.680000
0.019043 0.536133 -0.852539 5.187988 0.000000 0.976562 -73.223877 0.076904 -8.948364 -0.193000 -1.502000 3.697000 29.770000
0.014160 0.554199 -0.854980 0.244141 0.427246 -0.488281 -73.163452 0.021973 -9.157104 -0.197000 -1.479000 3.711000 29.810000
0.028320 0.617676 -0.874023 2.319336 1.159668 3.356934 -73.449097 0.027466 -9.190063 -0.206000 -1.472000 3.703000 29.810000
0.018555 0.165039 -0.955566 241.821289 -11.535645 3.173828 -46.257935 -0.115356 -13.364868 -0.184000 -0.679000 3.745000 29.740000
0.029297 -0.343262 -0.965820 228.637695 23.010254 1.281738 -21.395874 -0.692139 -14.342651 -0.199000 0.246000 3.441000 29.810000
0.043457 -0.607422 -0.703125 200.622559 41.320801 -32.531738 -2.609253 -4.707642 -14.880981 -0.161000 1.738000 2.515000 29.900000
0.167480 -0.889648 -0.496094 251.647949 24.291992 -52.551270 17.501221 -8.541870 -14.452515 -0.269000 2.865000 1.429000 29.770000
0.315430 -1.041992 -0.015137 369.567871 55.664062 -155.761719 44.362793 -17.023315 -15.721436 -0.668000 3.577000 0.105000 29.860000
0.401855 -0.360352 0.781250 61.950684 24.353027 -30.090332 80.606689 -24.252319 -20.637817 -1.857000 2.490000 -4.831000 29.850000
0.421875 -0.187988 0.894043 157.897949 20.080566 -25.085449 106.100464 -24.938965 -24.208374 -1.841000 1.038000 -5.730000 29.890000
0.455078 0.042969 0.897461 99.670410 -2.685547 -16.418457 116.850586 -24.812622 -27.092285 -1.920000 0.015000 -5.941000 29.940000
0.431641 0.101074 0.907715 146.057129 -1.892090 -27.221680 127.930298 -25.169678 -29.410400 -1.953000 -0.814000 -5.942000 29.920000
0.421875 0.168945 0.900879 75.378418 -18.249512 -5.554199 134.983521 -25.905762 -29.734497 -1.952000 -1.557000 -5.968000 29.910000
0.411133 0.295898 0.842773 71.838379 17.211914 -29.541016 147.266235 -25.504761 -29.745483 -1.889000 -2.320000 -6.097000 29.940000
0.405762 0.332520 0.825684 55.053711 9.155273 -16.357422 153.495483 -23.598633 -31.069336 -1.952000 -2.592000 -5.760000 29.870000
0.364258 0.473145 0.824707 15.930176 13.854980 -15.380859 157.137451 -21.780396 -32.173462 -1.710000 -2.977000 -5.563000 29.920000
0.354492 0.474121 0.830566 -6.713867 2.380371 -0.427246 158.076782 -21.170654 -32.195435 -1.463000 -3.162000 -5.245000 29.940000
0.355469 0.455566 0.812500 -13.427734 -3.845215 -4.577637 157.752686 -21.236572 -32.107544 -1.421000 -3.221000 -5.207000 30.010000
0.437500 0.250000 0.943359 -235.595703 -48.400879 -11.779785 145.997314 -22.851562 -33.156738 -1.487000 -2.338000 -5.705000 29.960000
0.400879 -0.084961 0.922852 -110.473633 -42.785645 -0.976562 124.491577 -27.465820 -33.832397 -1.827000 -0.463000 -5.933000 29.960000
0.500977 -0.329102 0.780273 -210.021973 -31.799316 11.657715 106.973877 -30.761719 -31.283569 -2.092000 0.951000 -5.793000 30.030000
0.542480 -0.491211 0.703613 -81.115723 -48.645020 10.437012 96.569824 -33.327026 -27.240601 -2.321000 1.977000 -5.450000 30.030000
0.550293 -0.534668 0.527832 -45.410156 -79.589844 31.250000 89.165039 -36.057129 -21.280518 -2.611000 2.357000 -5.226000 30.010000
0.804688 -0.605469 0.340332 -23.559570 -76.354980 59.387207 86.270142 -43.824463 -4.608765 -3.656000 1.751000 -6.014000 29.970000
0.702637 -0.656738 0.255859 -95.275879 -51.391602 21.118164 75.942993 -46.148071 9.052734 -4.306000 1.742000 -6.057000 29.920000
0.709473 -0.672363 0.184570 37.353516 -18.859863 8.178711 69.169922 -45.922852 16.935425 -4.689000 1.910000 -5.908000 30.030000
0.723145 -0.697266 0.155273 0.000000 -25.207520 -7.873535 62.534180 -45.774536 21.615601 -4.930000 2.277000 -5.598000 29.980000
0.712891 -0.633301 0.138184 35.522461 -76.232910 -21.545410 60.139160 -45.999756 23.554688 -5.143000 2.333000 -5.479000 30.010000
0.784180 -0.795410 -0.005859 -116.821289 -14.160156 4.760742 46.752319 -47.955322 47.120361 -6.484000 1.945000 -5.334000 30.030000
0.666016 -0.564941 -0.169434 -2.990723 -32.592773 1.892090 39.017944 -48.235474 51.646729 -6.730000 2.080000 -5.059000 30.070000
0.760254 -0.671387 -0.135254 25.634766 -52.001953 -25.878906 35.079346 -49.998779 56.585083 -6.924000 2.057000 -4.867000 30.050000
0.706055 -0.568359 -0.231934 6.896973 -25.024414 2.441406 27.718506 -50.674438 62.171631 -7.235000 2.031000 -4.569000 30.150000
0.769043 -0.645508 -0.203613 -56.579590 -7.812500 -21.484375 29.580688 -51.492920 65.527954 -7.506000 1.730000 -4.623000 30.110000
0.731445 -0.504395 -0.385742 -40.283203 -16.540527 1.892090 16.831055 -51.416016 73.844604 -8.003000 1.704000 -4.098000 30.140000
0.740234 -0.497559 -0.414551 -15.747070 -4.516602 -7.995605 14.188843 -50.822754 77.717285 -7.984000 1.618000 -3.990000 30.060000
0.709473 -0.451660 -0.443848 -13.916016 0.915527 -0.061035 10.931396 -50.767822 79.403687 -8.317000 1.629000 -3.719000 30.140000
0.746582 -0.449707 -0.429688 -5.432129 13.122559 -5.187988 7.646484 -50.773315 80.474854 -8.341000 1.628000 -3.752000 30.180000
0.767090 -0.446289 -0.428223 -53.527832 15.197754 3.173828 6.690674 -51.328125 79.974976 -8.330000 1.634000 -3.569000 30.180000
0.791016 -0.524902 -0.233398 -35.522461 162.841797 82.824707 22.318726 -55.453491 46.175537 -7.319000 2.405000 -4.041000 30.080000
0.780273 -0.571289 -0.090820 -60.302734 125.793457 26.245117 40.215454 -53.344116 20.033569 -6.115000 2.918000 -4.407000 30.180000
0.711426 -0.636719 -0.121582 -228.271484 86.608887 90.515137 34.486084 -46.686401 -0.472412 -4.856000 3.836000 -3.535000 30.140000
0.614258 -0.711426 -0.187988 -178.039551 130.554199 225.402832 25.405884 -35.156250 -21.181641 -3.330000 4.484000 -1.428000 30.260000
0.361328 -0.874512 -0.339844 -111.999512 31.860352 159.301758 23.571167 -20.692749 -34.249878 -1.670000 4.025000 -0.097000 30.200000
0.180664 -0.932617 -0.339355 -12.817383 -32.043457 14.282227 21.708984 -12.870483 -36.754761 -0.393000 3.258000 0.678000 30.230000
0.128418 -0.796875 -0.315918 34.729004 -25.085449 0.488281 24.038086 -11.458740 -33.777466 -0.413000 3.312000 0.446000 30.210000
0.146973 -0.792480 -0.317871 27.099609 -17.150879 -18.371582 24.900513 -12.084961 -30.866089 -0.352000 3.488000 0.168000 30.180000
0.079102 -0.914062 -0.302734 14.953613 -17.456055 10.070801 27.614136 -11.129150 -29.503784 -0.333000 3.582000 -0.099000 30.190000
0.119629 -1.053711 -0.316895 7.873535 -42.358398 56.518555 26.795654 -5.372314 -27.921753 -0.178000 3.423000 -0.115000 30.330000
0.015625 0.004395 -0.982910 127.624512 -22.338867 -0.366211 -27.235107 -0.274658 -22.307739 0.019000 1.064000 2.231000 30.220000
-0.016113 -0.055664 -1.006348 26.672363 -4.760742 0.732422 -27.877808 -0.351562 -22.131958 0.141000 0.166000 3.053000 30.370000
-0.011230 -0.043457 -0.997559 -10.864258 2.563477 -0.183105 -29.031372 -0.466919 -22.016602 0.159000 0.093000 3.166000 30.260000
-0.009277 -0.029297 -0.991211 4.943848 -0.366211 0.183105 -29.734497 -0.472412 -21.901245 0.169000 0.080000 3.181000 30.300000
-0.011719 -0.037109 -0.995117 -3.234863 1.098633 0.000000 -30.437622 -0.472412 -21.791382 0.174000 0.083000 3.169000 30.270000
-0.010254 -0.034180 -0.991211 2.502441 0.061035 0.244141 -31.085815 -0.466919 -21.692505 0.187000 0.080000 3.164000 30.290000
-0.010254 -0.037598 -0.995605 1.403809 0.244141 0.122070 -31.723022 -0.461426 -21.604614 0.178000 0.070000 3.172000 30.290000
-0.009766 -0.035645 -0.994629 -1.708984 0.854492 0.122070 -32.277832 -0.444946 -21.516724 0.163000 0.097000 3.179000 30.330000
-0.004395 -0.017578 -0.498047 1.098633 0.244141 0.122070 -32.843628 -0.439453 -21.439819 0.171000 0.085000 3.166000 30.220000
-0.009277 -0.035645 -0.995117 -0.305176 0.549316 0.122070 -33.348999 -0.428467 -21.362915 0.176000 0.102000 3.166000 30.400000
-0.009766 -0.036621 -0.995117 0.427246 0.427246 0.122070 -33.848877 -0.422974 -21.291504 0.184000 0.096000 3.182000 30.320000
-0.008301 -0.035156 -0.995605 0.366211 0.427246 0.000000 -35.145264 -0.401001 -21.088257 0.178000 0.061000 3.165000 30.300000
-0.008789 -0.033691 -0.994629 0.305176 0.427246 0.000000 -35.540771 -0.401001 -21.022339 0.187000 0.098000 3.170000 30.410000
-0.008789 -0.034180 -0.995605 0.427246 0.427246 0.000000 -35.903320 -0.395508 -20.961914 0.181000 0.082000 3.167000 30.350000
-0.009277 -0.033691 -0.994629 0.305176 0.427246 0.000000 -36.254883 -0.390015 -20.906982 0.186000 0.079000 3.163000 30.360000
-0.008789 -0.034668 -0.995605 -0.061035 0.488281 0.000000 -36.573486 -0.384521 -20.852051 0.188000 0.061000 3.165000 30.370000
-0.008789 -0.031738 -0.994629 0.000000 0.488281 0.000000 -37.161255 -0.373535 -20.758667 0.189000 0.076000 3.161000 30.370000
-0.008789 -0.033691 -0.995605 0.549316 0.427246 0.000000 -37.441406 -0.373535 -20.709229 0.197000 0.067000 3.164000 30.290000
-0.009277 -0.032227 -0.994629 -0.061035 0.549316 0.000000 -37.694092 -0.368042 -20.670776 0.185000 0.071000 3.162000 30.360000
-0.009766 -0.033691 -0.997070 -0.122070 0.488281 0.000000 -37.963257 -0.362549 -20.632324 0.192000 0.080000 3.163000 30.420000
-0.007324 -0.026367 -0.992676 -0.366211 0.732422 0.000000 -38.199463 -0.362549 -20.593872 0.191000 0.066000 3.169000 30.440000
-0.008301 -0.028809 -0.994629 0.244141 0.488281 0.000000 -38.864136 -0.368042 -20.494995 0.178000 0.052000 3.164000 30.410000
-0.008789 -0.030273 -0.995605 0.000000 0.427246 0.000000 -39.034424 -0.362549 -20.467529 0.182000 0.034000 3.158000 30.430000
-0.008301 -0.028809 -0.994629 0.610352 0.366211 0.000000 -39.215698 -0.357056 -20.440063 0.177000 0.060000 3.163000 30.420000
-0.003906 -0.014648 -0.497559 0.000000 0.488281 0.000000 -39.364014 -0.351562 -20.412598 0.181000 0.032000 3.167000 30.450000
-0.007812 -0.028809 -0.995117 0.671387 0.427246 0.000000 -39.523315 -0.346069 -20.390625 0.191000 0.065000 3.164000 30.420000
-0.008301 -0.028809 -0.995117 0.488281 0.427246 0.000000 -39.792480 -0.346069 -20.341187 0.172000 0.034000 3.165000 30.470000
-0.007324 -0.029297 -0.994629 0.305176 0.488281 0.000000 -39.924316 -0.346069 -20.324707 0.198000 0.012000 3.148000 30.440000
-0.008789 -0.028809 -0.994141 0.183105 0.427246 0.000000 -40.039673 -0.346069 -20.302734 0.173000 -0.004000 3.131000 30.420000
-0.009277 -0.024902 -0.998047 0.244141 0.488281 0.000000 -40.155029 -0.340576 -20.286255 0.189000 0.019000 3.156000 30.460000
-0.007324 -0.029297 -0.995605 0.549316 0.488281 0.000000 -40.264893 -0.340576 -20.269775 0.163000 0.009000 3.152000 30.480000
-0.007812 -0.029785 -0.996094 0.244141 0.488281 0.122070 -40.550537 -0.329590 -20.264282 0.172000 0.023000 3.165000 30.410000
-0.007324 -0.029297 -0.995605 0.366211 0.549316 0.122070 -40.638428 -0.329590 -20.264282 0.161000 0.017000 3.155000 30.510000
-0.008301 -0.028320 -0.995117 0.427246 0.427246 0.122070 -40.715332 -0.329590 -20.264282 0.163000 0.018000 3.147000 30.560000
-0.008301 -0.028809 -0.995605 0.305176 0.427246 0.061035 -40.786743 -0.329590 -20.264282 0.177000 0.003000 3.149000 30.350000
-0.008301 -0.028320 -0.995605 0.427246 0.427246 0.000000 -40.858154 -0.324097 -20.264282 0.177000 0.020000 3.162000 30.480000
-0.008301 -0.028320 -0.995117 0.366211 0.427246 0.000000 -40.979004 -0.324097 -20.242310 0.165000 0.037000 3.147000 30.370000
-0.007812 -0.027832 -0.995605 0.183105 0.488281 0.000000 -41.039429 -0.324097 -20.236816 0.169000 0.051000 3.159000 30.510000
-0.008301 -0.027832 -0.995117 0.305176 0.427246 0.000000 -41.099854 -0.318604 -20.225830 0.146000 0.015000 3.154000 30.450000
-0.007812 -0.028320 -0.994629 0.305176 0.488281 0.000000 -41.149292 -0.318604 -20.220337 0.161000 0.006000 3.159000 30.480000
-0.007324 -0.028320 -0.996094 0.000000 0.000000 0.000000 -41.220703 -0.291138 -20.209351 0.158000 0.018000 3.165000 30.480000
-0.007812 -0.028809 -0.995117 0.000000 0.000000 0.000000 -41.434937 -0.175781 -20.187378 0.176000 0.008000 3.157000 30.480000
-0.008301 -0.027344 -0.995605 0.000000 0.000000 0.000000 -41.495361 -0.137329 -20.176392 0.161000 0.018000 3.164000 30.500000
-0.008301 -0.027832 -0.996094 0.244141 -0.061035 0.000000 -41.555786 -0.104370 -20.170898 0.167000 0.008000 3.151000 30.480000
-0.007812 -0.026855 -0.995605 -0.122070 0.000000 0.000000 -41.610718 -0.071411 -20.165405 0.160000 0.026000 3.156000 30.430000
-0.007812 -0.027832 -0.995605 0.488281 -0.122070 0.000000 -41.660156 -0.038452 -20.159912 0.155000 0.025000 3.158000 30.610000
-0.006836 -0.026855 -0.995117 0.122070 0.000000 0.000000 -41.759033 0.005493 -20.148926 0.160000 0.013000 3.154000 30.530000
-0.008301 -0.027832 -0.995605 0.000000 0.000000 0.000000 -41.802979 0.032959 -20.143433 0.165000 0.022000 3.166000 30.460000
-0.007324 -0.026855 -0.995117 0.061035 0.000000 0.000000 -41.846924 0.054932 -20.137939 0.159000 0.023000 3.152000 30.490000
-0.007812 -0.027832 -0.995605 0.000000 0.000000 0.000000 -41.885376 0.076904 -20.132446 0.170000 0.021000 3.156000 30.480000
-0.006836 -0.027832 -0.995605 -0.061035 0.000000 0.000000 -41.923828 0.093384 -20.132446 0.147000 0.053000 3.143000 30.560000
-0.007812 -0.027344 -0.995605 -0.061035 0.000000 0.000000 -42.022705 0.148315 -20.121460 0.182000 0.024000 3.158000 30.540000
-0.007812 -0.026367 -0.995117 0.061035 0.000000 0.000000 -42.050171 0.164795 -20.115967 0.175000 0.013000 3.148000 30.470000
-0.007812 -0.026855 -0.995605 0.061035 0.000000 0.000000 -42.077637 0.181274 -20.110474 0.183000 0.007000 3.142000 30.540000
-0.008301 -0.027344 -0.994629 -0.061035 0.061035 0.000000 -42.105103 0.192261 -20.110474 0.169000 0.012000 3.147000 30.530000
-0.007324 -0.026855 -0.996094 0.183105 0.000000 0.000000 -42.127075 0.208740 -20.104980 0.169000 0.017000 3.149000 30.510000
-0.008301 -0.027344 -0.995605 0.061035 0.000000 0.000000 -42.171021 0.230713 -20.104980 0.166000 0.009000 3.144000 30.600000
-0.008301 -0.027832 -0.995117 0.000000 0.000000 0.000000 -42.192993 0.241699 -20.099487 0.176000 0.032000 3.145000 30.440000
-0.007812 -0.027832 -0.996094 0.000000 0.000000 0.000000 -42.214966 0.252686 -20.099487 0.172000 0.008000 3.151000 30.630000
-0.007812 -0.026855 -0.995605 0.122070 0.000000 0.000000 -42.231445 0.263672 -20.093994 0.165000 0.004000 3.145000 30.540000
-0.008301 -0.027344 -0.995605 0.061035 0.000000 0.000000 -42.247925 0.274658 -20.093994 0.174000 0.015000 3.150000 30.560000
-0.007812 -0.026855 -0.995605 0.061035 0.000000 0.000000 -42.302856 0.302124 -20.088501 0.173000 0.020000 3.144000 30.530000
-0.008301 -0.025391 -0.994629 0.061035 0.000000 0.000000 -42.319336 0.307617 -20.088501 0.163000 0.019000 3.155000 30.530000
-0.008301 -0.027344 -0.995117 -1.281738 0.183105 0.000000 -42.324829 0.313110 -20.088501 0.173000 0.022000 3.157000 30.580000
-0.007324 -0.024414 -0.995605 0.854492 -0.122070 0.000000 -42.352295 0.318604 -20.083008 0.170000 0.023000 3.159000 30.570000
-0.007324 -0.026367 -0.995605 0.183105 0.000000 0.000000 -42.357788 0.324097 -20.083008 0.160000 0.020000 3.146000 30.530000
-0.008301 -0.025391 -0.995117 -0.061035 0.000000 0.000000 -42.379761 0.340576 -20.083008 0.166000 0.006000 3.150000 30.550000
-0.007812 -0.026855 -0.995605 0.061035 0.000000 0.000000 -42.390747 0.346069 -20.083008 0.177000 0.007000 3.144000 30.570000
-0.007324 -0.025879 -0.995605 0.000000 0.000000 0.000000 -42.401733 0.346069 -20.077515 0.166000 0.044000 3.141000 30.460000
-0.008301 -0.026367 -0.994629 -0.183105 0.000000 0.000000 -42.412720 0.351562 -20.077515 0.165000 0.016000 3.156000 30.590000
-0.007812 -0.025879 -0.995605 0.183105 0.000000 0.000000 -42.429199 0.357056 -20.077515 0.155000 0.020000 3.161000 30.550000
-0.007812 -0.025391 -0.995605 0.000000 0.000000 0.000000 -42.445679 0.368042 -20.077515 0.158000 0.016000 3.148000 30.620000
-0.006836 -0.025879 -0.995117 0.000000 0.000000 0.000000 -42.451172 0.368042 -20.077515 0.165000 0.001000 3.147000 30.610000
-0.007812 -0.024902 -0.995117 -0.183105 0.000000 0.000000 -42.456665 0.373535 -20.077515 0.168000 0.024000 3.140000 30.480000
-0.006836 -0.025879 -0.995605 0.122070 -0.061035 0.000000 -42.473145 0.379028 -20.077515 0.160000 0.035000 3.149000 30.630000
-0.007324 -0.026367 -0.995605 0.061035 0.000000 0.000000 -42.473145 0.379028 -20.072021 0.158000 0.033000 3.143000 30.600000
-0.007324 -0.026855 -0.996094 0.183105 -0.061035 0.000000 -42.495117 0.390015 -20.072021 0.155000 0.010000 3.154000 30.610000
-0.008301 -0.025391 -0.995117 0.000000 0.000000 0.000000 -42.500610 0.390015 -20.072021 0.162000 0.006000 3.146000 30.590000
-0.007812 -0.026367 -0.994629 0.183105 0.000000 0.000000 -42.506104 0.390015 -20.072021 0.166000 0.022000 3.143000 30.590000
-0.007812 -0.025879 -0.995605 0.000000 0.000000 0.000000 -42.511597 0.395508 -20.072021 0.154000 -0.004000 3.147000 30.710000
-0.007324 -0.025391 -0.995605 0.000000 0.000000 0.000000 -42.517090 0.395508 -20.072021 0.164000 0.005000 3.144000 30.700000
-0.006836 -0.025391 -0.995605 0.000000 0.000000 0.000000 -42.528076 0.401001 -20.072021 0.157000 -0.008000 3.155000 30.650000
-0.007812 -0.025391 -0.995117 0.000000 0.000000 0.000000 -42.533569 0.401001 -20.072021 0.167000 0.017000 3.158000 30.660000
-0.007812 -0.025391 -0.995605 0.061035 0.000000 0.000000 -42.539062 0.401001 -20.072021 0.174000 0.039000 3.155000 30.700000
-0.006836 -0.025391 -0.995605 0.061035 0.000000 0.000000 -42.550049 0.401001 -20.072021 0.161000 0.022000 3.150000 30.700000
-0.007324 -0.025391 -0.995605 -0.061035 0.000000 0.000000 -42.555542 0.401001 -20.066528 0.158000 0.004000 3.153000 30.660000
-0.007324 -0.024414 -0.995605 0.000000 0.000000 0.000000 -42.572021 0.401001 -20.066528 0.158000 -0.007000 3.144000 30.630000
-0.006836 -0.026367 -0.996094 0.000000 0.000000 0.000000 -42.583008 0.406494 -20.066528 0.153000 0.000000 3.147000 30.630000
-0.007812 -0.024902 -0.995605 0.000000 0.000000 0.000000 -42.588501 0.406494 -20.066528 0.168000 0.002000 3.155000 30.620000
-0.007324 -0.025879 -0.996094 0.000000 0.000000 0.000000 -42.593994 0.406494 -20.066528 0.166000 -0.001000 3.151000 30.550000
-0.007812 -0.024902 -0.995605 0.000000 0.000000 0.000000 -42.599487 0.411987 -20.066528 0.162000 -0.009000 3.151000 30.630000
-0.007324 -0.025391 -0.996094 0.244141 -0.061035 0.000000 -42.615967 0.411987 -20.066528 0.165000 -0.008000 3.148000 30.670000
-0.007324 -0.024902 -0.995117 -0.122070 0.000000 0.000000 -42.621460 0.411987 -20.066528 0.170000 0.012000 3.142000 30.690000
-0.007324 -0.025391 -0.996094 0.122070 0.000000 0.000000 -42.626953 0.411987 -20.066528 0.161000 -0.001000 3.156000 30.660000
-0.007324 -0.025391 -0.995605 -0.061035 0.000000 0.000000 -42.632446 0.411987 -20.066528 0.170000 -0.008000 3.140000 30.640000
-0.007812 -0.025391 -0.995605 -0.183105 0.000000 0.000000 -42.632446 0.411987 -20.066528 0.172000 0.015000 3.144000 30.610000
-0.007324 -0.023926 -0.995605 0.000000 0.000000 0.000000 -42.637939 0.411987 -20.066528 0.156000 0.018000 3.152000 30.590000
-0.006836 -0.026367 -0.996094 0.061035 0.000000 0.000000 -42.643433 0.411987 -20.066528 0.168000 -0.008000 3.148000 30.590000
-0.007812 -0.024902 -0.995605 -0.061035 0.000000 0.000000 -42.648926 0.411987 -20.066528 0.165000 0.006000 3.143000 30.570000
-0.007324 -0.024414 -0.995117 0.000000 0.000000 0.000000 -42.648926 0.411987 -20.066528 0.162000 -0.004000 3.146000 30.570000
-0.006836 -0.024902 -0.995605 0.000000 0.000000 0.000000 -42.648926 0.411987 -20.066528 0.154000 0.001000 3.144000 30.730000
-0.006836 -0.025391 -0.994629 0.000000 0.000000 0.000000 -42.654419 0.411987 -20.066528 0.160000 0.000000 3.151000 30.690000
-0.007324 -0.024902 -0.996094 0.000000 0.000000 0.000000 -42.659912 0.411987 -20.066528 0.147000 -0.012000 3.141000 30.600000
-0.007324 -0.024902 -0.996094 0.000000 0.000000 0.000000 -42.665405 0.411987 -20.066528 0.169000 0.014000 3.143000 30.660000
-0.007324 -0.024414 -0.995117 0.000000 0.000000 0.000000 -42.665405 0.411987 -20.066528 0.168000 0.029000 3.149000 30.610000
-0.007324 -0.024414 -0.995605 0.000000 0.000000 0.000000 -42.670898 0.406494 -20.066528 0.158000 0.008000 3.151000 30.670000
-0.007324 -0.024902 -0.995605 0.000000 0.000000 0.000000 -42.676392 0.406494 -20.066528 0.165000 0.004000 3.146000 30.670000
-0.007324 -0.023926 -0.996582 0.122070 0.000000 0.000000 -42.681885 0.406494 -20.066528 0.152000 0.014000 3.143000 30.640000
-0.007324 -0.025391 -0.995605 -0.061035 0.000000 0.000000 -42.681885 0.406494 -20.066528 0.165000 0.009000 3.144000 30.700000
-0.007324 -0.024902 -0.996094 0.183105 0.000000 0.000000 -42.681885 0.406494 -20.066528 0.165000 -0.011000 3.146000 30.740000
-0.007324 -0.025391 -0.995605 0.000000 0.000000 0.000000 -42.687378 0.406494 -20.066528 0.163000 0.006000 3.131000 30.570000
-0.006836 -0.024902 -0.995117 0.000000 0.000000 0.000000 -42.687378 0.406494 -20.066528 0.164000 0.000000 3.134000 30.620000
-0.007324 -0.024902 -0.995605 0.000000 0.000000 0.000000 -42.692871 0.406494 -20.066528 0.163000 -0.010000 3.142000 30.510000
-0.007324 -0.023438 -0.995117 0.183105 0.000000 0.000000 -42.698364 0.406494 -20.066528 0.166000 0.007000 3.132000 30.700000
-0.007324 -0.024414 -0.996094 0.000000 0.000000 0.000000 -42.698364 0.401001 -20.066528 0.185000 0.014000 3.133000 30.640000
-0.007324 -0.024414 -0.995605 0.000000 0.000000 0.000000 -42.698364 0.401001 -20.066528 0.181000 0.017000 3.141000 30.700000
-0.007812 -0.023438 -0.995605 0.000000 0.000000 0.000000 -42.703857 0.401001 -20.066528 0.170000 0.010000 3.153000 30.690000
-0.007812 -0.023926 -0.995605 0.000000 0.000000 0.000000 -42.709351 0.401001 -20.066528 0.166000 0.021000 3.139000 30.630000
-0.007324 -0.024414 -0.995605 0.000000 0.000000 0.000000 -42.709351 0.401001 -20.066528 0.165000 0.004000 3.144000 30.690000
-0.007324 -0.024414 -0.996094 0.000000 0.000000 0.000000 -42.709351 0.401001 -20.066528 0.158000 0.013000 3.149000 30.650000
-0.007324 -0.024414 -0.995605 0.000000 0.000000 0.000000 -42.714844 0.401001 -20.066528 0.177000 -0.006000 3.140000 30.670000
-0.007812 -0.024414 -0.996094 0.000000 0.000000 0.000000 -42.714844 0.401001 -20.066528 0.159000 -0.022000 3.142000 30.590000
-0.007324 -0.024414 -0.997070 0.000000 0.000000 0.000000 -42.720337 0.401001 -20.066528 0.161000 0.012000 3.140000 30.600000
-0.007324 -0.023926 -0.995605 0.000000 0.000000 0.000000 -42.720337 0.401001 -20.066528 0.176000 -0.007000 3.143000 30.700000
-0.007324 -0.024902 -0.995605 0.000000 0.000000 0.000000 -42.725830 0.395508 -20.066528 0.175000 -0.017000 3.147000 30.700000
-0.008301 -0.024414 -0.995605 0.000000 0.000000 0.000000 -42.725830 0.395508 -20.066528 0.162000 -0.012000 3.142000 30.680000
-0.007324 -0.024414 -0.995605 0.000000 0.000000 0.000000 -42.725830 0.395508 -20.066528 0.182000 -0.032000 3.142000 30.620000
