-0.003418 -0.928223 0.339355 0.793457 0.366211 -0.366211 -73.416138 -1.285400 -40.561523 -2.648000 0.667000 3.194000 27.680000
-0.002441 -0.927734 0.339355 0.427246 0.305176 -0.366211 -73.416138 -1.285400 -40.517578 -2.615000 0.671000 3.201000 27.790000
-0.003418 -0.927246 0.339355 0.305176 0.305176 -0.427246 -73.416138 -1.285400 -40.462646 -2.580000 0.680000 3.171000 27.760000
-0.002930 -0.927734 0.338867 0.854492 0.366211 -0.366211 -73.410645 -1.285400 -40.446167 -2.636000 0.670000 3.174000 27.810000
-0.003418 -0.927246 0.338867 0.915527 0.366211 -0.427246 -73.405151 -1.285400 -40.446167 -2.664000 0.666000 3.177000 27.760000
-0.002930 -0.927246 0.340332 0.488281 0.366211 -0.305176 -73.405151 -1.285400 -40.429688 -2.654000 0.678000 3.178000 27.720000
-0.003418 -0.928223 0.338379 0.427246 0.366211 -0.366211 -73.405151 -1.285400 -40.391235 -2.666000 0.678000 3.176000 27.840000
-0.003418 -0.927246 0.338867 0.793457 0.427246 -0.427246 -73.394165 -1.285400 -40.341797 -2.603000 0.669000 3.178000 27.740000
-0.003418 -0.927734 0.338379 0.671387 0.366211 -0.366211 -73.394165 -1.285400 -40.303345 -2.616000 0.678000 3.176000 27.760000
-0.003418 -0.927246 0.339355 0.549316 0.366211 -0.366211 -73.394165 -1.290894 -40.270386 -2.703000 0.668000 3.147000 27.790000
-0.003906 -0.927734 0.339355 0.610352 0.366211 -0.366211 -73.394165 -1.290894 -40.242920 -2.658000 0.680000 3.175000 27.870000
-0.003906 -0.927246 0.339844 0.854492 0.366211 -0.366211 -73.388672 -1.290894 -40.220947 -2.586000 0.672000 3.168000 27.830000
-0.003418 -0.928223 0.338379 0.488281 0.305176 -0.366211 -73.388672 -1.290894 -40.166016 -2.579000 0.675000 3.185000 27.820000
-0.003906 -0.927246 0.338379 0.610352 0.366211 -0.427246 -73.388672 -1.285400 -40.155029 -2.618000 0.664000 3.194000 27.830000
-0.003418 -0.927246 0.338867 0.854492 0.366211 -0.366211 -73.388672 -1.290894 -40.155029 -2.627000 0.665000 3.177000 27.860000
-0.003418 -0.927734 0.339355 0.732422 0.427246 -0.366211 -73.383179 -1.290894 -40.155029 -2.692000 0.669000 3.186000 27.770000
-0.002930 -0.928711 0.338867 0.671387 0.366211 -0.366211 -73.383179 -1.290894 -40.160522 -2.589000 0.676000 3.169000 27.780000
-0.003418 -0.927246 0.338867 0.610352 0.366211 -0.366211 -73.383179 -1.290894 -40.166016 -2.618000 0.663000 3.195000 27.820000
-0.002930 -0.927246 0.339844 1.037598 0.427246 -0.366211 -73.383179 -1.290894 -40.177002 -2.746000 0.660000 3.180000 27.920000
-0.003906 -0.927734 0.339355 0.549316 0.366211 -0.366211 -73.372192 -1.290894 -40.187988 -2.642000 0.663000 3.192000 27.910000
-0.002930 -0.927246 0.339355 0.305176 0.366211 -0.366211 -73.377686 -1.290894 -40.204468 -2.593000 0.675000 3.175000 27.880000
-0.003906 -0.926758 0.339355 0.854492 0.427246 -0.427246 -73.383179 -1.290894 -40.220947 -2.630000 0.675000 3.201000 27.910000
-0.003418 -0.926758 0.337891 0.305176 0.366211 -0.305176 -73.372192 -1.285400 -40.281372 -2.649000 0.669000 3.187000 27.840000
-0.003418 -0.927734 0.338379 0.976562 0.366211 -0.366211 -73.377686 -1.285400 -40.303345 -2.642000 0.665000 3.156000 27.860000
-0.003418 -0.926758 0.339355 0.854492 0.366211 -0.366211 -73.377686 -1.285400 -40.325317 -2.796000 0.675000 3.185000 27.960000
-0.002930 -0.927734 0.338867 0.915527 0.427246 -0.366211 -73.372192 -1.285400 -40.352783 -2.615000 0.674000 3.169000 27.950000
-0.003418 -0.927246 0.338867 0.366211 0.366211 -0.427246 -73.377686 -1.285400 -40.380249 -2.609000 0.660000 3.177000 27.770000
-0.003418 -0.927734 0.338867 0.610352 0.366211 -0.366211 -73.383179 -1.285400 -40.440674 -2.584000 0.675000 3.175000 27.860000
-0.003418 -0.927246 0.339355 0.610352 0.366211 -0.366211 -73.383179 -1.285400 -40.468140 -2.779000 0.672000 3.192000 27.880000
-0.003418 -0.927246 0.339355 0.610352 0.366211 -0.427246 -73.383179 -1.285400 -40.501099 -2.682000 0.671000 3.177000 27.920000
-0.003418 -0.927246 0.339355 0.610352 0.427246 -0.366211 -73.377686 -1.285400 -40.534058 -2.688000 0.665000 3.167000 27.960000
-0.003418 -0.928223 0.338867 0.671387 0.427246 -0.366211 -73.377686 -1.279907 -40.567017 -2.739000 0.680000 3.183000 27.890000
-0.002441 -0.928223 0.339355 0.427246 0.305176 -0.366211 -73.377686 -1.279907 -40.638428 -2.608000 0.662000 3.169000 27.950000
-0.003906 -0.928223 0.340332 0.793457 0.366211 -0.305176 -73.377686 -1.285400 -40.671387 -2.631000 0.675000 3.190000 27.920000
-0.002930 -0.927734 0.339844 0.732422 0.427246 -0.366211 -73.372192 -1.279907 -40.709839 -2.753000 0.670000 3.182000 27.930000
-0.003418 -0.927246 0.338867 0.366211 0.366211 -0.366211 -73.366699 -1.279907 -40.748291 -2.703000 0.682000 3.184000 27.920000
-0.003418 -0.927246 0.338867 0.732422 0.366211 -0.427246 -73.366699 -1.279907 -40.786743 -2.707000 0.653000 3.179000 27.950000
-0.003418 -0.927734 0.339355 0.427246 0.366211 -0.366211 -73.361206 -1.279907 -40.907593 -2.687000 0.666000 3.180000 27.940000
-0.002930 -0.927734 0.339355 0.610352 0.366211 -0.366211 -73.361206 -1.279907 -40.951538 -2.608000 0.669000 3.173000 27.940000
-0.003906 -0.927246 0.339355 0.793457 0.366211 -0.366211 -73.355713 -1.279907 -40.989990 -2.599000 0.674000 3.180000 27.890000
-0.002930 -0.926758 0.339355 0.366211 0.366211 -0.366211 -73.361206 -1.279907 -41.033936 -2.662000 0.678000 3.180000 27.950000
-0.002930 -0.927246 0.338379 0.671387 0.366211 -0.366211 -73.361206 -1.279907 -41.072388 -2.701000 0.657000 3.195000 27.970000
-0.002930 -0.927734 0.338867 0.366211 0.366211 -0.366211 -73.350220 -1.285400 -41.154785 -2.672000 0.664000 3.175000 27.930000
-0.002930 -0.927246 0.337891 0.854492 0.366211 -0.427246 -73.355713 -1.285400 -41.198730 -2.651000 0.669000 3.171000 27.940000
-0.002441 -0.926270 0.339844 0.915527 0.427246 -0.366211 -73.361206 -1.285400 -41.242676 -2.652000 0.674000 3.170000 28.040000
-0.003906 -0.926758 0.339355 0.244141 0.366211 -0.366211 -73.355713 -1.285400 -41.286621 -2.643000 0.676000 3.175000 28.020000
-0.002930 -0.927246 0.338379 0.488281 0.366211 -0.366211 -73.355713 -1.285400 -41.330566 -2.642000 0.666000 3.173000 28.000000
-0.003418 -0.926758 0.339844 0.732422 0.366211 -0.366211 -73.350220 -1.285400 -41.462402 -2.701000 0.673000 3.177000 27.970000
-0.003418 -0.927734 0.339844 0.549316 0.366211 -0.366211 -73.350220 -1.285400 -41.506348 -2.639000 0.670000 3.180000 27.990000
-0.002930 -0.927246 0.338379 0.671387 0.366211 -0.366211 -73.355713 -1.285400 -41.550293 -2.593000 0.661000 3.176000 28.070000
-0.003418 -0.926758 0.339355 0.915527 0.366211 -0.427246 -73.350220 -1.285400 -41.594238 -2.665000 0.669000 3.179000 28.090000
-0.003906 -0.927246 0.339844 0.549316 0.427246 -0.366211 -73.350220 -1.285400 -41.643677 -2.584000 0.672000 3.179000 27.950000
-0.003418 -0.926758 0.339355 0.732422 0.427246 -0.366211 -73.350220 -1.285400 -41.731567 -2.644000 0.675000 3.187000 28.060000
-0.003418 -0.926758 0.339844 0.305176 0.305176 -0.366211 -73.344727 -1.285400 -41.781006 -2.614000 0.666000 3.184000 27.940000
-0.003418 -0.927246 0.338379 0.793457 0.366211 -0.427246 -73.344727 -1.285400 -41.824951 -2.759000 0.673000 3.186000 28.020000
-0.002930 -0.926758 0.339355 0.915527 0.427246 -0.366211 -73.350220 -1.285400 -41.868896 -2.649000 0.671000 3.190000 28.010000
-0.002930 -0.927734 0.338867 0.610352 0.427246 -0.366211 -73.344727 -1.285400 -41.918335 -2.682000 0.661000 3.193000 27.990000
-0.003906 -0.927246 0.338867 0.244141 0.366211 -0.305176 -73.344727 -1.285400 -41.978760 -2.593000 0.663000 3.171000 28.020000
-0.003906 -0.927246 0.337891 0.427246 0.366211 -0.366211 -73.350220 -1.285400 -41.846924 -2.583000 0.671000 3.141000 27.960000
-0.003906 -0.926758 0.339355 0.793457 0.427246 -0.366211 -73.355713 -1.285400 -41.759033 -2.662000 0.673000 3.161000 28.090000
-0.002930 -0.927246 0.339844 0.488281 0.366211 -0.305176 -73.344727 -1.285400 -41.693115 -2.661000 0.666000 3.167000 28.090000
-0.003418 -0.927246 0.339355 0.549316 0.427246 -0.427246 -73.344727 -1.285400 -41.654663 -2.877000 0.680000 3.164000 27.980000
-0.002930 -0.927246 0.339355 0.854492 0.366211 -0.366211 -73.350220 -1.285400 -41.594238 -2.691000 0.669000 3.183000 28.110000
-0.003418 -0.927246 0.339355 0.793457 0.366211 -0.366211 -73.344727 -1.285400 -41.577759 -2.738000 0.673000 3.174000 27.990000
-0.002930 -0.927246 0.338867 0.549316 0.366211 -0.366211 -73.350220 -1.285400 -41.522827 -2.619000 0.666000 3.171000 28.080000
-0.002930 -0.926758 0.339844 0.488281 0.366211 -0.366211 -73.355713 -1.285400 -41.423950 -2.586000 0.669000 3.170000 28.110000
-0.002930 -0.927246 0.338867 -0.061035 0.366211 -0.427246 -73.355713 -1.290894 -41.330566 -2.586000 0.664000 3.187000 28.050000
-0.003418 -0.927246 0.339844 0.427246 0.366211 -0.366211 -73.344727 -1.285400 -41.077881 -2.592000 0.667000 3.183000 28.130000
-0.002930 -0.926758 0.339355 0.427246 0.366211 -0.366211 -73.344727 -1.285400 -41.138306 -2.780000 0.670000 3.181000 28.060000
-0.003906 -0.927734 0.339355 0.854492 0.366211 -0.366211 -73.339233 -1.285400 -41.143799 -2.786000 0.667000 3.162000 27.980000
-0.003418 -0.927734 0.339844 0.732422 0.366211 -0.366211 -73.339233 -1.285400 -41.193237 -2.827000 0.675000 3.177000 28.020000
-0.002930 -0.926758 0.339355 0.549316 0.427246 -0.366211 -73.339233 -1.279907 -41.198730 -2.735000 0.676000 3.169000 28.130000
-0.002930 -0.927246 0.340332 0.915527 0.427246 -0.366211 -73.339233 -1.279907 -41.088867 -2.589000 0.674000 3.190000 28.040000
-0.003418 -0.927246 0.339844 0.610352 0.366211 -0.366211 -73.333740 -1.279907 -41.011963 -2.597000 0.670000 3.173000 28.090000
-0.002930 -0.927246 0.339355 0.427246 0.366211 -0.427246 -73.339233 -1.285400 -40.929565 -2.644000 0.668000 3.188000 28.000000
-0.002930 -0.927246 0.339844 0.610352 0.366211 -0.427246 -73.339233 -1.285400 -40.852661 -2.692000 0.667000 3.172000 28.030000
-0.003418 -0.926758 0.339844 0.732422 0.427246 -0.366211 -73.339233 -1.285400 -40.786743 -2.670000 0.666000 3.186000 28.100000
-0.002930 -0.926758 0.340332 0.610352 0.366211 -0.366211 -73.333740 -1.285400 -40.621948 -2.719000 0.680000 3.203000 28.080000
-0.002930 -0.927246 0.338867 0.488281 0.366211 -0.366211 -73.333740 -1.285400 -40.578003 -2.690000 0.663000 3.165000 28.100000
-0.003906 -0.927246 0.339844 0.671387 0.366211 -0.427246 -73.333740 -1.285400 -40.539551 -2.590000 0.673000 3.174000 28.120000
-0.004395 -0.927734 0.340332 0.854492 0.366211 -0.366211 -73.328247 -1.285400 -40.506592 -2.580000 0.671000 3.177000 28.030000
-0.003418 -0.926758 0.340820 0.732422 0.427246 -0.427246 -73.328247 -1.279907 -40.473633 -2.666000 0.667000 3.184000 28.200000
-0.003418 -0.927246 0.339844 0.488281 0.366211 -0.305176 -73.328247 -1.279907 -40.429688 -2.617000 0.668000 3.190000 28.050000
-0.004395 -0.926758 0.340332 1.098633 0.427246 -0.366211 -73.328247 -1.279907 -40.413208 -2.595000 0.670000 3.204000 28.130000
-0.003418 -0.927246 0.339355 0.732422 0.366211 -0.366211 -73.322754 -1.274414 -40.396729 -2.601000 0.666000 3.180000 28.020000
-0.003418 -0.927246 0.338867 0.183105 0.305176 -0.366211 -73.322754 -1.274414 -40.391235 -2.685000 0.667000 3.181000 28.240000
-0.002930 -0.928223 0.339355 0.671387 0.366211 -0.366211 -73.328247 -1.274414 -40.418701 -2.742000 0.671000 3.179000 28.050000
-0.002930 -0.927246 0.338867 0.061035 0.366211 -0.366211 -73.322754 -1.279907 -40.517578 -2.642000 0.668000 3.167000 28.130000
-0.002930 -0.927246 0.337402 0.793457 0.366211 -0.366211 -73.328247 -1.279907 -40.523071 -2.799000 0.666000 3.165000 28.170000
-0.003418 -0.927246 0.339355 1.281738 0.366211 -0.427246 -73.328247 -1.279907 -40.484619 -2.642000 0.657000 3.182000 28.120000
-0.004395 -0.926758 0.339844 0.610352 0.366211 -0.427246 -73.322754 -1.279907 -40.539551 -2.677000 0.665000 3.184000 28.130000
-0.003906 -0.928223 0.338867 0.244141 0.366211 -0.366211 -73.328247 -1.279907 -40.517578 -2.700000 0.666000 3.197000 28.130000
-0.003906 -0.926758 0.339844 0.854492 0.366211 -0.366211 -73.328247 -1.279907 -40.479126 -2.680000 0.673000 3.197000 28.200000
-0.003418 -0.927734 0.338867 0.366211 0.366211 -0.427246 -73.328247 -1.279907 -40.479126 -2.731000 0.667000 3.190000 28.130000
-0.003418 -0.927246 0.339844 0.732422 0.366211 -0.305176 -73.333740 -1.279907 -40.539551 -2.786000 0.681000 3.184000 28.120000
-0.003418 -0.926758 0.339844 0.732422 0.366211 -0.427246 -73.333740 -1.279907 -40.572510 -2.643000 0.671000 3.173000 28.170000
-0.003418 -0.927246 0.339844 0.610352 0.427246 -0.366211 -73.333740 -1.279907 -40.539551 -2.597000 0.685000 3.154000 28.210000
-0.003906 -0.927246 0.339355 0.610352 0.366211 -0.366211 -73.333740 -1.274414 -40.435181 -2.593000 0.665000 3.191000 28.150000
-0.003418 -0.926758 0.339355 0.915527 0.427246 -0.366211 -73.328247 -1.274414 -40.391235 -2.589000 0.681000 3.174000 28.170000
-0.003906 -0.927246 0.338867 0.610352 0.366211 -0.366211 -73.328247 -1.274414 -40.358276 -2.604000 0.659000 3.178000 28.260000
-0.003906 -0.927734 0.338867 0.549316 0.366211 -0.427246 -73.328247 -1.279907 -40.330811 -2.693000 0.681000 3.176000 28.090000
-0.003906 -0.927734 0.338867 0.488281 0.366211 -0.427246 -73.333740 -1.279907 -40.303345 -2.651000 0.669000 3.162000 28.190000
-0.003418 -0.927734 0.339844 0.854492 0.427246 -0.427246 -73.322754 -1.285400 -40.270386 -2.637000 0.672000 3.174000 28.200000
-0.003906 -0.925781 0.338867 0.610352 0.427246 -0.305176 -73.328247 -1.279907 -40.259399 -2.585000 0.668000 3.174000 28.180000
-0.004395 -0.927246 0.337402 0.000000 0.488281 -0.244141 -73.361206 -1.263428 -40.253906 -2.585000 0.676000 3.161000 28.130000
-0.004395 -0.927734 0.336914 -0.122070 0.366211 -0.305176 -73.383179 -1.252441 -40.253906 -2.791000 0.683000 3.170000 28.140000
-0.004395 -0.927246 0.338867 0.915527 0.488281 -0.305176 -73.388672 -1.246948 -40.292358 -2.691000 0.670000 3.197000 28.130000
-0.003906 -0.927246 0.337891 0.671387 0.366211 -0.366211 -73.394165 -1.241455 -40.275879 -2.669000 0.674000 3.177000 28.170000
-0.002930 -0.927734 0.338867 0.915527 0.427246 -0.366211 -73.388672 -1.241455 -40.297852 -2.727000 0.684000 3.194000 28.200000
-0.004395 -0.926758 0.338867 0.122070 0.366211 -0.366211 -73.394165 -1.241455 -40.270386 -2.646000 0.683000 3.175000 28.220000
-0.004395 -0.927734 0.336914 0.671387 0.366211 -0.366211 -73.399658 -1.241455 -40.264893 -2.584000 0.679000 3.150000 28.190000
-0.004395 -0.927246 0.338379 1.220703 0.488281 -0.366211 -73.388672 -1.235962 -40.242920 -2.680000 0.675000 3.180000 28.190000
-0.003418 -0.932129 0.318848 0.244141 0.366211 -0.427246 -73.399658 -1.235962 -40.286865 -2.720000 0.674000 3.198000 28.240000
-0.004883 -0.927734 0.347168 13.122559 0.793457 -0.610352 -73.833618 -1.274414 -40.259399 -2.593000 0.689000 3.188000 28.130000
-0.001465 -0.931641 0.323730 5.065918 0.488281 -0.976562 -73.624878 -1.279907 -40.259399 -2.662000 0.686000 3.185000 28.220000
-0.005371 -0.929199 0.330078 6.652832 1.281738 3.051758 -73.751221 -1.323853 -40.242920 -2.680000 0.691000 3.200000 28.110000
-0.004395 -0.925781 0.354980 11.840820 0.976562 -0.244141 -73.460083 -1.252441 -40.226440 -2.686000 0.683000 3.204000 28.280000
-0.002930 -0.930176 0.324707 0.610352 0.549316 0.671387 -73.399658 -1.274414 -40.303345 -2.652000 0.692000 3.195000 28.210000
-0.004395 -0.929688 0.326172 6.958008 0.610352 -0.366211 -73.597412 -1.301880 -40.286865 -2.623000 0.680000 3.190000 28.190000
-0.003418 -0.927734 0.339355 6.835938 0.671387 -0.305176 -73.405151 -1.268921 -40.253906 -2.608000 0.684000 3.200000 28.240000
-0.002930 -0.926270 0.345215 0.488281 0.366211 -0.488281 -73.339233 -1.274414 -40.220947 -2.593000 0.685000 3.197000 28.260000
-0.002930 -0.927734 0.335938 -3.295898 0.183105 -0.366211 -73.300781 -1.279907 -40.187988 -2.587000 0.672000 3.177000 28.230000
-0.003906 -0.926758 0.339844 4.455566 0.549316 -0.305176 -73.267822 -1.274414 -40.215454 -2.694000 0.676000 3.181000 28.180000
-0.004395 -0.927246 0.339844 0.427246 0.427246 -0.366211 -73.234863 -1.263428 -40.237427 -2.620000 0.672000 3.169000 28.240000
-0.003418 -0.926758 0.338379 1.098633 0.427246 -0.366211 -73.234863 -1.263428 -40.226440 -2.612000 0.681000 3.192000 28.130000
-0.002930 -0.927734 0.336914 -1.586914 0.244141 -0.549316 -73.273315 -1.268921 -40.198975 -2.592000 0.676000 3.198000 28.250000
-0.003418 -0.927246 0.339844 -0.671387 0.305176 -0.305176 -73.289795 -1.268921 -40.204468 -2.793000 0.678000 3.201000 28.230000
-0.004395 -0.926270 0.339844 0.427246 0.427246 -0.305176 -73.256836 -1.263428 -40.319824 -2.803000 0.675000 3.192000 28.300000
-0.003906 -0.927246 0.339844 1.037598 0.427246 -0.366211 -73.256836 -1.257935 -40.286865 -2.624000 0.674000 3.205000 28.290000
-0.003906 -0.926270 0.339355 0.854492 0.366211 -0.305176 -73.245850 -1.257935 -40.286865 -2.715000 0.670000 3.193000 28.220000
-0.003906 -0.926758 0.340332 0.366211 0.305176 -0.427246 -73.234863 -1.252441 -40.286865 -2.743000 0.664000 3.185000 28.280000
-0.003418 -0.926270 0.339844 0.610352 0.366211 -0.366211 -73.251343 -1.252441 -40.275879 -2.686000 0.670000 3.192000 28.290000
-0.003906 -0.927246 0.336914 -0.366211 0.366211 -0.366211 -73.300781 -1.235962 -40.303345 -2.652000 0.671000 3.178000 28.240000
-0.003906 -0.927246 0.340820 -1.342773 0.366211 -0.488281 -73.344727 -1.219482 -40.286865 -2.614000 0.676000 3.185000 28.200000
-0.004883 -0.927246 0.337402 1.037598 0.366211 -0.366211 -73.322754 -1.224976 -40.292358 -2.634000 0.680000 3.171000 28.220000
-0.003906 -0.927246 0.338379 1.342773 0.366211 -0.427246 -73.333740 -1.224976 -40.308838 -2.669000 0.680000 3.180000 28.320000
-0.004395 -0.927246 0.339844 0.000000 0.427246 -0.366211 -73.350220 -1.224976 -40.303345 -2.648000 0.688000 3.177000 28.320000
-0.004395 -0.926758 0.338379 0.488281 0.366211 -0.366211 -73.355713 -1.219482 -40.275879 -2.727000 0.680000 3.201000 28.240000
-0.004395 -0.927246 0.339355 0.732422 0.427246 -0.366211 -73.355713 -1.213989 -40.292358 -2.687000 0.675000 3.197000 28.320000
-0.004395 -0.927246 0.338867 0.671387 0.427246 -0.366211 -73.355713 -1.213989 -40.347290 -2.655000 0.686000 3.187000 28.300000
-0.004883 -0.927246 0.339355 0.549316 0.427246 -0.305176 -73.361206 -1.208496 -40.358276 -2.774000 0.674000 3.187000 28.250000
-0.003906 -0.927246 0.338867 0.549316 0.366211 -0.366211 -73.355713 -1.208496 -40.369263 -2.770000 0.672000 3.200000 28.320000
-0.004883 -0.926270 0.339355 -2.136230 0.488281 -0.305176 -73.350220 -1.208496 -40.292358 -2.577000 0.667000 3.188000 28.240000
-0.004395 -0.928223 0.338379 1.953125 0.305176 -0.366211 -73.328247 -1.213989 -40.237427 -2.618000 0.680000 3.199000 28.200000
-0.004395 -0.927246 0.339355 0.854492 0.427246 -0.366211 -73.333740 -1.213989 -40.209961 -2.621000 0.679000 3.185000 28.180000
-0.005371 -0.927246 0.341309 0.000000 0.427246 -0.366211 -73.333740 -1.213989 -40.204468 -2.789000 0.668000 3.172000 28.250000
-0.003906 -0.927246 0.340332 0.854492 0.366211 -0.366211 -73.328247 -1.208496 -40.253906 -2.626000 0.670000 3.178000 28.170000
-0.004883 -0.926758 0.340332 0.610352 0.366211 -0.366211 -73.328247 -1.213989 -40.231934 -2.644000 0.680000 3.177000 28.270000
-0.004883 -0.926758 0.340820 0.610352 0.427246 -0.366211 -73.322754 -1.208496 -40.220947 -2.600000 0.669000 3.170000 28.300000
-0.004883 -0.926758 0.338867 0.976562 0.366211 -0.427246 -73.322754 -1.213989 -40.215454 -2.635000 0.666000 3.183000 28.320000
-0.004395 -0.926758 0.341309 0.488281 0.366211 -0.366211 -73.317261 -1.213989 -40.286865 -2.720000 0.661000 3.177000 28.290000
-0.004395 -0.925781 0.338867 0.793457 0.305176 -0.366211 -73.322754 -1.213989 -40.286865 -2.673000 0.672000 3.192000 28.260000
-0.003418 -0.926758 0.339844 0.732422 0.366211 -0.366211 -73.317261 -1.213989 -40.462646 -2.756000 0.672000 3.186000 28.370000
-0.004395 -0.927246 0.341309 0.671387 0.427246 -0.366211 -73.311768 -1.213989 -40.451660 -2.643000 0.673000 3.156000 28.280000
-0.004395 -0.926270 0.339355 0.549316 0.366211 -0.366211 -73.317261 -1.208496 -40.479126 -2.717000 0.665000 3.180000 28.240000
-0.004395 -0.927246 0.340332 0.549316 0.427246 -0.305176 -73.311768 -1.208496 -40.501099 -2.677000 0.670000 3.173000 28.300000
-0.004395 -0.927246 0.339844 0.610352 0.427246 -0.366211 -73.311768 -1.208496 -40.523071 -2.686000 0.667000 3.169000 28.430000
-0.004883 -0.927246 0.341309 0.488281 0.366211 -0.366211 -73.311768 -1.203003 -40.567017 -2.677000 0.679000 3.189000 28.290000
-0.003906 -0.927246 0.339844 0.671387 0.366211 -0.305176 -73.311768 -1.203003 -40.594482 -2.594000 0.671000 3.189000 28.250000
-0.004395 -0.927246 0.340820 0.671387 0.427246 -0.366211 -73.311768 -1.203003 -40.621948 -2.619000 0.669000 3.158000 28.420000
-0.004883 -0.927734 0.339355 0.671387 0.366211 -0.366211 -73.311768 -1.197510 -40.649414 -2.677000 0.668000 3.178000 28.310000
-0.004883 -0.926758 0.339844 0.488281 0.366211 -0.366211 -73.311768 -1.197510 -40.676880 -2.599000 0.674000 3.174000 28.370000
-0.004883 -0.927734 0.339844 0.732422 0.366211 -0.366211 -73.311768 -1.192017 -40.770264 -2.613000 0.669000 3.189000 28.310000
-0.004883 -0.926758 0.340820 0.488281 0.427246 -0.366211 -73.306274 -1.192017 -40.808716 -2.628000 0.663000 3.198000 28.250000
-0.003906 -0.926758 0.340820 0.610352 0.366211 -0.366211 -73.300781 -1.192017 -40.841675 -2.667000 0.666000 3.188000 28.360000
-0.004883 -0.926758 0.340332 0.671387 0.427246 -0.366211 -73.300781 -1.192017 -40.880127 -2.584000 0.670000 3.194000 28.310000
-0.004395 -0.926270 0.339355 0.549316 0.366211 -0.305176 -73.300781 -1.192017 -40.918579 -2.682000 0.667000 3.178000 28.310000
-0.004395 -0.927734 0.340332 0.671387 0.366211 -0.366211 -73.328247 -1.186523 -40.989990 -2.807000 0.671000 3.182000 28.410000
-0.003906 -0.927246 0.340332 0.854492 0.366211 -0.366211 -73.328247 -1.186523 -41.033936 -2.735000 0.678000 3.197000 28.430000
-0.003906 -0.927246 0.340332 0.488281 0.427246 -0.366211 -73.328247 -1.186523 -41.072388 -2.610000 0.680000 3.196000 28.240000
-0.004395 -0.926758 0.340332 0.854492 0.427246 -0.366211 -73.328247 -1.186523 -41.110840 -2.696000 0.671000 3.168000 28.320000
-0.003906 -0.927734 0.338867 0.732422 0.427246 -0.366211 -73.322754 -1.186523 -41.149292 -2.593000 0.666000 3.181000 28.290000
-0.004395 -0.927246 0.338867 0.549316 0.427246 -0.305176 -73.328247 -1.181030 -41.275635 -2.632000 0.676000 3.170000 28.260000
-0.004883 -0.927734 0.339844 0.549316 0.366211 -0.366211 -73.328247 -1.181030 -41.314087 -2.653000 0.674000 3.171000 28.310000
-0.004883 -0.927734 0.339355 0.854492 0.366211 -0.366211 -73.328247 -1.181030 -41.358032 -2.653000 0.683000 3.178000 28.380000
-0.004883 -0.926758 0.339844 0.610352 0.427246 -0.366211 -73.328247 -1.175537 -41.401978 -2.657000 0.680000 3.179000 28.380000
-0.004395 -0.927246 0.340332 0.610352 0.427246 -0.366211 -73.328247 -1.175537 -41.445923 -2.580000 0.674000 3.195000 28.240000
-0.004883 -0.926758 0.340332 0.000000 0.000000 0.000000 -73.322754 -1.175537 -41.533813 -2.695000 0.686000 3.185000 28.330000
-0.004395 -0.926758 0.340332 0.000000 0.000000 0.000000 -73.361206 -1.164551 -41.544800 -2.637000 0.677000 3.165000 28.390000
-0.003906 -0.927246 0.339844 0.000000 0.000000 0.000000 -73.421631 -1.142578 -41.539307 -2.645000 0.668000 3.191000 28.390000
-0.004395 -0.926758 0.340332 0.000000 0.000000 0.000000 -73.476562 -1.131592 -41.533813 -2.590000 0.669000 3.201000 28.350000
-0.004883 -0.927246 0.339355 0.000000 0.000000 0.000000 -73.531494 -1.115112 -41.533813 -2.589000 0.677000 3.188000 28.400000
-0.004395 -0.926758 0.339844 0.000000 0.000000 0.000000 -73.674316 -1.076660 -41.522827 -2.598000 0.679000 3.166000 28.390000
-0.004395 -0.926758 0.339844 0.000000 0.000000 0.000000 -73.712769 -1.060181 -41.517334 -2.609000 0.672000 3.169000 28.360000
-0.003906 -0.926758 0.339844 0.000000 0.000000 0.000000 -73.751221 -1.049194 -41.511841 -2.681000 0.686000 3.180000 28.380000
-0.003906 -0.927734 0.339844 0.000000 0.000000 0.000000 -73.789673 -1.043701 -41.511841 -2.593000 0.669000 3.178000 28.260000
-0.004883 -0.927246 0.340332 0.000000 0.000000 0.000000 -73.822632 -1.032715 -41.506348 -2.640000 0.679000 3.193000 28.350000
-0.004883 -0.927246 0.339355 0.000000 0.000000 0.000000 -73.888550 -1.010742 -41.500854 -2.591000 0.672000 3.187000 28.320000
-0.004395 -0.927246 0.339844 0.000000 0.000000 0.000000 -73.916016 -1.005249 -41.500854 -2.679000 0.673000 3.199000 28.380000
-0.003906 -0.926758 0.338867 0.000000 0.000000 0.000000 -73.943481 -0.994263 -41.495361 -2.599000 0.667000 3.192000 28.340000
-0.004883 -0.927246 0.339844 0.061035 0.000000 0.000000 -73.970947 -0.988770 -41.495361 -2.605000 0.671000 3.187000 28.440000
-0.004395 -0.926758 0.339844 -0.061035 0.000000 0.000000 -73.987427 -0.977783 -41.495361 -2.589000 0.673000 3.181000 28.360000
-0.005371 -0.927246 0.341309 0.000000 0.000000 0.000000 -74.031372 -0.961304 -41.489868 -2.693000 0.672000 3.194000 28.390000
-0.003906 -0.927246 0.341309 -0.061035 0.000000 0.000000 -74.047852 -0.955811 -41.489868 -2.786000 0.668000 3.178000 28.400000
-0.004883 -0.926758 0.340332 0.000000 0.000000 0.000000 -74.064331 -0.950317 -41.484375 -2.626000 0.666000 3.173000 28.390000
-0.004395 -0.926758 0.341797 0.122070 0.000000 0.000000 -74.080811 -0.944824 -41.484375 -2.750000 0.674000 3.168000 28.410000
-0.004395 -0.927246 0.341309 0.000000 0.000000 0.000000 -74.086304 -0.939331 -41.484375 -2.661000 0.676000 3.170000 28.340000
-0.004883 -0.927246 0.341309 0.061035 0.000000 0.000000 -74.119263 -0.928345 -41.478882 -2.584000 0.683000 3.175000 28.280000
-0.004883 -0.927246 0.341797 0.000000 0.000000 0.000000 -74.124756 -0.928345 -41.478882 -2.660000 0.661000 3.189000 28.410000
-0.004883 -0.927734 0.341797 0.000000 0.000000 0.000000 -74.135742 -0.922852 -41.478882 -2.591000 0.661000 3.195000 28.330000
-0.004395 -0.926758 0.340820 0.000000 0.000000 0.000000 -74.146729 -0.917358 -41.478882 -2.710000 0.662000 3.194000 28.430000
-0.004395 -0.927246 0.342285 0.000000 0.000000 0.000000 -74.157715 -0.917358 -41.478882 -2.608000 0.672000 3.181000 28.520000
