0.010254 0.240723 -0.973145 0.000000 0.000000 0.000000 -58.079224 -0.626221 -1.950073 3.930000 0.579000 4.391000 29.580000
0.010254 0.240234 -0.973145 0.000000 0.000000 0.000000 -58.079224 -0.626221 -1.950073 3.943000 0.597000 4.392000 29.580000
0.010254 0.240723 -0.973145 0.000000 0.000000 0.000000 -58.079224 -0.626221 -1.950073 3.943000 0.573000 4.394000 29.630000
0.010254 0.240234 -0.973145 0.000000 0.000000 0.000000 -58.079224 -0.626221 -1.950073 3.936000 0.592000 4.393000 29.670000
0.010254 0.240723 -0.972656 0.000000 0.000000 0.000000 -58.073730 -0.626221 -1.950073 3.928000 0.572000 4.388000 29.520000
0.010254 0.240234 -0.973145 0.000000 0.000000 0.000000 -58.073730 -0.626221 -1.950073 3.928000 0.557000 4.402000 29.630000
0.009766 0.240234 -0.973145 0.000000 0.000000 0.000000 -58.073730 -0.626221 -1.950073 3.944000 0.576000 4.390000 29.580000
0.010254 0.239258 -0.973145 0.000000 0.000000 0.000000 -58.068237 -0.626221 -1.950073 3.948000 0.567000 4.396000 29.610000
0.010742 0.241211 -0.972656 0.000000 0.000000 0.000000 -58.068237 -0.626221 -1.950073 3.939000 0.592000 4.406000 29.540000
0.010254 0.240234 -0.973145 0.000000 0.000000 0.000000 -58.068237 -0.626221 -1.950073 3.948000 0.560000 4.390000 29.580000
0.010742 0.240234 -0.972656 0.000000 0.000000 0.000000 -58.068237 -0.626221 -1.950073 3.942000 0.568000 4.394000 29.580000
0.009766 0.241211 -0.972656 0.000000 0.000000 0.000000 -58.068237 -0.626221 -1.950073 3.951000 0.549000 4.379000 29.540000
0.010742 0.240723 -0.974121 0.000000 0.000000 0.000000 -58.068237 -0.626221 -1.950073 3.960000 0.547000 4.376000 29.540000
0.010742 0.239746 -0.973145 0.000000 0.000000 0.000000 -58.068237 -0.626221 -1.950073 3.949000 0.584000 4.387000 29.570000
0.010254 0.240234 -0.973633 0.000000 0.000000 0.000000 -58.068237 -0.626221 -1.950073 3.951000 0.561000 4.405000 29.490000
0.010254 0.240723 -0.972656 0.000000 0.000000 0.000000 -58.068237 -0.626221 -1.950073 3.956000 0.578000 4.399000 29.510000
0.010742 0.239746 -0.973145 0.000000 0.000000 0.000000 -58.062744 -0.626221 -1.950073 3.939000 0.588000 4.389000 29.580000
0.010254 0.240234 -0.972656 0.000000 0.000000 0.000000 -58.062744 -0.626221 -1.950073 3.949000 0.581000 4.390000 29.570000
0.009766 0.241699 -0.973145 0.000000 0.000000 0.000000 -58.062744 -0.626221 -1.950073 3.946000 0.582000 4.400000 29.620000
0.010254 0.241211 -0.972656 0.000000 0.000000 0.000000 -58.062744 -0.626221 -1.950073 3.945000 0.573000 4.400000 29.480000
0.010742 0.241211 -0.972656 0.000000 0.000000 0.000000 -58.068237 -0.626221 -1.950073 3.954000 0.559000 4.390000 29.610000
0.009766 0.241211 -0.972656 0.000000 0.000000 0.000000 -58.068237 -0.626221 -1.950073 3.950000 0.590000 4.386000 29.560000
0.010742 0.240723 -0.973145 0.000000 0.000000 0.000000 -58.073730 -0.626221 -1.950073 3.945000 0.581000 4.393000 29.600000
0.010254 0.240723 -0.972168 0.000000 0.000000 0.000000 -58.073730 -0.626221 -1.950073 3.945000 0.588000 4.395000 29.620000
0.009766 0.240723 -0.973145 0.000000 0.000000 0.000000 -58.073730 -0.626221 -1.950073 3.947000 0.588000 4.384000 29.580000
0.009766 0.240723 -0.973145 0.000000 0.000000 0.000000 -58.073730 -0.626221 -1.950073 3.946000 0.581000 4.388000 29.560000
0.010742 0.240723 -0.971680 0.000000 0.000000 0.000000 -58.073730 -0.620728 -1.950073 3.941000 0.573000 4.388000 29.570000
0.010742 0.240723 -0.972656 0.000000 0.000000 0.000000 -58.073730 -0.620728 -1.950073 3.944000 0.569000 4.392000 29.550000
0.010254 0.241699 -0.972168 0.000000 0.000000 0.000000 -58.073730 -0.626221 -1.950073 3.960000 0.590000 4.400000 29.530000
0.011230 0.240234 -0.972656 0.000000 0.000000 0.000000 -58.079224 -0.626221 -1.950073 3.944000 0.595000 4.397000 29.600000
0.011230 0.240723 -0.973145 0.000000 0.000000 0.000000 -58.079224 -0.626221 -1.950073 3.950000 0.573000 4.391000 29.620000
0.011719 0.240723 -0.972656 0.000000 0.000000 0.000000 -58.079224 -0.626221 -1.950073 3.947000 0.579000 4.398000 29.600000
0.010742 0.240723 -0.972656 0.000000 0.000000 0.000000 -58.079224 -0.626221 -1.950073 3.959000 0.579000 4.395000 29.550000
0.010742 0.239746 -0.971191 0.000000 0.000000 0.000000 -58.079224 -0.626221 -1.950073 3.948000 0.579000 4.394000 29.580000
0.011230 0.241211 -0.972656 0.000000 0.000000 0.000000 -58.079224 -0.626221 -1.950073 3.944000 0.570000 4.400000 29.620000
0.010742 0.241699 -0.973633 0.000000 0.000000 0.000000 -58.079224 -0.626221 -1.950073 3.946000 0.586000 4.379000 29.630000
0.010254 0.241211 -0.972656 0.000000 0.000000 0.000000 -58.079224 -0.626221 -1.950073 3.927000 0.593000 4.393000 29.590000
0.010742 0.241699 -0.973633 0.000000 0.000000 0.000000 -58.079224 -0.626221 -1.950073 3.945000 0.605000 4.399000 29.570000
0.010254 0.240723 -0.972656 0.000000 0.000000 0.000000 -58.079224 -0.626221 -1.950073 3.955000 0.585000 4.396000 29.640000
0.009766 0.241211 -0.972168 0.000000 0.000000 0.000000 -58.084717 -0.626221 -1.950073 3.945000 0.610000 4.387000 29.620000
0.009766 0.241211 -0.972168 0.000000 0.000000 0.000000 -58.084717 -0.626221 -1.950073 3.953000 0.572000 4.421000 29.610000
0.010254 0.241211 -0.973145 0.000000 0.000000 0.000000 -58.084717 -0.626221 -1.950073 3.949000 0.588000 4.389000 29.590000
0.010742 0.241699 -0.972656 0.000000 0.000000 0.000000 -58.084717 -0.626221 -1.950073 3.949000 0.574000 4.395000 29.550000
0.010254 0.240723 -0.972656 0.000000 0.000000 0.000000 -58.084717 -0.626221 -1.950073 3.943000 0.603000 4.389000 29.620000
0.010742 0.240723 -0.973145 0.000000 0.000000 0.000000 -58.084717 -0.626221 -1.950073 3.951000 0.580000 4.397000 29.640000
0.010742 0.240723 -0.972656 0.000000 0.000000 0.000000 -58.084717 -0.626221 -1.950073 3.949000 0.569000 4.396000 29.620000
0.010254 0.241699 -0.973633 0.000000 0.000000 0.000000 -58.084717 -0.626221 -1.950073 3.957000 0.573000 4.386000 29.640000
0.009766 0.241699 -0.973145 0.000000 0.000000 0.000000 -58.084717 -0.626221 -1.950073 3.948000 0.602000 4.391000 29.590000
0.010254 0.240234 -0.972656 0.000000 0.000000 0.000000 -58.084717 -0.626221 -1.950073 3.941000 0.568000 4.395000 29.590000
0.009766 0.240723 -0.972168 0.000000 0.000000 0.000000 -58.090210 -0.626221 -1.950073 3.942000 0.592000 4.406000 29.630000
0.010742 0.241699 -0.973145 0.000000 0.000000 0.000000 -58.090210 -0.626221 -1.950073 3.949000 0.576000 4.393000 29.550000
0.010254 0.241699 -0.972656 0.000000 0.000000 0.000000 -58.090210 -0.626221 -1.950073 3.950000 0.602000 4.388000 29.610000
0.010742 0.241211 -0.973145 0.000000 0.000000 0.000000 -58.095703 -0.626221 -1.950073 3.949000 0.583000 4.387000 29.510000
0.010742 0.241211 -0.973145 0.000000 0.000000 0.000000 -58.095703 -0.626221 -1.950073 3.956000 0.576000 4.388000 29.650000
0.010742 0.241699 -0.972656 0.000000 0.000000 0.000000 -58.095703 -0.626221 -1.950073 3.948000 0.576000 4.389000 29.630000
0.011230 0.241211 -0.973145 0.000000 0.000000 0.000000 -58.095703 -0.626221 -1.950073 3.940000 0.605000 4.388000 29.650000
0.010254 0.241211 -0.973145 0.000000 0.000000 0.000000 -58.101196 -0.626221 -1.950073 3.950000 0.593000 4.392000 29.550000
0.011230 0.242188 -0.972656 0.000000 0.000000 0.000000 -58.101196 -0.626221 -1.950073 3.949000 0.608000 4.393000 29.510000
0.010742 0.241699 -0.973145 0.000000 0.000000 0.000000 -58.101196 -0.626221 -1.950073 3.953000 0.579000 4.394000 29.610000
0.011230 0.241699 -0.972168 0.000000 0.000000 0.000000 -58.101196 -0.626221 -1.950073 3.941000 0.582000 4.394000 29.590000
0.010254 0.241211 -0.973145 0.000000 0.000000 0.000000 -58.101196 -0.626221 -1.950073 3.942000 0.572000 4.389000 29.620000
0.010742 0.241699 -0.972168 0.000000 0.000000 0.000000 -58.101196 -0.631714 -1.950073 3.937000 0.585000 4.384000 29.570000
0.010254 0.240723 -0.972656 0.000000 0.000000 0.000000 -58.101196 -0.626221 -1.950073 3.948000 0.581000 4.388000 29.610000
0.010254 0.241211 -0.972656 0.000000 0.000000 0.000000 -58.101196 -0.626221 -1.950073 3.939000 0.569000 4.384000 29.630000
0.010254 0.241699 -0.972656 0.000000 0.000000 0.000000 -58.101196 -0.626221 -1.950073 3.939000 0.566000 4.398000 29.600000
0.010254 0.241211 -0.972656 0.000000 0.000000 0.000000 -58.106689 -0.626221 -1.950073 3.943000 0.592000 4.387000 29.580000
0.009766 0.241211 -0.973145 0.000000 0.000000 0.000000 -58.101196 -0.626221 -1.950073 3.947000 0.593000 4.385000 29.650000
0.010254 0.241699 -0.972656 0.000000 0.000000 0.000000 -58.101196 -0.626221 -1.950073 3.951000 0.575000 4.380000 29.660000
0.010742 0.242188 -0.973633 0.000000 0.000000 0.000000 -58.101196 -0.631714 -1.950073 3.950000 0.585000 4.389000 29.580000
0.010254 0.241211 -0.973145 0.000000 0.000000 0.000000 -58.101196 -0.631714 -1.950073 3.952000 0.588000 4.387000 29.660000
0.010742 0.242188 -0.972656 0.000000 0.000000 0.000000 -58.101196 -0.631714 -1.950073 3.950000 0.578000 4.387000 29.570000
0.010742 0.241211 -0.972656 0.000000 0.000000 0.000000 -58.101196 -0.631714 -1.950073 3.947000 0.593000 4.401000 29.620000
0.010742 0.241211 -0.972656 0.000000 0.000000 0.000000 -58.101196 -0.631714 -1.950073 3.950000 0.566000 4.389000 29.630000
0.010742 0.241211 -0.972656 0.000000 0.000000 0.000000 -58.101196 -0.631714 -1.950073 3.956000 0.600000 4.386000 29.640000
0.011230 0.240723 -0.973145 0.000000 0.000000 0.000000 -58.101196 -0.631714 -1.950073 3.941000 0.581000 4.385000 29.600000
0.010742 0.240723 -0.973145 0.000000 0.000000 0.000000 -58.101196 -0.631714 -1.950073 3.941000 0.569000 4.391000 29.520000
0.010254 0.241699 -0.972656 0.000000 0.000000 0.000000 -58.101196 -0.631714 -1.950073 3.953000 0.606000 4.397000 29.560000
0.010742 0.241699 -0.973633 0.000000 0.000000 0.000000 -58.101196 -0.631714 -1.950073 3.964000 0.580000 4.391000 29.550000
0.011230 0.241211 -0.973145 0.000000 0.000000 0.000000 -58.101196 -0.631714 -1.950073 3.954000 0.585000 4.379000 29.620000
0.010742 0.241211 -0.973633 0.000000 0.000000 0.000000 -58.101196 -0.631714 -1.950073 3.953000 0.575000 4.384000 29.590000
0.010742 0.241211 -0.972656 0.000000 0.000000 0.000000 -58.101196 -0.631714 -1.950073 3.938000 0.565000 4.390000 29.670000
0.011230 0.240723 -0.973145 0.000000 0.000000 0.000000 -58.101196 -0.631714 -1.950073 3.942000 0.565000 4.397000 29.620000
0.010742 0.240723 -0.973145 0.000000 0.000000 0.000000 -58.101196 -0.631714 -1.950073 3.945000 0.592000 4.407000 29.620000
0.011230 0.240723 -0.972656 0.000000 0.000000 0.000000 -58.101196 -0.631714 -1.950073 3.946000 0.575000 4.396000 29.620000
0.010742 0.241699 -0.973145 0.000000 0.000000 0.000000 -58.095703 -0.631714 -1.950073 3.950000 0.602000 4.391000 29.580000
0.010742 0.241211 -0.972656 0.000000 0.000000 0.000000 -58.095703 -0.631714 -1.950073 3.951000 0.595000 4.398000 29.610000
0.010254 0.239746 -0.973633 0.000000 0.000000 0.000000 -58.095703 -0.631714 -1.950073 3.951000 0.580000 4.392000 29.620000
0.009766 0.241211 -0.972656 0.000000 0.000000 0.000000 -58.095703 -0.631714 -1.950073 3.955000 0.562000 4.395000 29.500000
0.012207 0.241211 -0.972656 0.000000 0.000000 0.000000 -58.095703 -0.631714 -1.950073 3.948000 0.585000 4.386000 29.700000
0.013184 0.240723 -0.973145 0.000000 0.000000 0.000000 -58.095703 -0.631714 -1.950073 3.949000 0.589000 4.392000 29.580000
0.011719 0.241699 -0.973145 0.000000 0.000000 0.000000 -58.095703 -0.637207 -1.950073 3.953000 0.591000 4.384000 29.580000
0.011719 0.240723 -0.972656 0.000000 0.000000 0.000000 -58.095703 -0.631714 -1.950073 3.938000 0.596000 4.382000 29.690000
0.011230 0.240723 -0.973145 0.000000 0.000000 0.000000 -58.095703 -0.631714 -1.950073 3.945000 0.562000 4.394000 29.580000
0.010742 0.241211 -0.973145 0.000000 0.000000 0.000000 -58.095703 -0.631714 -1.950073 3.946000 0.574000 4.391000 29.680000
0.010254 0.240723 -0.972656 0.000000 0.000000 0.000000 -58.095703 -0.631714 -1.950073 3.954000 0.566000 4.385000 29.650000
0.010742 0.242188 -0.972656 0.000000 0.000000 0.000000 -58.095703 -0.631714 -1.950073 3.949000 0.577000 4.384000 29.690000
0.009766 0.241211 -0.972656 0.000000 0.000000 0.000000 -58.095703 -0.631714 -1.950073 3.947000 0.581000 4.382000 29.560000
0.010254 0.241699 -0.972656 0.000000 0.000000 0.000000 -58.095703 -0.631714 -1.950073 3.944000 0.598000 4.386000 29.630000
0.010742 0.241211 -0.973145 0.000000 0.000000 0.000000 -58.095703 -0.631714 -1.950073 3.936000 0.607000 4.394000 29.620000
0.010254 0.241211 -0.973145 0.000000 0.000000 0.000000 -58.095703 -0.631714 -1.950073 3.949000 0.576000 4.388000 29.580000
0.010254 0.240723 -0.973145 0.000000 0.000000 0.000000 -58.095703 -0.631714 -1.950073 3.932000 0.568000 4.384000 29.640000
0.010254 0.241211 -0.973145 0.000000 0.000000 0.000000 -58.095703 -0.637207 -1.950073 3.953000 0.578000 4.381000 29.630000
0.010742 0.241211 -0.973145 0.000000 0.000000 0.000000 -58.095703 -0.637207 -1.950073 3.956000 0.573000 4.383000 29.600000
0.010742 0.240723 -0.972656 0.000000 0.000000 0.000000 -58.095703 -0.637207 -1.950073 3.947000 0.592000 4.395000 29.590000
0.010742 0.240723 -0.973633 0.000000 0.000000 0.000000 -58.095703 -0.637207 -1.950073 3.936000 0.581000 4.390000 29.600000
0.010254 0.240234 -0.973145 0.000000 0.000000 0.000000 -58.095703 -0.637207 -1.950073 3.948000 0.597000 4.393000 29.570000
0.010742 0.240723 -0.973145 0.000000 0.000000 0.000000 -58.090210 -0.637207 -1.950073 3.945000 0.586000 4.392000 29.580000
0.011230 0.240234 -0.973145 0.000000 0.000000 0.000000 -58.090210 -0.637207 -1.950073 3.941000 0.569000 4.389000 29.560000
0.010254 0.240234 -0.973145 0.000000 0.000000 0.000000 -58.090210 -0.637207 -1.950073 3.940000 0.574000 4.391000 29.660000
0.010254 0.241211 -0.972656 0.000000 0.000000 0.000000 -58.084717 -0.637207 -1.950073 3.941000 0.578000 4.395000 29.630000
0.010254 0.240723 -0.972656 0.000000 0.000000 0.000000 -58.084717 -0.637207 -1.950073 3.945000 0.580000 4.395000 29.610000
0.010742 0.241211 -0.972656 0.000000 0.000000 0.000000 -58.084717 -0.637207 -1.950073 3.943000 0.560000 4.399000 29.700000
0.010254 0.240723 -0.973145 0.000000 0.000000 0.000000 -58.084717 -0.637207 -1.950073 3.944000 0.574000 4.396000 29.630000
0.010254 0.241211 -0.972656 0.000000 0.000000 0.000000 -58.084717 -0.637207 -1.950073 3.953000 0.580000 4.394000 29.630000
0.010742 0.242188 -0.973145 0.000000 0.000000 0.000000 -58.084717 -0.637207 -1.950073 3.943000 0.576000 4.398000 29.650000
0.010254 0.241211 -0.973145 0.000000 0.000000 0.000000 -58.084717 -0.637207 -1.950073 3.947000 0.570000 4.395000 29.560000
0.010742 0.240723 -0.973145 0.000000 0.000000 0.000000 -58.084717 -0.637207 -1.950073 3.946000 0.589000 4.406000 29.580000
0.010742 0.241211 -0.973633 0.000000 0.000000 0.000000 -58.090210 -0.631714 -1.950073 3.937000 0.581000 4.389000 29.620000
0.010254 0.240723 -0.973145 0.000000 0.000000 0.000000 -58.090210 -0.631714 -1.950073 3.939000 0.590000 4.389000 29.550000
0.010254 0.241211 -0.973145 0.000000 0.000000 0.000000 -58.090210 -0.637207 -1.950073 3.950000 0.604000 4.396000 29.660000
0.010254 0.241211 -0.972656 0.000000 0.000000 0.000000 -58.090210 -0.631714 -1.950073 3.953000 0.598000 4.395000 29.660000
0.010742 0.241211 -0.973145 0.000000 0.000000 0.000000 -58.090210 -0.631714 -1.950073 3.938000 0.567000 4.403000 29.670000
0.010742 0.240723 -0.973145 0.000000 0.000000 0.000000 -58.090210 -0.631714 -1.950073 3.943000 0.594000 4.393000 29.590000
0.011230 0.241211 -0.972656 0.000000 0.000000 0.000000 -58.090210 -0.631714 -1.950073 3.952000 0.590000 4.391000 29.680000
0.010742 0.241211 -0.972656 0.000000 0.000000 0.000000 -58.090210 -0.631714 -1.950073 3.952000 0.585000 4.391000 29.660000
0.010742 0.241211 -0.973145 0.000000 0.000000 0.000000 -58.090210 -0.637207 -1.950073 3.944000 0.586000 4.390000 29.670000
0.009766 0.241211 -0.973633 0.000000 0.000000 0.000000 -58.090210 -0.637207 -1.950073 3.943000 0.583000 4.395000 29.680000
0.010742 0.241211 -0.972656 0.000000 0.000000 0.000000 -58.090210 -0.631714 -1.950073 3.930000 0.593000 4.404000 29.630000
0.009766 0.241699 -0.973145 0.000000 0.000000 0.000000 -58.090210 -0.631714 -1.950073 3.942000 0.601000 4.402000 29.690000
0.010254 0.240723 -0.972656 0.000000 0.000000 0.000000 -58.090210 -0.631714 -1.950073 3.942000 0.558000 4.391000 29.580000
0.010742 0.240723 -0.973633 0.000000 0.000000 0.000000 -58.095703 -0.631714 -1.950073 3.941000 0.577000 4.393000 29.570000
0.010254 0.242188 -0.973145 0.000000 0.000000 0.000000 -58.090210 -0.631714 -1.950073 3.938000 0.588000 4.381000 29.620000
0.010254 0.241699 -0.973145 0.000000 0.000000 0.000000 -58.090210 -0.631714 -1.950073 3.943000 0.594000 4.402000 29.590000
0.010254 0.241699 -0.972656 0.000000 0.000000 0.000000 -58.095703 -0.631714 -1.950073 3.940000 0.569000 4.404000 29.590000
0.010742 0.242188 -0.973145 0.000000 0.000000 0.000000 -58.095703 -0.631714 -1.950073 3.944000 0.569000 4.400000 29.560000
0.010254 0.240723 -0.973145 0.000000 0.000000 0.000000 -58.095703 -0.631714 -1.950073 3.941000 0.578000 4.411000 29.670000
0.010742 0.241211 -0.972656 0.000000 0.000000 0.000000 -58.095703 -0.631714 -1.950073 3.940000 0.574000 4.413000 29.650000
