0.196777 -0.281250 -0.938965 0.000000 0.000000 0.000000 -157.549438 -27.559204 -3.587036 -0.869000 -4.814000 4.056000 29.240000
0.197266 -0.281738 -0.939453 0.000000 0.000000 0.000000 -157.549438 -27.553711 -3.587036 -0.866000 -4.902000 4.048000 29.220000
0.197266 -0.280273 -0.939453 0.000000 0.000000 0.000000 -157.549438 -27.553711 -3.587036 -0.869000 -4.912000 4.073000 29.240000
0.197266 -0.281738 -0.938965 0.000000 0.000000 0.000000 -157.549438 -27.553711 -3.587036 -0.867000 -4.923000 4.044000 29.230000
0.196777 -0.281738 -0.938965 0.000000 0.000000 0.000000 -157.549438 -27.553711 -3.587036 -0.852000 -4.974000 4.079000 29.250000
0.197266 -0.281250 -0.939941 0.000000 0.000000 0.000000 -157.549438 -27.548218 -3.587036 -0.859000 -4.871000 4.061000 29.250000
0.196777 -0.281250 -0.938965 0.000000 0.000000 0.000000 -157.549438 -27.548218 -3.587036 -0.859000 -4.808000 4.046000 29.220000
0.196777 -0.282227 -0.938477 0.000000 0.000000 0.000000 -157.549438 -27.548218 -3.587036 -0.879000 -4.825000 4.056000 29.250000
0.196777 -0.281738 -0.939453 0.000000 0.000000 0.000000 -157.549438 -27.542725 -3.587036 -0.888000 -4.941000 4.023000 29.270000
0.196289 -0.281250 -0.939453 0.000000 0.000000 0.000000 -157.549438 -27.542725 -3.587036 -0.878000 -4.780000 4.050000 29.260000
0.197266 -0.281738 -0.939453 0.000000 0.000000 0.000000 -157.543945 -27.542725 -3.587036 -0.855000 -4.935000 4.044000 29.250000
0.197266 -0.280762 -0.938477 0.000000 0.000000 0.000000 -157.543945 -27.542725 -3.587036 -0.872000 -4.711000 4.060000 29.230000
0.196777 -0.280762 -0.939453 0.000000 0.000000 0.000000 -157.543945 -27.542725 -3.587036 -0.869000 -4.884000 4.037000 29.250000
0.196777 -0.282227 -0.937988 0.000000 0.000000 0.000000 -157.543945 -27.537231 -3.587036 -0.862000 -4.870000 4.073000 29.250000
0.196777 -0.282227 -0.937988 0.000000 0.000000 0.000000 -157.538452 -27.537231 -3.587036 -0.870000 -4.810000 4.039000 29.230000
0.196289 -0.281250 -0.939453 0.000000 0.000000 0.000000 -157.538452 -27.537231 -3.587036 -0.889000 -4.978000 4.046000 29.260000
0.196289 -0.281250 -0.938477 0.000000 0.000000 0.000000 -157.538452 -27.537231 -3.587036 -0.866000 -4.796000 4.052000 29.250000
0.196777 -0.281738 -0.939941 0.000000 0.000000 0.000000 -157.538452 -27.537231 -3.587036 -0.872000 -4.899000 4.030000 29.250000
0.196777 -0.281250 -0.938477 0.000000 0.000000 0.000000 -157.532959 -27.537231 -3.587036 -0.862000 -4.948000 4.039000 29.240000
0.196289 -0.280762 -0.938965 0.000000 0.000000 0.000000 -157.532959 -27.537231 -3.587036 -0.864000 -4.992000 4.043000 29.250000
0.197266 -0.281250 -0.938965 0.000000 0.000000 0.000000 -157.532959 -27.537231 -3.587036 -0.870000 -4.833000 4.058000 29.230000
0.196777 -0.282227 -0.938477 0.000000 0.000000 0.000000 -157.532959 -27.531738 -3.587036 -0.880000 -4.940000 4.079000 29.240000
0.196777 -0.281738 -0.938965 0.000000 0.000000 0.000000 -157.532959 -27.531738 -3.587036 -0.869000 -4.948000 4.056000 29.250000
0.197266 -0.281738 -0.938965 0.000000 0.000000 0.000000 -157.532959 -27.531738 -3.587036 -0.868000 -4.716000 4.045000 29.240000
0.197266 -0.281250 -0.938477 0.000000 0.000000 0.000000 -157.532959 -27.531738 -3.587036 -0.872000 -4.850000 4.037000 29.240000
0.196777 -0.281250 -0.938965 0.000000 0.000000 0.000000 -157.532959 -27.537231 -3.587036 -0.856000 -4.876000 4.051000 29.260000
0.196777 -0.281250 -0.938965 0.000000 0.000000 0.000000 -157.532959 -27.537231 -3.587036 -0.859000 -4.813000 4.048000 29.270000
0.196777 -0.281738 -0.938965 0.000000 0.000000 0.000000 -157.538452 -27.537231 -3.587036 -0.859000 -4.743000 4.058000 29.250000
0.196289 -0.281738 -0.939453 0.000000 0.000000 0.000000 -157.538452 -27.537231 -3.587036 -0.865000 -4.923000 4.068000 29.290000
0.196777 -0.281738 -0.938965 0.000000 0.000000 0.000000 -157.538452 -27.537231 -3.587036 -0.863000 -4.910000 4.062000 29.250000
0.197266 -0.282227 -0.939453 0.000000 0.000000 0.000000 -157.532959 -27.537231 -3.587036 -0.862000 -4.882000 4.062000 29.280000
0.197266 -0.282227 -0.938965 0.000000 0.000000 0.000000 -157.532959 -27.537231 -3.587036 -0.869000 -4.899000 4.065000 29.280000
0.197266 -0.281738 -0.938477 0.000000 0.000000 0.000000 -157.532959 -27.537231 -3.587036 -0.859000 -4.967000 4.041000 29.240000
0.196777 -0.281738 -0.937988 0.000000 0.000000 0.000000 -157.532959 -27.537231 -3.587036 -0.867000 -4.932000 4.055000 29.250000
0.196777 -0.281250 -0.938477 0.000000 0.000000 0.000000 -157.532959 -27.537231 -3.587036 -0.869000 -4.893000 4.038000 29.240000
0.197266 -0.281250 -0.938965 0.000000 0.000000 0.000000 -157.532959 -27.537231 -3.587036 -0.875000 -4.978000 4.083000 29.250000
0.197754 -0.280273 -0.938965 0.000000 0.000000 0.000000 -157.532959 -27.542725 -3.587036 -0.878000 -4.917000 4.058000 29.250000
0.197266 -0.281738 -0.938965 0.000000 0.000000 0.000000 -157.538452 -27.542725 -3.587036 -0.871000 -4.904000 4.073000 29.250000
0.196289 -0.281738 -0.938965 -0.305176 0.000000 0.000000 -157.538452 -27.542725 -3.587036 -0.867000 -4.911000 4.061000 29.220000
0.197754 -0.280273 -0.938965 -0.122070 0.000000 0.000000 -157.565918 -27.542725 -3.587036 -0.874000 -4.923000 4.040000 29.250000
0.197266 -0.280273 -0.938965 0.000000 0.000000 0.000000 -157.576904 -27.542725 -3.587036 -0.867000 -4.986000 4.056000 29.250000
0.197754 -0.280762 -0.939941 -0.061035 0.000000 0.000000 -157.582397 -27.537231 -3.587036 -0.872000 -4.949000 4.057000 29.250000
0.197266 -0.279785 -0.938965 0.366211 0.000000 0.000000 -157.576904 -27.537231 -3.587036 -0.866000 -4.961000 4.054000 29.280000
0.196777 -0.280273 -0.939453 0.000000 0.000000 0.000000 -157.560425 -27.542725 -3.587036 -0.876000 -4.938000 4.025000 29.260000
0.197266 -0.281250 -0.939941 0.000000 0.000000 0.000000 -157.565918 -27.542725 -3.581543 -0.873000 -4.985000 4.071000 29.260000
0.197266 -0.280762 -0.938965 0.122070 0.000000 0.000000 -157.565918 -27.542725 -3.581543 -0.866000 -4.917000 4.053000 29.280000
0.197266 -0.280273 -0.939453 -0.061035 0.000000 0.000000 -157.565918 -27.537231 -3.581543 -0.865000 -4.943000 4.054000 29.290000
0.196777 -0.280762 -0.938965 0.000000 -0.061035 0.000000 -157.565918 -27.537231 -3.581543 -0.875000 -4.871000 4.066000 29.270000
0.196777 -0.280762 -0.939453 0.000000 0.000000 0.000000 -157.571411 -27.531738 -3.581543 -0.868000 -4.974000 4.060000 29.260000
0.197266 -0.281250 -0.939941 0.000000 -0.061035 0.000000 -157.571411 -27.531738 -3.581543 -0.875000 -4.944000 4.042000 29.290000
0.196289 -0.280762 -0.938965 0.000000 0.000000 0.000000 -157.571411 -27.537231 -3.581543 -0.864000 -4.976000 4.061000 29.290000
0.197266 -0.281250 -0.938965 0.000000 0.000000 0.000000 -157.571411 -27.537231 -3.581543 -0.860000 -4.944000 4.063000 29.270000
0.196777 -0.280762 -0.939941 0.000000 0.000000 0.000000 -157.571411 -27.537231 -3.581543 -0.864000 -4.966000 4.047000 29.290000
0.197266 -0.280762 -0.938965 0.000000 0.000000 0.000000 -157.571411 -27.537231 -3.581543 -0.872000 -4.962000 4.054000 29.290000
0.197266 -0.280762 -0.938965 0.000000 0.000000 0.000000 -157.571411 -27.537231 -3.581543 -0.858000 -4.798000 4.074000 29.260000
0.196777 -0.280762 -0.938965 0.000000 0.000000 0.000000 -157.571411 -27.537231 -3.581543 -0.862000 -4.917000 4.069000 29.250000
0.197266 -0.281738 -0.938965 0.000000 0.000000 0.000000 -157.571411 -27.537231 -3.581543 -0.873000 -4.983000 4.067000 29.270000
0.197754 -0.281738 -0.938965 0.000000 0.000000 0.000000 -157.571411 -27.537231 -3.581543 -0.864000 -4.896000 4.070000 29.280000
0.197266 -0.281738 -0.939941 0.000000 0.000000 0.000000 -157.571411 -27.542725 -3.581543 -0.864000 -4.888000 4.046000 29.320000
0.197266 -0.281250 -0.939453 0.000000 0.000000 0.000000 -157.571411 -27.542725 -3.581543 -0.874000 -4.732000 4.037000 29.280000
0.196777 -0.280762 -0.938477 0.000000 0.000000 0.000000 -157.565918 -27.542725 -3.581543 -0.876000 -4.876000 4.030000 29.280000
0.197266 -0.281250 -0.937988 0.000000 0.000000 0.000000 -157.565918 -27.542725 -3.581543 -0.861000 -4.812000 4.040000 29.290000
0.196777 -0.282227 -0.938965 0.000000 0.000000 0.000000 -157.565918 -27.537231 -3.581543 -0.862000 -4.767000 4.048000 29.320000
0.197266 -0.280762 -0.938965 0.000000 0.000000 0.000000 -157.565918 -27.537231 -3.581543 -0.867000 -4.954000 4.049000 29.250000
0.197266 -0.281250 -0.938965 0.000000 0.000000 0.000000 -157.565918 -27.537231 -3.581543 -0.864000 -4.968000 4.070000 29.290000
0.197266 -0.280762 -0.939453 0.000000 0.000000 0.000000 -157.565918 -27.537231 -3.581543 -0.867000 -4.990000 4.057000 29.270000
0.197754 -0.281250 -0.939941 0.000000 0.000000 0.000000 -157.560425 -27.542725 -3.581543 -0.875000 -4.801000 4.036000 29.290000
0.197266 -0.281250 -0.938965 0.000000 0.000000 0.000000 -157.560425 -27.542725 -3.581543 -0.854000 -4.947000 4.077000 29.290000
0.197754 -0.280762 -0.938477 0.000000 0.000000 0.000000 -157.560425 -27.542725 -3.581543 -0.863000 -4.927000 4.061000 29.280000
0.197754 -0.280762 -0.938965 0.000000 0.000000 0.000000 -157.560425 -27.542725 -3.581543 -0.877000 -4.919000 4.039000 29.310000
0.197754 -0.280762 -0.938965 0.000000 0.000000 0.000000 -157.560425 -27.542725 -3.581543 -0.858000 -4.885000 4.040000 29.300000
0.197266 -0.281250 -0.938477 0.000000 0.000000 0.000000 -157.560425 -27.542725 -3.581543 -0.869000 -4.864000 4.063000 29.290000
0.197266 -0.280762 -0.939941 0.000000 0.000000 0.000000 -157.560425 -27.542725 -3.581543 -0.862000 -4.955000 4.065000 29.270000
0.197266 -0.280762 -0.939453 0.000000 0.000000 0.000000 -157.560425 -27.542725 -3.581543 -0.857000 -4.971000 4.065000 29.250000
0.197266 -0.280762 -0.938965 0.000000 0.000000 0.000000 -157.560425 -27.542725 -3.581543 -0.870000 -4.855000 4.072000 29.290000
0.197754 -0.281738 -0.938965 0.000000 0.000000 0.000000 -157.560425 -27.542725 -3.581543 -0.863000 -4.915000 4.032000 29.310000
0.196777 -0.281250 -0.938965 0.000000 0.000000 0.000000 -157.560425 -27.542725 -3.581543 -0.870000 -4.956000 4.040000 29.320000
0.197266 -0.281738 -0.939453 0.000000 0.000000 0.000000 -157.560425 -27.542725 -3.581543 -0.862000 -4.955000 4.090000 29.270000
0.197266 -0.281250 -0.939941 0.000000 0.000000 0.000000 -157.560425 -27.542725 -3.581543 -0.875000 -4.842000 4.058000 29.300000
0.196289 -0.279785 -0.938477 0.000000 0.000000 0.000000 -157.560425 -27.542725 -3.581543 -0.872000 -4.957000 4.061000 29.290000
0.196777 -0.280762 -0.938965 0.000000 0.000000 0.000000 -157.560425 -27.542725 -3.581543 -0.866000 -4.926000 4.033000 29.260000
0.197266 -0.281250 -0.938965 0.000000 0.000000 0.000000 -157.560425 -27.542725 -3.581543 -0.878000 -4.975000 4.042000 29.320000
0.196777 -0.282227 -0.938477 0.000000 0.000000 0.000000 -157.560425 -27.542725 -3.581543 -0.862000 -4.983000 4.050000 29.290000
0.196777 -0.280762 -0.938477 0.000000 0.000000 0.000000 -157.560425 -27.542725 -3.581543 -0.868000 -4.943000 4.049000 29.300000
0.196289 -0.280762 -0.939453 0.000000 0.000000 0.000000 -157.560425 -27.542725 -3.581543 -0.859000 -4.973000 4.028000 29.280000
0.197266 -0.280762 -0.938477 0.000000 0.000000 0.000000 -157.560425 -27.542725 -3.581543 -0.876000 -4.960000 4.056000 29.310000
0.197266 -0.281250 -0.939453 0.000000 0.000000 0.000000 -157.560425 -27.542725 -3.581543 -0.879000 -4.805000 4.055000 29.290000
0.197266 -0.281250 -0.939941 0.000000 0.000000 0.000000 -157.560425 -27.542725 -3.581543 -0.874000 -4.882000 4.037000 29.290000
0.197266 -0.280273 -0.939941 0.000000 0.000000 0.000000 -157.560425 -27.542725 -3.581543 -0.867000 -4.909000 4.052000 29.290000
0.197266 -0.280273 -0.938965 0.000000 0.000000 0.000000 -157.560425 -27.542725 -3.581543 -0.856000 -4.738000 4.067000 29.310000
0.197266 -0.280273 -0.938477 0.000000 0.000000 0.000000 -157.560425 -27.542725 -3.581543 -0.871000 -4.869000 4.072000 29.310000
0.196777 -0.280762 -0.938965 0.000000 0.000000 0.000000 -157.560425 -27.542725 -3.581543 -0.864000 -4.901000 4.071000 29.300000
0.197754 -0.281250 -0.938477 0.000000 0.000000 0.000000 -157.560425 -27.542725 -3.581543 -0.844000 -4.975000 4.064000 29.290000
0.197266 -0.281738 -0.939453 0.000000 0.000000 0.000000 -157.560425 -27.542725 -3.581543 -0.860000 -4.907000 4.044000 29.300000
0.197754 -0.279785 -0.938477 0.000000 0.000000 0.000000 -157.560425 -27.542725 -3.581543 -0.865000 -4.905000 4.042000 29.300000
0.197266 -0.280762 -0.938965 0.000000 0.000000 0.000000 -157.560425 -27.542725 -3.581543 -0.865000 -4.984000 4.060000 29.270000
0.197266 -0.280762 -0.938965 0.000000 0.000000 0.000000 -157.560425 -27.548218 -3.581543 -0.867000 -4.930000 4.060000 29.280000
0.197266 -0.280762 -0.939453 0.000000 0.000000 0.000000 -157.560425 -27.548218 -3.581543 -0.871000 -4.925000 4.048000 29.300000
0.196777 -0.280762 -0.939453 0.000000 0.000000 0.000000 -157.565918 -27.548218 -3.581543 -0.868000 -4.981000 4.023000 29.290000
0.197266 -0.281250 -0.938965 0.000000 0.000000 0.000000 -157.565918 -27.548218 -3.581543 -0.872000 -4.990000 4.036000 29.290000
0.197266 -0.280762 -0.938965 0.000000 0.000000 0.000000 -157.565918 -27.548218 -3.581543 -0.881000 -4.994000 4.062000 29.310000
0.196777 -0.281738 -0.938477 0.000000 0.000000 0.000000 -157.560425 -27.548218 -3.581543 -0.875000 -4.922000 4.057000 29.320000
0.197266 -0.281250 -0.938965 0.000000 0.000000 0.000000 -157.560425 -27.548218 -3.581543 -0.869000 -4.969000 4.053000 29.290000
0.197754 -0.280762 -0.937988 0.000000 0.000000 0.000000 -157.560425 -27.548218 -3.581543 -0.868000 -4.992000 4.082000 29.320000
0.196777 -0.281250 -0.938965 0.000000 0.000000 0.000000 -157.560425 -27.548218 -3.581543 -0.871000 -4.941000 4.065000 29.290000
0.197266 -0.281250 -0.938477 0.000000 0.000000 0.000000 -157.560425 -27.548218 -3.581543 -0.865000 -4.695000 4.037000 29.290000
0.197266 -0.280762 -0.939453 0.000000 0.000000 0.000000 -157.560425 -27.548218 -3.581543 -0.863000 -4.935000 4.038000 29.290000
0.197266 -0.280273 -0.938965 0.000000 0.000000 0.000000 -157.560425 -27.548218 -3.581543 -0.877000 -4.779000 4.044000 29.290000
0.196289 -0.280762 -0.939453 0.000000 0.000000 0.000000 -157.560425 -27.548218 -3.581543 -0.856000 -4.755000 4.031000 29.290000
0.197266 -0.281250 -0.939453 0.000000 0.000000 0.000000 -157.560425 -27.548218 -3.581543 -0.865000 -4.823000 4.053000 29.320000
0.196777 -0.280762 -0.939453 0.000000 0.000000 0.000000 -157.560425 -27.548218 -3.581543 -0.863000 -4.988000 4.040000 29.300000
0.197266 -0.280762 -0.938477 0.000000 0.000000 0.000000 -157.560425 -27.542725 -3.581543 -0.858000 -4.937000 4.067000 29.280000
0.197266 -0.281738 -0.938477 0.000000 0.000000 0.000000 -157.560425 -27.542725 -3.581543 -0.880000 -4.975000 4.076000 29.270000
0.197754 -0.281250 -0.938965 0.000000 0.000000 0.000000 -157.560425 -27.542725 -3.581543 -0.865000 -4.964000 4.079000 29.300000
0.196777 -0.282227 -0.938965 0.000000 0.000000 0.000000 -157.560425 -27.542725 -3.581543 -0.868000 -4.953000 4.045000 29.310000
0.197266 -0.280762 -0.938965 0.000000 0.000000 0.000000 -157.560425 -27.548218 -3.581543 -0.873000 -4.927000 4.080000 29.280000
0.197266 -0.281738 -0.939941 0.000000 0.000000 0.000000 -157.560425 -27.542725 -3.581543 -0.867000 -4.987000 4.056000 29.270000
0.197266 -0.280762 -0.939941 0.000000 0.000000 0.000000 -157.560425 -27.542725 -3.581543 -0.874000 -4.928000 4.030000 29.260000
0.196777 -0.281250 -0.938965 0.000000 0.000000 0.000000 -157.560425 -27.542725 -3.581543 -0.874000 -4.896000 4.053000 29.280000
0.196289 -0.281250 -0.937988 0.000000 0.000000 0.000000 -157.560425 -27.542725 -3.581543 -0.864000 -4.931000 4.045000 29.290000
0.196777 -0.281250 -0.938477 0.000000 0.000000 0.000000 -157.560425 -27.542725 -3.581543 -0.871000 -4.823000 4.032000 29.310000
0.197266 -0.281250 -0.937500 0.000000 0.000000 0.000000 -157.560425 -27.542725 -3.581543 -0.868000 -4.734000 4.037000 29.310000
0.196777 -0.281738 -0.938477 0.000000 0.000000 0.000000 -157.560425 -27.542725 -3.581543 -0.865000 -4.914000 4.055000 29.290000
0.196777 -0.281250 -0.938477 0.000000 0.000000 0.000000 -157.560425 -27.542725 -3.581543 -0.863000 -4.971000 4.073000 29.320000
0.196777 -0.281738 -0.938965 0.000000 0.000000 0.000000 -157.560425 -27.542725 -3.581543 -0.874000 -4.822000 4.071000 29.290000
0.196777 -0.280273 -0.937988 0.000000 0.000000 0.000000 -157.554932 -27.542725 -3.581543 -0.860000 -4.975000 4.078000 29.300000
0.197754 -0.281250 -0.937988 0.000000 0.000000 0.000000 -157.554932 -27.542725 -3.581543 -0.859000 -4.763000 4.054000 29.300000
0.197266 -0.280762 -0.938477 0.000000 0.000000 0.000000 -157.554932 -27.542725 -3.581543 -0.881000 -4.792000 4.047000 29.310000
0.197754 -0.281738 -0.937500 0.000000 0.000000 0.000000 -157.554932 -27.542725 -3.581543 -0.872000 -4.914000 4.063000 29.310000
0.196777 -0.281738 -0.938965 0.000000 0.000000 0.000000 -157.554932 -27.542725 -3.581543 -0.870000 -4.933000 4.052000 29.300000
0.197266 -0.280762 -0.938965 0.000000 0.000000 0.000000 -157.560425 -27.542725 -3.581543 -0.861000 -4.861000 4.046000 29.290000
0.196777 -0.280273 -0.939453 0.000000 0.000000 0.000000 -157.560425 -27.542725 -3.581543 -0.855000 -4.930000 4.053000 29.310000
0.197266 -0.280762 -0.938965 0.000000 0.000000 0.000000 -157.560425 -27.542725 -3.581543 -0.859000 -4.823000 4.078000 29.310000
0.197754 -0.280762 -0.939453 0.000000 0.000000 0.000000 -157.560425 -27.542725 -3.581543 -0.863000 -4.821000 4.056000 29.310000
0.197754 -0.280762 -0.938477 0.000000 0.000000 0.000000 -157.560425 -27.542725 -3.581543 -0.868000 -4.911000 4.065000 29.320000
0.197266 -0.280762 -0.939453 0.000000 0.000000 0.000000 -157.560425 -27.548218 -3.581543 -0.870000 -4.952000 4.035000 29.310000
0.197266 -0.280762 -0.938477 0.000000 0.000000 0.000000 -157.560425 -27.548218 -3.581543 -0.877000 -4.856000 4.036000 29.300000
0.197266 -0.281250 -0.938477 0.000000 0.000000 0.000000 -157.560425 -27.548218 -3.581543 -0.863000 -4.848000 4.032000 29.320000
0.196777 -0.280273 -0.938477 0.000000 0.000000 0.000000 -157.560425 -27.548218 -3.581543 -0.872000 -4.915000 4.070000 29.300000
0.196289 -0.280762 -0.938965 0.000000 0.000000 0.000000 -157.560425 -27.548218 -3.581543 -0.869000 -4.925000 4.056000 29.290000
0.196777 -0.280273 -0.939453 0.000000 0.000000 0.000000 -157.565918 -27.548218 -3.581543 -0.867000 -4.928000 4.066000 29.300000
0.197266 -0.280762 -0.938965 0.000000 0.000000 0.000000 -157.565918 -27.542725 -3.581543 -0.874000 -4.850000 4.051000 29.310000
0.196777 -0.280762 -0.938477 0.000000 0.000000 0.000000 -157.565918 -27.542725 -3.581543 -0.872000 -4.977000 4.046000 29.300000
0.197266 -0.280762 -0.937988 0.000000 0.000000 0.000000 -157.571411 -27.548218 -3.581543 -0.868000 -4.952000 4.054000 29.320000
0.197754 -0.281250 -0.938965 0.000000 0.000000 0.000000 -157.571411 -27.542725 -3.581543 -0.868000 -4.965000 4.052000 29.310000
0.197266 -0.281250 -0.938477 0.000000 0.000000 0.000000 -157.571411 -27.548218 -3.581543 -0.869000 -4.903000 4.070000 29.310000
0.196777 -0.280762 -0.938965 0.000000 0.000000 0.000000 -157.571411 -27.548218 -3.581543 -0.871000 -4.863000 4.061000 29.290000
0.196777 -0.281250 -0.938965 0.000000 0.000000 0.000000 -157.571411 -27.542725 -3.581543 -0.864000 -4.968000 4.057000 29.330000
0.196777 -0.280762 -0.938477 0.000000 0.000000 0.000000 -157.571411 -27.542725 -3.581543 -0.875000 -4.922000 4.035000 29.290000
0.197266 -0.281250 -0.938477 0.000000 0.000000 0.000000 -157.565918 -27.542725 -3.581543 -0.883000 -4.852000 4.061000 29.360000
0.197754 -0.280762 -0.938477 0.000000 0.000000 0.000000 -157.571411 -27.542725 -3.581543 -0.873000 -4.963000 4.040000 29.310000
0.196777 -0.280762 -0.938477 0.000000 0.000000 0.000000 -157.565918 -27.542725 -3.581543 -0.869000 -4.835000 4.047000 29.290000
0.196777 -0.281250 -0.938965 0.000000 0.000000 0.000000 -157.565918 -27.542725 -3.581543 -0.872000 -4.855000 4.057000 29.290000
0.196777 -0.281250 -0.938965 0.000000 0.000000 0.000000 -157.565918 -27.542725 -3.581543 -0.873000 -4.939000 4.035000 29.290000
0.197266 -0.280762 -0.937988 0.000000 0.000000 0.000000 -157.565918 -27.542725 -3.581543 -0.874000 -4.964000 4.057000 29.310000
