-0.027832 0.027344 1.001465 0.000000 0.000000 0.000000 39.776001 2.081909 11.656494 1.919000 8.643000 -3.809000 29.310000
-0.028320 0.026855 1.000488 0.000000 0.000000 0.000000 39.776001 2.081909 11.656494 1.912000 8.651000 -3.804000 29.320000
-0.028320 0.026855 1.000488 0.000000 0.000000 0.000000 39.776001 2.081909 11.656494 1.917000 8.636000 -3.811000 29.290000
-0.028809 0.027344 1.000488 0.000000 0.000000 0.000000 39.776001 2.081909 11.656494 1.925000 8.642000 -3.818000 29.310000
-0.027832 0.026367 0.999512 0.000000 0.000000 0.000000 39.776001 2.081909 11.656494 1.921000 8.640000 -3.835000 29.320000
-0.027344 0.026855 1.000488 0.000000 0.000000 0.000000 39.776001 2.081909 11.656494 1.928000 8.637000 -3.818000 29.280000
-0.027832 0.026855 1.000977 0.000000 0.000000 0.000000 39.776001 2.081909 11.656494 1.931000 8.642000 -3.840000 29.310000
-0.027832 0.027344 1.000488 0.000000 0.000000 0.000000 39.776001 2.081909 11.656494 1.924000 8.640000 -3.842000 29.320000
-0.027344 0.027832 1.000488 0.000000 0.000000 0.000000 39.776001 2.081909 11.656494 1.917000 8.641000 -3.850000 29.290000
-0.027832 0.026855 1.000488 0.000000 0.000000 0.000000 39.776001 2.081909 11.656494 1.922000 8.636000 -3.816000 29.290000
-0.027344 0.026855 1.002930 0.000000 0.000000 0.000000 39.776001 2.081909 11.656494 1.924000 8.640000 -3.808000 29.290000
-0.027832 0.027344 1.002441 0.000000 0.000000 0.000000 39.776001 2.081909 11.656494 1.922000 8.646000 -3.807000 29.300000
-0.027344 0.027344 1.001953 0.000000 0.000000 0.000000 39.776001 2.081909 11.656494 1.903000 8.636000 -3.820000 29.310000
-0.028320 0.027832 1.001953 0.000000 0.000000 0.000000 39.776001 2.081909 11.656494 1.911000 8.637000 -3.842000 29.310000
-0.028320 0.026855 1.001953 0.000000 0.000000 0.000000 39.776001 2.081909 11.656494 1.905000 8.652000 -3.823000 29.290000
-0.027344 0.027344 1.002441 0.000000 0.000000 0.000000 39.776001 2.081909 11.656494 1.908000 8.646000 -3.834000 29.300000
-0.027832 0.027344 1.001465 0.000000 0.000000 0.000000 39.776001 2.081909 11.656494 1.920000 8.642000 -3.827000 29.280000
-0.028320 0.027344 1.001465 0.000000 0.000000 0.000000 39.776001 2.081909 11.656494 1.917000 8.641000 -3.815000 29.290000
-0.027832 0.026855 1.002930 0.000000 0.000000 0.000000 39.776001 2.081909 11.656494 1.920000 8.650000 -3.829000 29.320000
-0.027832 0.027344 1.002441 0.000000 0.000000 0.000000 39.776001 2.081909 11.656494 1.917000 8.642000 -3.809000 29.320000
-0.028320 0.027832 1.001953 0.000000 0.000000 0.000000 39.776001 2.081909 11.656494 1.919000 8.640000 -3.821000 29.320000
-0.028320 0.027344 1.001465 0.000000 0.000000 0.000000 39.776001 2.081909 11.656494 1.909000 8.643000 -3.832000 29.320000
-0.027344 0.027344 1.001953 0.000000 0.000000 0.000000 39.776001 2.081909 11.656494 1.913000 8.646000 -3.852000 29.310000
-0.027832 0.027344 1.002441 0.000000 0.000000 0.000000 39.776001 2.081909 11.656494 1.910000 8.642000 -3.823000 29.290000
-0.027832 0.026855 1.002441 0.000000 0.000000 0.000000 39.776001 2.081909 11.656494 1.915000 8.653000 -3.848000 29.290000
-0.028320 0.027344 1.002441 0.000000 0.000000 0.000000 39.776001 2.081909 11.656494 1.920000 8.652000 -3.841000 29.300000
-0.027344 0.026855 1.000977 0.000000 0.000000 0.000000 39.776001 2.081909 11.656494 1.915000 8.652000 -3.839000 29.310000
-0.028320 0.026855 1.001953 0.000000 0.000000 0.000000 39.776001 2.081909 11.656494 1.925000 8.641000 -3.809000 29.310000
-0.027832 0.026855 1.001953 0.000000 0.000000 0.000000 39.776001 2.081909 11.656494 1.916000 8.638000 -3.804000 29.300000
-0.027344 0.026855 1.001953 0.000000 0.000000 0.000000 39.776001 2.081909 11.656494 1.918000 8.651000 -3.824000 29.300000
-0.026855 0.027344 1.001953 0.000000 0.000000 0.000000 39.776001 2.081909 11.656494 1.925000 8.645000 -3.819000 29.310000
-0.028320 0.027344 1.002441 0.000000 0.000000 0.000000 39.776001 2.081909 11.656494 1.927000 8.635000 -3.818000 29.290000
-0.028320 0.027344 1.001465 0.000000 0.000000 0.000000 39.776001 2.076416 11.656494 1.908000 8.645000 -3.826000 29.290000
-0.027832 0.027832 1.002930 0.000000 0.000000 0.000000 39.776001 2.076416 11.656494 1.922000 8.653000 -3.808000 29.290000
-0.027832 0.027832 1.001953 0.000000 0.000000 0.000000 39.776001 2.076416 11.656494 1.921000 8.646000 -3.839000 29.280000
-0.027832 0.027832 1.001953 0.000000 0.000000 0.000000 39.776001 2.076416 11.656494 1.916000 8.664000 -3.832000 29.320000
-0.027832 0.027344 1.002930 0.000000 0.000000 0.000000 39.781494 2.076416 11.656494 1.914000 8.634000 -3.812000 29.290000
-0.027344 0.027344 1.002441 0.000000 0.000000 0.000000 39.781494 2.076416 11.656494 1.913000 8.651000 -3.828000 29.280000
-0.027832 0.027344 1.002441 0.000000 0.000000 0.000000 39.781494 2.076416 11.656494 1.911000 8.658000 -3.826000 29.290000
-0.027832 0.027344 1.001953 0.000000 0.000000 0.000000 39.781494 2.076416 11.656494 1.909000 8.642000 -3.818000 29.290000
-0.028320 0.027344 1.001465 0.000000 0.000000 0.000000 39.781494 2.076416 11.656494 1.914000 8.654000 -3.825000 29.300000
-0.027832 0.027344 1.001465 0.000000 0.000000 0.000000 39.781494 2.076416 11.656494 1.922000 8.648000 -3.797000 29.290000
-0.027832 0.027344 1.001953 0.000000 0.000000 0.000000 39.781494 2.076416 11.656494 1.919000 8.642000 -3.844000 29.330000
-0.027832 0.027344 1.002441 0.000000 0.000000 0.000000 39.781494 2.076416 11.656494 1.918000 8.643000 -3.839000 29.280000
-0.027832 0.027344 1.002441 0.000000 0.000000 0.000000 39.781494 2.081909 11.656494 1.917000 8.654000 -3.828000 29.280000
-0.028320 0.027832 1.000000 0.000000 0.000000 0.000000 39.781494 2.081909 11.656494 1.917000 8.645000 -3.808000 29.310000
-0.028320 0.027344 1.000488 0.000000 0.000000 0.000000 39.781494 2.081909 11.656494 1.924000 8.647000 -3.825000 29.280000
-0.028809 0.026855 1.000488 0.000000 0.000000 0.000000 39.781494 2.081909 11.656494 1.922000 8.653000 -3.812000 29.290000
-0.028320 0.027344 1.000488 0.000000 0.000000 0.000000 39.781494 2.081909 11.656494 1.909000 8.645000 -3.839000 29.250000
-0.028320 -1.001465 0.027344 0.000000 0.061035 0.000000 31.953735 2.147827 11.678467 1.916000 3.847000 8.571000 29.290000
-0.028320 -1.000488 0.026855 0.000000 0.061035 0.000000 27.663574 2.153320 11.672974 1.912000 3.818000 8.632000 29.260000
-0.028320 -1.000000 0.028320 0.000000 0.122070 0.000000 23.483276 2.158813 11.667480 1.918000 3.822000 8.641000 29.280000
-0.027832 -1.000977 0.027344 0.000000 0.122070 0.000000 19.467773 2.164307 11.661987 1.921000 3.809000 8.635000 29.290000
-0.028320 -1.001465 0.027832 0.000000 0.122070 0.000000 15.639038 2.169800 11.656494 1.917000 3.816000 8.639000 29.280000
-0.026855 -1.000977 0.026855 0.000000 1270.812988 -3.479004 -49.378052 -0.093384 0.000000 1.913000 3.831000 8.644000 -20.500000
-0.027832 -1.000488 0.026855 0.000000 0.000000 0.000000 -49.378052 -0.093384 0.000000 1.924000 3.828000 8.641000 29.290000
-0.027832 -1.000488 0.026855 0.000000 0.000000 0.000000 -49.378052 -0.098877 0.000000 1.924000 3.818000 8.643000 29.290000
-0.027832 -1.000488 0.027344 0.000000 0.000000 0.000000 -49.378052 -0.098877 0.000000 1.923000 3.803000 8.642000 29.250000
-0.028320 -1.000488 0.026367 0.000000 0.000000 0.000000 -49.378052 -0.098877 0.000000 1.920000 3.819000 8.648000 29.260000
-0.027344 -1.001465 0.027344 0.000000 0.000000 0.000000 -49.378052 -0.098877 0.000000 1.915000 3.821000 8.643000 29.280000
-0.027344 -1.000488 0.026855 0.000000 0.000000 0.000000 -49.378052 -0.093384 0.000000 1.925000 3.832000 8.653000 29.260000
-0.027832 -1.000488 0.027344 0.000000 0.000000 0.000000 -49.378052 -0.093384 0.000000 1.925000 3.831000 8.639000 29.260000
-0.027832 -1.000977 0.027832 0.000000 0.000000 0.000000 -49.378052 -0.093384 0.000000 1.918000 3.846000 8.639000 29.270000
-0.027832 -1.000977 0.027832 0.000000 0.000000 0.000000 -49.378052 -0.093384 0.000000 1.922000 3.808000 8.643000 29.280000
-0.027832 -1.000488 0.027344 0.000000 0.000000 0.000000 -49.372559 -0.093384 0.000000 1.909000 3.846000 8.651000 29.280000
-0.027832 -1.000000 0.026855 0.000000 0.000000 0.000000 -49.372559 -0.093384 0.000000 1.919000 3.819000 8.627000 29.240000
-0.028809 -1.000488 0.026855 0.000000 0.000000 0.000000 -49.372559 -0.093384 0.000000 1.913000 3.800000 8.641000 29.240000
-0.027832 -1.000977 0.026855 0.000000 0.000000 0.000000 -49.372559 -0.093384 0.000000 1.931000 3.813000 8.648000 29.270000
-0.027832 -1.001465 0.026855 0.000000 0.000000 0.000000 -49.372559 -0.093384 0.000000 1.937000 3.823000 8.639000 29.250000
-0.027832 -1.000977 0.027344 0.000000 0.000000 0.000000 -49.372559 -0.093384 0.000000 1.930000 3.808000 8.633000 29.250000
-0.027344 -1.000977 0.027344 0.000000 0.000000 0.000000 -49.372559 -0.093384 0.000000 1.919000 3.843000 8.634000 29.250000
-0.027832 -1.001465 0.027344 0.000000 0.000000 0.000000 -49.372559 -0.093384 0.000000 1.907000 3.805000 8.642000 29.290000
-0.028320 -1.000000 0.027344 0.000000 0.000000 0.000000 -49.372559 -0.093384 0.000000 1.924000 3.806000 8.646000 29.260000
-0.027832 -1.000977 0.028320 0.000000 0.000000 0.000000 -49.372559 -0.093384 0.000000 1.929000 3.810000 8.644000 29.250000
-0.028320 -1.000977 0.027832 0.000000 0.000000 0.000000 -49.372559 -0.093384 0.000000 1.913000 3.810000 8.631000 29.260000
-0.028809 -1.000488 0.027832 0.000000 0.000000 0.000000 -49.372559 -0.093384 0.000000 1.932000 3.807000 8.650000 29.260000
-0.028320 -1.000488 0.026855 0.000000 0.000000 0.000000 -49.372559 -0.087891 0.000000 1.935000 3.827000 8.660000 29.270000
-0.027832 -1.000977 0.027344 0.000000 0.000000 0.000000 -49.372559 -0.087891 0.000000 1.924000 3.822000 8.648000 29.280000
-0.028809 -1.000488 0.026855 0.000000 0.000000 0.000000 -49.372559 -0.087891 0.000000 1.925000 3.815000 8.636000 29.290000
-0.028809 -1.000977 0.027344 0.000000 0.000000 0.000000 -49.372559 -0.087891 0.000000 1.928000 3.841000 8.646000 29.280000
-0.027832 -1.000977 0.026855 0.000000 0.000000 0.000000 -49.372559 -0.087891 0.000000 1.919000 3.826000 8.640000 29.270000
-0.027832 -0.999512 0.027344 0.000000 0.000000 0.000000 -49.372559 -0.087891 0.000000 1.915000 3.838000 8.641000 29.240000
-0.027344 -1.001465 0.027344 0.000000 0.000000 0.000000 -49.372559 -0.087891 0.000000 1.915000 3.847000 8.643000 29.290000
-0.028320 -1.000977 0.027344 0.000000 0.000000 0.000000 -49.372559 -0.087891 0.000000 1.920000 3.840000 8.639000 29.250000
-0.027832 -1.000488 0.027344 0.000000 0.000000 0.000000 -49.372559 -0.087891 0.000000 1.935000 3.831000 8.640000 29.250000
-0.028320 -1.001465 0.027344 0.000000 0.000000 0.000000 -49.372559 -0.087891 0.000000 1.932000 3.807000 8.636000 29.280000
-0.027832 -1.000977 0.027344 0.000000 0.000000 0.000000 -49.372559 -0.087891 0.000000 1.924000 3.825000 8.636000 29.240000
-0.028320 -1.000977 0.027344 0.000000 0.000000 0.000000 -49.372559 -0.087891 0.000000 1.913000 3.819000 8.646000 29.250000
-0.027344 -1.000488 0.027344 0.000000 0.000000 0.000000 -49.372559 -0.087891 0.000000 1.923000 3.843000 8.639000 29.290000
-0.027832 -1.000488 0.026855 0.000000 0.000000 0.000000 -49.372559 -0.087891 0.000000 1.930000 3.800000 8.645000 29.290000
-0.028320 -1.000000 0.027832 0.000000 0.000000 0.000000 -49.372559 -0.087891 0.000000 1.930000 3.833000 8.637000 29.260000
-0.027832 -1.000977 0.026855 0.000000 0.000000 0.000000 -49.372559 -0.087891 0.000000 1.924000 3.827000 8.654000 29.250000
-0.028320 -1.001465 0.027344 0.000000 0.000000 0.000000 -49.372559 -0.087891 0.000000 1.916000 3.819000 8.644000 29.270000
-0.028809 -1.000977 0.027832 0.000000 0.000000 0.000000 -49.372559 -0.087891 0.000000 1.920000 3.818000 8.628000 29.280000
-0.027344 -1.000000 0.028320 0.000000 0.000000 0.000000 -49.372559 -0.087891 0.000000 1.923000 3.816000 8.646000 29.250000
-0.028320 -1.002930 0.027832 0.000000 0.000000 0.000000 -49.367065 -0.087891 0.000000 1.916000 3.831000 8.660000 29.240000
-0.028320 -1.001953 0.027344 0.000000 0.000000 0.000000 -49.367065 -0.087891 0.000000 1.925000 3.801000 8.645000 29.250000
-0.027832 -1.002441 0.028320 0.000000 0.000000 0.000000 -49.367065 -0.087891 0.000000 1.928000 3.828000 8.648000 29.280000
-0.028809 -1.002441 0.027344 0.000000 0.000000 0.000000 -49.367065 -0.087891 0.000000 1.926000 3.834000 8.652000 29.260000
-0.027832 -1.002441 0.027344 0.000000 0.000000 0.000000 -49.367065 -0.087891 0.000000 1.927000 3.813000 8.652000 29.240000
-0.027344 -1.003418 0.026855 0.000000 0.000000 0.000000 -49.367065 -0.093384 0.000000 1.929000 3.821000 8.649000 29.250000
-0.027832 -1.001465 0.027832 0.000000 0.000000 0.000000 -49.367065 -0.087891 0.000000 1.922000 3.801000 8.637000 29.260000
-0.027832 -1.001465 0.026855 0.000000 0.000000 0.000000 -49.367065 -0.093384 0.000000 1.927000 3.842000 8.656000 29.250000
-0.027832 -1.001465 0.027344 0.000000 0.000000 0.000000 -49.367065 -0.093384 0.000000 1.922000 3.831000 8.659000 29.260000
-0.027832 -1.002441 0.026855 0.000000 0.000000 0.000000 -49.367065 -0.093384 0.000000 1.928000 3.828000 8.647000 29.250000
-0.027832 -1.002441 0.027832 0.000000 0.000000 0.000000 -49.367065 -0.093384 0.000000 1.909000 3.818000 8.658000 29.230000
-0.027344 -1.002441 0.026855 0.000000 0.000000 0.000000 -49.367065 -0.093384 0.000000 1.924000 3.829000 8.640000 29.270000
-0.026855 -1.001953 0.027832 0.000000 0.000000 0.000000 -49.367065 -0.093384 0.000000 1.927000 3.824000 8.640000 29.300000
-0.028320 -1.002441 0.027344 0.000000 0.000000 0.000000 -49.367065 -0.093384 0.000000 1.927000 3.819000 8.648000 29.270000
-0.028320 -1.003418 0.027832 0.000000 0.000000 0.000000 -49.367065 -0.098877 0.000000 1.924000 3.814000 8.647000 29.250000
-0.028809 -1.002930 0.027344 0.000000 0.000000 0.000000 -49.367065 -0.098877 0.000000 1.917000 3.837000 8.638000 29.220000
-0.027344 -1.002441 0.027832 0.000000 0.000000 0.000000 -49.367065 -0.093384 0.000000 1.922000 3.825000 8.654000 29.220000
-0.027832 -1.003418 0.027344 0.000000 0.000000 0.000000 -49.367065 -0.093384 0.000000 1.920000 3.815000 8.652000 29.260000
-0.027344 -1.001953 0.027344 0.000000 0.000000 0.000000 -49.367065 -0.093384 0.000000 1.914000 3.808000 8.630000 29.240000
-0.027832 -1.001953 0.027832 0.000000 0.000000 0.000000 -49.367065 -0.093384 0.000000 1.917000 3.815000 8.644000 29.250000
-0.028320 -1.001953 0.026855 0.000000 0.000000 0.000000 -49.367065 -0.093384 0.000000 1.926000 3.826000 8.645000 29.240000
-0.028320 -1.001465 0.027344 0.000000 0.000000 0.000000 -49.361572 -0.104370 -0.005493 1.922000 3.832000 8.653000 29.260000
-0.028320 -1.001953 0.027344 0.000000 0.061035 0.000000 -49.361572 -0.104370 -0.005493 1.930000 3.832000 8.645000 29.250000
-0.028320 -1.002441 0.026855 0.000000 0.000000 0.000000 -49.361572 -0.104370 -0.010986 1.937000 3.807000 8.635000 29.250000
-0.027832 -1.001953 0.027344 0.000000 0.000000 0.000000 -49.361572 -0.104370 -0.010986 1.923000 3.814000 8.653000 29.250000
-0.028320 -1.001953 0.027832 0.000000 0.000000 0.000000 -49.361572 -0.104370 -0.010986 1.933000 3.825000 8.651000 29.280000
-0.032715 -1.005859 -0.002930 -0.488281 1.525879 6.286621 -49.361572 -0.104370 -0.010986 1.930000 3.821000 8.651000 29.280000
-0.035156 -1.000488 0.022461 4.577637 0.915527 -1.281738 -49.872437 0.225220 -0.087891 1.918000 3.793000 8.634000 29.250000
-0.021973 -1.001953 0.023926 -5.187988 -0.793457 -1.037598 -49.866943 0.351562 -0.164795 1.930000 3.769000 8.612000 29.280000
-0.030762 -1.001465 0.027832 -0.122070 0.183105 0.061035 -49.509888 0.175781 -0.186768 1.919000 3.795000 8.627000 29.250000
-0.028809 -1.002930 0.027832 0.427246 -7.263184 -1.831055 -49.378052 0.016479 -0.175781 1.931000 3.798000 8.638000 29.270000
-0.026367 -1.001953 0.027832 0.000000 0.183105 0.305176 -49.301147 -0.142822 0.230713 1.903000 3.817000 8.665000 29.250000
-0.026367 -1.001953 0.028320 0.000000 -0.122070 0.000000 -49.295654 -0.142822 0.236206 1.893000 3.821000 8.661000 29.250000
-0.027344 -1.001953 0.027344 0.000000 -0.061035 0.000000 -49.295654 -0.148315 0.236206 1.908000 3.804000 8.641000 29.250000
-0.026855 -1.002441 0.027344 0.061035 0.000000 -0.122070 -49.295654 -0.148315 0.241699 1.890000 3.824000 8.639000 29.250000
-0.027344 -1.002441 0.027832 0.000000 0.000000 0.000000 -49.295654 -0.148315 0.241699 1.891000 3.827000 8.655000 29.250000
-0.025391 -1.002441 0.028320 0.000000 0.122070 -0.061035 -49.279175 -0.181274 0.197754 1.900000 3.848000 8.650000 29.250000
-0.025391 -1.002930 0.027344 0.000000 0.000000 0.000000 -49.279175 -0.197754 0.142822 1.902000 3.821000 8.647000 29.270000
-0.022949 -1.002930 0.027832 0.061035 -0.183105 0.000000 -49.284668 -0.203247 0.137329 1.926000 3.818000 8.639000 29.250000
-0.024414 -1.002441 0.027832 0.061035 -0.061035 -0.122070 -49.279175 -0.214233 0.159302 1.909000 3.802000 8.650000 29.260000
-0.025391 -1.002441 0.027832 0.000000 0.000000 0.000000 -49.279175 -0.214233 0.164795 1.908000 3.809000 8.645000 29.290000
-0.022949 -1.001953 0.027344 0.122070 0.000000 0.000000 -49.273682 -0.214233 0.164795 1.909000 3.823000 8.630000 29.240000
-0.025391 -1.002441 0.028320 0.000000 -0.244141 0.000000 -49.273682 -0.208740 0.170288 1.909000 3.814000 8.649000 29.220000
-0.025391 -1.002441 0.028320 0.061035 0.000000 -0.122070 -49.273682 -0.219727 0.164795 1.905000 3.826000 8.665000 29.250000
-0.025391 -1.001953 0.028320 0.061035 0.000000 -0.122070 -49.273682 -0.219727 0.164795 1.915000 3.815000 8.655000 29.240000
-0.025391 -1.001953 0.027344 0.000000 0.000000 0.000000 -49.273682 -0.219727 0.164795 1.903000 3.835000 8.651000 29.260000
-0.025879 -1.002441 0.027344 0.061035 0.000000 0.000000 -49.284668 -0.225220 0.170288 1.903000 3.823000 8.651000 29.220000
-0.024902 -1.002441 0.028809 0.000000 0.000000 0.000000 -49.284668 -0.225220 0.170288 1.908000 3.829000 8.652000 29.270000
-0.025391 -1.002441 0.028809 0.000000 0.000000 0.000000 -49.284668 -0.225220 0.170288 1.903000 3.858000 8.652000 29.250000
-0.025879 -1.002441 0.028320 0.000000 0.000000 0.000000 -49.284668 -0.230713 0.170288 1.904000 3.839000 8.653000 29.270000
-0.025879 -1.001953 0.028320 0.000000 0.000000 0.000000 -49.284668 -0.230713 0.170288 1.899000 3.826000 8.662000 29.220000
-0.026367 -1.001953 0.027832 0.000000 0.000000 0.000000 -49.290161 -0.230713 0.170288 1.905000 3.860000 8.652000 29.260000
-0.024902 -1.002930 0.028320 0.000000 0.000000 0.000000 -49.290161 -0.230713 0.170288 1.908000 3.838000 8.647000 29.230000
-0.025391 -1.002441 0.028320 0.000000 0.000000 0.000000 -49.290161 -0.230713 0.170288 1.912000 3.834000 8.652000 29.250000
-0.025879 -1.001465 0.027344 0.000000 0.000000 0.000000 -49.295654 -0.230713 0.175781 1.903000 3.825000 8.655000 29.270000
-0.025391 -1.001953 0.027832 -0.061035 0.000000 0.000000 -49.301147 -0.230713 0.175781 1.907000 3.847000 8.646000 29.250000
-0.024902 -1.002441 0.027832 0.000000 0.000000 0.000000 -49.290161 -0.236206 0.164795 1.906000 3.802000 8.660000 29.250000
-0.024414 -1.002930 0.027832 0.427246 0.000000 0.244141 -49.295654 -0.247192 0.159302 1.908000 3.817000 8.644000 29.240000
-0.024414 -1.002930 0.027832 0.000000 0.122070 -0.061035 -49.295654 -0.236206 0.142822 1.908000 3.824000 8.648000 29.250000
-0.024902 -1.001953 0.028320 0.000000 0.000000 -0.061035 -49.301147 -0.236206 0.142822 1.894000 3.833000 8.644000 29.250000
-0.025391 -1.002441 0.028320 0.000000 0.000000 0.061035 -49.301147 -0.241699 0.148315 1.904000 3.836000 8.635000 29.250000
-0.024902 -1.001953 0.028320 0.000000 0.000000 0.000000 -49.301147 -0.241699 0.148315 1.901000 3.841000 8.637000 29.250000
-0.025391 -1.002930 0.028809 0.000000 0.000000 0.061035 -49.301147 -0.241699 0.148315 1.888000 3.841000 8.651000 29.250000
-0.024902 -1.002930 0.027832 0.000000 0.000000 0.000000 -49.306641 -0.247192 0.148315 1.905000 3.838000 8.652000 29.210000
-0.025879 -1.002441 0.028320 -0.183105 -0.183105 0.000000 -49.306641 -0.247192 0.148315 1.905000 3.826000 8.644000 29.250000
-0.024902 -1.002930 0.027832 0.183105 0.000000 0.000000 -49.328613 -0.247192 0.153809 1.901000 3.803000 8.648000 29.250000
-0.024414 -1.001465 0.027832 0.061035 0.000000 0.000000 -49.312134 -0.258179 0.170288 1.902000 3.840000 8.650000 29.220000
-0.024414 -1.002441 0.028320 0.000000 0.000000 0.000000 -49.312134 -0.269165 0.170288 1.921000 3.828000 8.646000 29.220000
-0.024902 -1.002930 0.027832 0.000000 0.000000 0.000000 -49.312134 -0.269165 0.170288 1.898000 3.819000 8.634000 29.250000
-0.024414 -1.001465 0.028320 0.000000 0.000000 0.000000 -49.317627 -0.269165 0.170288 1.897000 3.836000 8.649000 29.230000
-0.024414 -1.002441 0.027344 0.000000 0.000000 0.000000 -49.317627 -0.269165 0.170288 1.905000 3.820000 8.660000 29.250000
-0.024414 -1.002930 0.027832 0.000000 0.061035 0.000000 -49.317627 -0.274658 0.170288 1.905000 3.824000 8.640000 29.230000
-0.024414 -1.001953 0.027344 -0.122070 0.122070 0.000000 -49.323120 -0.274658 0.159302 1.912000 3.817000 8.653000 29.250000
-0.023926 -1.002441 0.027832 0.000000 0.061035 -0.061035 -49.334106 -0.263672 0.170288 1.901000 3.837000 8.653000 29.250000
-0.023926 -1.002930 0.027344 0.000000 0.000000 0.000000 -49.334106 -0.269165 0.164795 1.904000 3.830000 8.647000 29.260000
-0.024414 -1.002930 0.027344 0.000000 0.000000 0.061035 -49.334106 -0.269165 0.164795 1.908000 3.833000 8.649000 29.260000
-0.024414 -1.002441 0.026855 0.000000 0.000000 0.061035 -49.334106 -0.274658 0.164795 1.915000 3.832000 8.657000 29.240000
-0.024414 -1.001953 0.027832 0.000000 0.000000 0.000000 -49.334106 -0.274658 0.159302 1.908000 3.804000 8.654000 29.250000
-0.024414 -1.001465 0.027832 0.000000 -0.061035 0.000000 -49.323120 -0.274658 0.164795 1.919000 3.796000 8.645000 29.210000
-0.023926 -1.001465 0.027832 0.000000 0.000000 0.000000 -49.334106 -0.263672 0.159302 1.902000 3.825000 8.644000 29.220000
-0.025391 -1.000000 0.027832 0.000000 0.000000 0.000000 -49.334106 -0.263672 0.159302 1.898000 3.817000 8.648000 29.230000
-0.023926 -1.000000 0.027832 0.000000 0.061035 0.122070 -49.334106 -0.258179 0.153809 1.913000 3.818000 8.642000 29.230000
-0.021973 -1.000488 0.026855 0.183105 -0.183105 -0.122070 -49.317627 -0.285645 0.170288 1.889000 3.844000 8.644000 29.210000
-0.024414 -1.001465 0.027832 -0.305176 0.244141 0.549316 -49.317627 -0.291138 0.181274 1.907000 3.821000 8.647000 29.200000
-0.023926 -1.002930 0.027832 0.000000 -0.122070 0.000000 -49.334106 -0.269165 0.192261 1.893000 3.818000 8.650000 29.240000
-0.024902 -1.000488 0.029297 0.183105 0.305176 0.488281 -49.328613 -0.269165 0.181274 1.905000 3.815000 8.654000 29.210000
-0.023926 -1.000488 0.027832 -0.549316 0.122070 -0.610352 -49.317627 -0.269165 0.170288 1.910000 3.829000 8.645000 29.190000
-0.023926 -1.000488 0.027832 0.427246 0.000000 -0.976562 -49.317627 -0.296631 0.175781 1.908000 3.816000 8.643000 29.230000
-0.023926 -1.000000 0.027344 -0.061035 0.305176 0.244141 -49.306641 -0.318604 0.142822 1.905000 3.818000 8.658000 29.210000
-0.023438 -1.001465 0.027832 0.000000 0.000000 0.122070 -49.306641 -0.313110 0.137329 1.916000 3.812000 8.644000 29.220000
-0.023438 -1.000977 0.028320 0.000000 0.061035 0.000000 -49.312134 -0.313110 0.142822 1.926000 3.815000 8.637000 29.230000
-0.022949 -1.001465 0.028809 0.000000 0.061035 -0.122070 -49.290161 -0.324097 0.137329 1.913000 3.827000 8.652000 29.210000
-0.022949 -1.000000 0.028320 0.000000 -0.061035 0.061035 -49.295654 -0.329590 0.131836 1.912000 3.831000 8.644000 29.240000
-0.022949 -1.000488 0.027832 0.000000 0.000000 0.000000 -49.295654 -0.329590 0.126343 1.908000 3.829000 8.641000 29.220000
-0.023438 -1.000488 0.028320 -0.122070 -0.122070 0.183105 -49.306641 -0.324097 0.126343 1.908000 3.827000 8.633000 29.210000
-0.026367 -1.000488 0.028809 0.000000 0.244141 0.000000 -49.312134 -0.324097 0.126343 1.916000 3.835000 8.645000 29.230000
-0.023438 -1.000000 0.028809 1.159668 0.549316 0.000000 -49.290161 -0.324097 0.104370 1.905000 3.835000 8.647000 29.220000
-0.022461 -1.001465 0.027832 0.000000 0.000000 0.000000 -49.279175 -0.329590 0.093384 1.918000 3.826000 8.643000 29.220000
-0.022949 -1.001465 0.028320 0.000000 0.000000 0.000000 -49.279175 -0.335083 0.098877 1.917000 3.817000 8.653000 29.210000
-0.023438 -1.000977 0.028320 0.000000 0.000000 0.000000 -49.284668 -0.335083 0.098877 1.922000 3.830000 8.635000 29.250000
-0.022949 -1.000000 0.028320 0.000000 0.061035 0.000000 -49.284668 -0.335083 0.093384 1.910000 3.847000 8.649000 29.210000
-0.022949 -1.000488 0.028320 0.000000 0.122070 -0.122070 -49.284668 -0.346069 0.093384 1.919000 3.845000 8.635000 29.210000
-0.021484 -1.000977 0.028809 0.000000 -0.122070 0.183105 -49.290161 -0.346069 0.093384 1.912000 3.844000 8.647000 29.210000
-0.022461 -1.000488 0.027832 0.000000 0.000000 -0.061035 -49.290161 -0.346069 0.093384 1.913000 3.797000 8.654000 29.190000
-0.021484 -1.000977 0.028809 -0.061035 0.732422 0.732422 -49.290161 -0.351562 0.093384 1.922000 3.847000 8.648000 29.190000
-0.022461 -1.001953 0.028809 0.000000 0.061035 0.000000 -49.290161 -0.351562 0.093384 1.927000 3.829000 8.639000 29.210000
-0.023438 -1.000488 0.028320 0.000000 0.000000 0.000000 -49.301147 -0.340576 0.076904 1.932000 3.822000 8.645000 29.220000
-0.022949 -1.000488 0.027832 0.000000 0.000000 0.000000 -49.301147 -0.340576 0.076904 1.922000 3.819000 8.644000 29.210000
-0.023438 -1.000488 0.028809 -0.061035 0.000000 0.000000 -49.301147 -0.346069 0.076904 1.917000 3.812000 8.635000 29.210000
-0.022461 -1.001465 0.027344 0.000000 0.000000 0.000000 -49.306641 -0.351562 0.076904 1.908000 3.831000 8.660000 29.210000
-0.023438 -1.002930 0.029297 0.000000 0.000000 0.000000 -49.306641 -0.351562 0.076904 1.915000 3.812000 8.641000 29.210000
-0.023438 -1.001953 0.028320 0.000000 0.000000 0.000000 -49.306641 -0.351562 0.076904 1.921000 3.836000 8.645000 29.210000
-0.023438 -1.001953 0.028320 0.000000 0.000000 0.000000 -49.306641 -0.357056 0.076904 1.916000 3.814000 8.640000 29.220000
-0.022949 -1.002441 0.028320 0.000000 0.000000 0.000000 -49.306641 -0.357056 0.076904 1.924000 3.820000 8.640000 29.180000
-0.022949 -1.002441 0.028809 0.000000 0.000000 0.000000 -49.306641 -0.357056 0.076904 1.916000 3.817000 8.646000 29.230000
-0.022461 -1.002441 0.028320 0.000000 0.000000 0.000000 -49.312134 -0.357056 0.076904 1.918000 3.864000 8.640000 29.210000
-0.023438 -1.002930 0.027832 0.000000 0.000000 0.000000 -49.312134 -0.362549 0.076904 1.921000 3.822000 8.644000 29.200000
-0.022461 -1.001465 0.028809 0.000000 0.000000 0.000000 -49.312134 -0.362549 0.076904 1.921000 3.826000 8.648000 29.210000
-0.022461 -1.002441 0.027832 0.000000 0.000000 0.000000 -49.312134 -0.362549 0.076904 1.917000 3.844000 8.653000 29.200000
-0.022461 -1.001953 0.027344 0.000000 0.000000 0.000000 -49.312134 -0.362549 0.076904 1.917000 3.831000 8.644000 29.180000
-0.022461 -1.002441 0.027344 0.000000 0.000000 0.000000 -49.312134 -0.368042 0.076904 1.925000 3.808000 8.657000 29.200000
-0.022461 -1.002441 0.028320 0.000000 0.000000 0.000000 -49.312134 -0.368042 0.076904 1.915000 3.830000 8.650000 29.210000
-0.022461 -1.002441 0.028320 0.000000 0.000000 0.000000 -49.317627 -0.368042 0.076904 1.915000 3.815000 8.645000 29.180000
-0.022949 -1.001465 0.027832 0.000000 0.000000 0.000000 -49.317627 -0.368042 0.076904 1.901000 3.815000 8.640000 29.180000
-0.022949 -1.001465 0.027832 0.000000 0.000000 0.000000 -49.317627 -0.368042 0.076904 1.915000 3.832000 8.649000 29.210000
-0.023438 -1.002441 0.027832 0.000000 0.000000 0.000000 -49.317627 -0.368042 0.076904 1.920000 3.816000 8.651000 29.180000
-0.022949 -1.001465 0.027832 0.000000 0.000000 0.000000 -49.323120 -0.368042 0.076904 1.922000 3.831000 8.636000 29.210000
-0.023438 -1.002441 0.027832 0.000000 0.000000 0.000000 -49.323120 -0.373535 0.076904 1.921000 3.829000 8.651000 29.210000
-0.022949 -1.001465 0.027344 0.000000 0.000000 0.000000 -49.323120 -0.373535 0.076904 1.910000 3.846000 8.645000 29.180000
-0.022461 -1.001953 0.028320 0.000000 0.000000 0.000000 -49.323120 -0.373535 0.076904 1.912000 3.861000 8.657000 29.210000
-0.022461 -1.001953 0.028809 0.000000 0.000000 0.000000 -49.323120 -0.373535 0.076904 1.922000 3.839000 8.650000 29.170000
-0.022949 -1.002441 0.028320 0.000000 0.000000 0.000000 -49.323120 -0.373535 0.076904 1.927000 3.832000 8.652000 29.220000
-0.023438 -1.001953 0.027832 0.000000 0.000000 0.000000 -49.323120 -0.373535 0.076904 1.910000 3.826000 8.634000 29.140000
-0.022949 -1.002441 0.028320 0.000000 0.000000 0.000000 -49.323120 -0.373535 0.076904 1.924000 3.833000 8.632000 29.190000
-0.022949 -1.001953 0.028320 0.000000 0.000000 0.000000 -49.323120 -0.373535 0.076904 1.921000 3.819000 8.652000 29.210000
-0.023438 -1.001953 0.027832 0.000000 0.000000 0.000000 -49.323120 -0.373535 0.076904 1.921000 3.830000 8.658000 29.200000
-0.021973 -1.001465 0.027832 0.000000 0.000000 0.000000 -49.323120 -0.379028 0.076904 1.919000 3.843000 8.654000 29.190000
-0.023438 -1.001953 0.027832 0.000000 0.000000 0.000000 -49.323120 -0.379028 0.076904 1.927000 3.843000 8.648000 29.160000
-0.022949 -1.003418 0.028320 0.000000 0.000000 0.000000 -49.323120 -0.379028 0.076904 1.930000 3.849000 8.638000 29.190000
-0.022461 -1.002441 0.028809 0.000000 0.000000 0.000000 -49.323120 -0.379028 0.076904 1.917000 3.809000 8.658000 29.210000
-0.022461 -1.002441 0.027344 0.000000 0.000000 0.000000 -49.323120 -0.379028 0.076904 1.910000 3.822000 8.643000 29.200000
-0.022461 -1.002441 0.027344 0.000000 0.000000 0.000000 -49.323120 -0.379028 0.076904 1.916000 3.814000 8.632000 29.170000
-0.022461 -1.001465 0.028320 0.000000 0.000000 0.000000 -49.323120 -0.379028 0.076904 1.911000 3.836000 8.644000 29.200000
-0.022949 -1.002441 0.027344 0.000000 0.000000 0.000000 -49.323120 -0.379028 0.076904 1.927000 3.829000 8.646000 29.190000
-0.022949 -1.001465 0.028320 0.000000 0.000000 0.000000 -49.328613 -0.379028 0.076904 1.922000 3.850000 8.645000 29.170000
-0.023926 -1.002441 0.027832 0.000000 0.000000 0.000000 -49.328613 -0.379028 0.076904 1.923000 3.833000 8.631000 29.180000
-0.022949 -1.002930 0.028320 0.000000 0.000000 0.000000 -49.328613 -0.379028 0.076904 1.927000 3.848000 8.654000 29.170000
-0.022461 -1.001953 0.027832 0.000000 0.000000 0.000000 -49.328613 -0.379028 0.076904 1.918000 3.831000 8.650000 29.160000
-0.021484 -1.000488 0.027832 0.000000 0.000000 0.000000 -49.328613 -0.379028 0.076904 1.919000 3.815000 8.649000 29.170000
-0.022461 -1.001465 0.027344 0.000000 0.000000 0.000000 -49.328613 -0.384521 0.076904 1.915000 3.834000 8.641000 29.170000
-0.022461 -1.000000 0.027832 0.000000 0.000000 0.000000 -49.328613 -0.384521 0.076904 1.916000 3.818000 8.650000 29.170000
-0.022949 -1.000977 0.027344 0.000000 0.000000 0.000000 -49.328613 -0.384521 0.076904 1.916000 3.837000 8.652000 29.170000
-0.022949 -1.000488 0.028320 0.000000 0.000000 0.000000 -49.328613 -0.384521 0.076904 1.926000 3.840000 8.647000 29.200000
-0.023438 -1.000488 0.028320 0.000000 0.000000 0.000000 -49.328613 -0.379028 0.076904 1.927000 3.818000 8.655000 29.170000
-0.022949 -1.000977 0.027832 0.000000 0.000000 0.000000 -49.328613 -0.379028 0.076904 1.923000 3.807000 8.650000 29.170000
-0.023438 -1.000488 0.027344 0.000000 0.000000 0.000000 -49.328613 -0.379028 0.076904 1.910000 3.841000 8.625000 29.170000
-0.022461 -1.000488 0.027344 0.000000 0.000000 0.000000 -49.328613 -0.379028 0.076904 1.929000 3.857000 8.645000 29.160000
-0.022949 -1.001465 0.027832 0.000000 0.000000 0.000000 -49.328613 -0.379028 0.076904 1.907000 3.835000 8.644000 29.170000
-0.022949 -1.000488 0.029297 0.000000 0.000000 0.000000 -49.328613 -0.379028 0.076904 1.904000 3.813000 8.650000 29.190000
-0.022949 -1.000488 0.028809 0.000000 0.000000 0.000000 -49.328613 -0.379028 0.076904 1.920000 3.810000 8.655000 29.180000
-0.022949 -1.000488 0.027832 0.000000 0.000000 0.000000 -49.328613 -0.384521 0.076904 1.910000 3.827000 8.654000 29.180000
-0.022461 -1.000000 0.027832 0.000000 0.000000 0.000000 -49.328613 -0.384521 0.076904 1.916000 3.836000 8.646000 29.150000
-0.022461 -1.000977 0.028320 0.000000 0.000000 0.000000 -49.328613 -0.384521 0.076904 1.918000 3.825000 8.645000 29.140000
-0.022949 -1.000488 0.027832 0.000000 0.000000 0.000000 -49.328613 -0.384521 0.076904 1.923000 3.823000 8.654000 29.170000
-0.022949 -1.000488 0.027832 0.000000 0.000000 0.000000 -49.328613 -0.384521 0.076904 1.918000 3.856000 8.651000 29.130000
-0.022949 -1.000977 0.027832 0.000000 0.000000 0.000000 -49.328613 -0.384521 0.076904 1.925000 3.839000 8.640000 29.150000
-0.022949 -1.000488 0.027832 0.000000 0.000000 0.000000 -49.328613 -0.384521 0.076904 1.919000 3.852000 8.642000 29.140000
-0.022949 -1.001465 0.027832 0.000000 0.000000 0.000000 -49.328613 -0.384521 0.076904 1.909000 3.839000 8.653000 29.120000
-0.022949 -1.000488 0.028320 0.000000 0.000000 0.000000 -49.328613 -0.390015 0.076904 1.918000 3.835000 8.657000 29.140000
-0.022949 -1.000977 0.027832 0.000000 0.000000 0.000000 -49.328613 -0.390015 0.076904 1.918000 3.830000 8.655000 29.140000
-0.022461 -1.000977 0.028809 0.000000 0.000000 0.000000 -49.328613 -0.390015 0.076904 1.915000 3.830000 8.643000 29.140000
-0.022461 -1.000488 0.028320 0.000000 0.000000 0.000000 -49.328613 -0.390015 0.076904 1.932000 3.827000 8.648000 29.170000
-0.023438 -1.000977 0.027832 0.000000 0.000000 0.000000 -49.328613 -0.390015 0.076904 1.918000 3.828000 8.654000 29.170000
-0.023438 -1.000977 0.028320 0.000000 0.000000 0.000000 -49.328613 -0.390015 0.076904 1.917000 3.842000 8.642000 29.140000
-0.022949 -1.000488 0.027832 0.000000 0.000000 0.000000 -49.328613 -0.390015 0.076904 1.919000 3.836000 8.639000 29.140000
-0.021973 -1.000488 0.027344 0.000000 0.000000 0.000000 -49.328613 -0.390015 0.076904 1.926000 3.829000 8.649000 29.130000
-0.022461 -1.000977 0.027832 0.000000 0.000000 0.000000 -49.328613 -0.390015 0.076904 1.912000 3.837000 8.643000 29.150000
-0.022461 -1.002441 0.027832 0.000000 0.000000 0.000000 -49.328613 -0.390015 0.076904 1.928000 3.826000 8.637000 29.140000
-0.022461 -1.000488 0.027832 0.000000 0.000000 0.000000 -49.328613 -0.390015 0.076904 1.911000 3.830000 8.651000 29.150000
-0.022949 -1.000977 0.027832 0.000000 0.000000 0.000000 -49.328613 -0.390015 0.076904 1.922000 3.823000 8.644000 29.140000
-0.022461 -1.000488 0.028320 0.000000 0.000000 0.000000 -49.328613 -0.390015 0.076904 1.917000 3.820000 8.644000 29.140000
-0.023438 -1.000977 0.028320 0.000000 0.000000 0.000000 -49.328613 -0.390015 0.076904 1.916000 3.819000 8.644000 29.100000
-0.022461 -1.000488 0.027832 0.000000 0.000000 0.000000 -49.328613 -0.390015 0.076904 1.910000 3.815000 8.643000 29.130000
-0.022461 -1.000977 0.027344 0.000000 0.000000 0.000000 -49.328613 -0.390015 0.076904 1.915000 3.819000 8.647000 29.130000
-0.022949 -1.000488 0.027832 0.000000 0.000000 0.000000 -49.328613 -0.390015 0.076904 1.922000 3.820000 8.650000 29.150000
-0.022949 -1.000977 0.028809 0.000000 0.000000 0.000000 -49.328613 -0.390015 0.076904 1.918000 3.851000 8.650000 29.140000
-0.022949 -1.001465 0.028809 0.000000 0.000000 0.000000 -49.328613 -0.395508 0.076904 1.917000 3.819000 8.645000 29.130000
-0.022461 -1.000488 0.027832 0.000000 0.000000 0.000000 -49.328613 -0.395508 0.076904 1.936000 3.834000 8.643000 29.100000
-0.022461 -1.000977 0.028320 0.000000 0.000000 0.000000 -49.328613 -0.395508 0.076904 1.928000 3.830000 8.645000 29.140000
-0.023438 -1.001465 0.028320 0.000000 0.000000 0.000000 -49.328613 -0.395508 0.076904 1.911000 3.838000 8.639000 29.140000
-0.022461 -1.000977 0.028809 0.000000 0.000000 0.000000 -49.328613 -0.395508 0.076904 1.922000 3.822000 8.639000 29.140000
-0.022949 -1.000488 0.027832 0.000000 0.000000 0.000000 -49.328613 -0.395508 0.076904 1.918000 3.837000 8.643000 29.140000
-0.022461 -1.000488 0.027832 0.000000 0.000000 0.000000 -49.328613 -0.395508 0.076904 1.922000 3.835000 8.645000 29.130000
-0.022461 -1.001465 0.028320 0.000000 0.000000 0.000000 -49.328613 -0.395508 0.076904 1.919000 3.839000 8.651000 29.100000
-0.022949 -1.001465 0.028320 0.000000 0.000000 0.000000 -49.328613 -0.395508 0.076904 1.903000 3.854000 8.661000 29.100000
-0.022461 -1.000488 0.026855 0.000000 0.000000 0.000000 -49.328613 -0.395508 0.076904 1.919000 3.825000 8.645000 29.170000
-0.022949 -1.000488 0.028320 0.000000 0.000000 0.000000 -49.328613 -0.395508 0.076904 1.915000 3.858000 8.653000 29.130000
-0.021973 -1.000488 0.027832 0.000000 0.000000 0.000000 -49.328613 -0.395508 0.076904 1.909000 3.821000 8.649000 29.100000
-0.021973 -1.000977 0.027832 0.000000 0.000000 0.000000 -49.328613 -0.395508 0.076904 1.918000 3.809000 8.651000 29.100000
-0.022461 -1.000488 0.027832 0.000000 0.000000 0.000000 -49.328613 -0.395508 0.076904 1.928000 3.838000 8.651000 29.140000
-0.022461 -1.000488 0.028320 0.000000 0.000000 0.000000 -49.328613 -0.395508 0.076904 1.922000 3.819000 8.648000 29.100000
-0.023438 -1.000977 0.027832 0.000000 0.000000 0.000000 -49.328613 -0.395508 0.076904 1.919000 3.829000 8.652000 29.120000
-0.022461 -1.000977 0.028320 0.000000 0.000000 0.000000 -49.328613 -0.395508 0.076904 1.918000 3.824000 8.661000 29.100000
-0.022461 -1.000488 0.028320 0.000000 0.000000 0.000000 -49.328613 -0.395508 0.076904 1.921000 3.819000 8.643000 29.110000
-0.022461 -1.000977 0.027832 0.000000 0.000000 0.000000 -49.328613 -0.395508 0.076904 1.930000 3.844000 8.647000 29.140000
-0.022461 -1.001465 0.027832 0.000000 0.000000 0.000000 -49.328613 -0.395508 0.076904 1.909000 3.832000 8.650000 29.120000
-0.022461 -1.000488 0.027832 0.000000 0.000000 0.000000 -49.328613 -0.395508 0.076904 1.918000 3.809000 8.644000 29.120000
-0.022461 -1.000977 0.027832 0.000000 0.000000 0.000000 -49.328613 -0.395508 0.076904 1.910000 3.822000 8.645000 29.130000
-0.022461 -1.000000 0.027344 0.000000 0.000000 0.000000 -49.328613 -0.395508 0.076904 1.916000 3.830000 8.640000 29.110000
-0.022461 -1.000977 0.027832 0.000000 0.000000 0.000000 -49.328613 -0.395508 0.076904 1.919000 3.822000 8.643000 29.130000
-0.022461 -1.000977 0.027344 0.000000 0.000000 0.000000 -49.328613 -0.395508 0.076904 1.917000 3.828000 8.655000 29.130000
