0.152344 -0.894531 0.427246 -0.061035 0.000000 0.000000 -64.396362 -19.643555 6.723633 0.141000 5.657000 3.635000 30.480000
0.151855 -0.894531 0.427246 0.122070 0.000000 0.000000 -64.396362 -19.643555 6.723633 0.142000 5.685000 3.615000 30.480000
0.151855 -0.895020 0.428711 0.183105 0.000000 0.000000 -64.396362 -19.643555 6.723633 0.143000 5.702000 3.611000 30.480000
0.152344 -0.894531 0.427734 0.122070 0.061035 0.000000 -64.396362 -19.638062 6.723633 0.130000 5.665000 3.615000 30.500000
0.151367 -0.894043 0.428223 0.000000 0.000000 0.000000 -64.401855 -19.638062 6.723633 0.133000 5.664000 3.635000 30.470000
0.152344 -0.894043 0.426270 0.000000 0.000000 0.000000 -64.401855 -19.638062 6.718140 0.141000 5.656000 3.620000 30.440000
0.152344 -0.894531 0.427246 0.000000 0.000000 0.000000 -64.407349 -19.638062 6.718140 0.143000 5.700000 3.595000 30.450000
0.151855 -0.894043 0.426758 0.000000 0.000000 0.000000 -64.407349 -19.638062 6.718140 0.133000 5.671000 3.608000 30.450000
0.151367 -0.895020 0.427734 0.000000 0.000000 0.000000 -64.407349 -19.638062 6.718140 0.121000 5.672000 3.607000 30.440000
0.152344 -0.894043 0.427734 0.000000 0.000000 0.000000 -64.412842 -19.638062 6.718140 0.130000 5.659000 3.629000 30.440000
0.151367 -0.894531 0.428711 0.000000 0.000000 0.000000 -64.412842 -19.638062 6.718140 0.133000 5.671000 3.622000 30.440000
0.151855 -0.894043 0.427734 0.000000 0.000000 0.000000 -64.412842 -19.632568 6.718140 0.141000 5.658000 3.608000 30.440000
0.152344 -0.894043 0.427734 0.000000 0.000000 0.000000 -64.412842 -19.632568 6.718140 0.130000 5.654000 3.611000 30.450000
0.151367 -0.894043 0.428711 0.000000 0.000000 0.000000 -64.418335 -19.632568 6.718140 0.125000 5.655000 3.622000 30.450000
0.151855 -0.894531 0.428711 0.000000 0.000000 0.000000 -64.418335 -19.632568 6.718140 0.126000 5.662000 3.608000 30.410000
0.151855 -0.895020 0.427246 0.000000 0.000000 0.000000 -64.418335 -19.632568 6.718140 0.134000 5.661000 3.611000 30.460000
0.151855 -0.894531 0.427734 0.000000 0.000000 0.000000 -64.423828 -19.632568 6.712646 0.130000 5.728000 3.591000 30.490000
0.152344 -0.894043 0.427246 0.000000 0.000000 0.000000 -64.423828 -19.627075 6.712646 0.139000 5.691000 3.629000 30.440000
0.151855 -0.894043 0.427246 0.000000 0.000000 0.000000 -64.423828 -19.627075 6.712646 0.139000 5.665000 3.609000 30.460000
0.152832 -0.895020 0.426758 0.000000 0.000000 0.000000 -64.429321 -19.627075 6.712646 0.138000 5.663000 3.617000 30.450000
0.152832 -0.894531 0.426270 0.000000 0.000000 0.000000 -64.429321 -19.632568 6.712646 0.136000 5.659000 3.634000 30.470000
0.151855 -0.894043 0.426270 0.000000 0.000000 0.000000 -64.429321 -19.632568 6.712646 0.139000 5.663000 3.623000 30.460000
0.152344 -0.894531 0.425781 0.000000 0.000000 0.000000 -64.434814 -19.632568 6.712646 0.146000 5.661000 3.621000 30.440000
0.152832 -0.894531 0.428223 0.000000 0.000000 0.000000 -64.440308 -19.632568 6.712646 0.124000 5.663000 3.622000 30.440000
0.151855 -0.893555 0.427246 0.000000 0.000000 0.000000 -64.440308 -19.638062 6.712646 0.141000 5.656000 3.610000 30.480000
0.151855 -0.894531 0.428223 0.000000 0.000000 0.000000 -64.440308 -19.638062 6.712646 0.126000 5.666000 3.617000 30.460000
0.151855 -0.895020 0.427734 0.000000 0.000000 0.000000 -64.440308 -19.638062 6.712646 0.144000 5.660000 3.637000 30.460000
0.152344 -0.894531 0.427246 0.000000 0.000000 0.000000 -64.440308 -19.638062 6.712646 0.148000 5.667000 3.605000 30.410000
0.151367 -0.893555 0.428223 0.000000 0.000000 0.000000 -64.440308 -19.638062 6.712646 0.141000 5.669000 3.617000 30.450000
0.152344 -0.894531 0.427734 0.000000 0.000000 0.000000 -64.445801 -19.632568 6.712646 0.144000 5.666000 3.606000 30.440000
0.151367 -0.895020 0.427246 0.000000 0.000000 0.000000 -64.445801 -19.632568 6.712646 0.136000 5.658000 3.623000 30.440000
0.151855 -0.894531 0.426758 0.000000 0.000000 0.000000 -64.445801 -19.632568 6.712646 0.137000 5.658000 3.630000 30.450000
0.151367 -0.894043 0.428223 0.000000 0.000000 0.000000 -64.445801 -19.632568 6.712646 0.137000 5.662000 3.644000 30.430000
0.152344 -0.894043 0.427246 0.000000 0.000000 0.000000 -64.445801 -19.632568 6.712646 0.143000 5.692000 3.619000 30.440000
0.152344 -0.894531 0.427246 0.000000 0.000000 0.000000 -64.440308 -19.632568 6.712646 0.131000 5.666000 3.636000 30.400000
0.152344 -0.895020 0.426758 0.000000 0.000000 0.000000 -64.440308 -19.632568 6.712646 0.131000 5.658000 3.616000 30.460000
0.152344 -0.894531 0.427734 0.000000 0.000000 0.000000 -64.440308 -19.632568 6.712646 0.135000 5.654000 3.599000 30.420000
0.151855 -0.894043 0.428223 0.000000 0.000000 0.000000 -64.440308 -19.632568 6.712646 0.140000 5.685000 3.608000 30.450000
0.152344 -0.895508 0.427734 0.000000 0.000000 0.000000 -64.440308 -19.632568 6.712646 0.137000 5.670000 3.609000 30.450000
0.151367 -0.894043 0.426758 0.000000 0.000000 0.000000 -64.440308 -19.632568 6.712646 0.130000 5.690000 3.599000 30.440000
0.151855 -0.895020 0.427734 0.000000 0.000000 0.000000 -64.440308 -19.632568 6.712646 0.138000 5.665000 3.615000 30.430000
0.152344 -0.895508 0.428711 0.000000 0.000000 0.000000 -64.440308 -19.627075 6.712646 0.145000 5.670000 3.622000 30.420000
0.152344 -0.894043 0.427734 0.000000 0.000000 0.000000 -64.440308 -19.627075 6.712646 0.129000 5.664000 3.611000 30.440000
0.152344 -0.895020 0.427246 0.000000 0.000000 0.000000 -64.440308 -19.632568 6.712646 0.138000 5.668000 3.620000 30.430000
0.152344 -0.895020 0.428223 0.061035 0.000000 0.000000 -64.440308 -19.643555 6.712646 0.150000 5.661000 3.618000 30.410000
0.152832 -0.894531 0.427734 0.000000 0.000000 0.000000 -64.440308 -19.643555 6.712646 0.137000 5.670000 3.634000 30.470000
0.152344 -0.894043 0.427734 0.000000 -0.061035 0.000000 -64.440308 -19.643555 6.712646 0.148000 5.667000 3.631000 30.380000
0.152344 -0.895020 0.427246 0.000000 -0.061035 0.000000 -64.440308 -19.649048 6.718140 0.137000 5.662000 3.618000 30.460000
0.152344 -0.894531 0.427734 0.061035 0.000000 0.000000 -64.440308 -19.649048 6.718140 0.139000 5.671000 3.630000 30.430000
0.151367 -0.427734 -0.894043 0.000000 -0.061035 -421.875000 -73.097534 -19.725952 6.531372 0.139000 -3.321000 5.596000 -212.370000
0.151855 -0.427734 -0.894531 0.122070 0.488281 0.610352 -77.365723 -19.665527 6.487427 0.133000 -3.570000 5.682000 30.440000
0.151855 -0.427734 -0.893555 0.061035 0.488281 0.610352 -81.507568 -19.599609 6.443481 0.141000 -3.627000 5.654000 30.420000
0.151367 -0.427734 -0.894531 0.000000 0.549316 0.610352 -85.479126 -19.539185 6.388550 0.135000 -3.602000 5.656000 30.410000
0.151855 -0.426758 -0.894531 -0.122070 0.488281 0.488281 -89.269409 -19.478760 6.333618 0.139000 -3.606000 5.667000 30.410000
0.150879 -0.427734 -0.894531 0.305176 0.549316 0.671387 -49.762573 -0.379028 -0.159302 0.125000 -3.616000 5.672000 30.410000
0.152344 -0.427246 -0.894043 0.183105 0.549316 0.610352 -49.740601 -0.395508 -0.236206 0.145000 -3.615000 5.657000 30.390000
0.151855 -0.428711 -0.894531 0.000000 0.488281 0.610352 -49.724121 -0.411987 -0.313110 0.136000 -3.618000 5.659000 30.430000
0.151367 -0.427734 -0.894043 -0.183105 0.488281 0.549316 -49.718628 -0.428467 -0.390015 0.138000 -3.619000 5.666000 30.410000
0.151855 -0.427246 -0.894531 -0.061035 0.488281 0.549316 -49.713135 -0.439453 -0.466919 0.136000 -3.629000 5.663000 30.380000
0.151855 -0.428711 -0.894531 0.000000 0.427246 0.549316 -49.691162 -0.461426 -0.615234 0.132000 -3.612000 5.662000 30.410000
0.151855 -0.427734 -0.894043 0.061035 0.488281 0.610352 -49.680176 -0.472412 -0.692139 0.137000 -3.658000 5.660000 30.430000
0.151855 -0.427734 -0.894531 -0.061035 0.488281 0.610352 -49.669189 -0.477905 -0.763550 0.133000 -3.617000 5.665000 30.410000
0.151367 -0.427734 -0.894531 -0.122070 0.488281 0.549316 -49.658203 -0.488892 -0.840454 0.131000 -3.604000 5.668000 30.410000
0.151855 -0.427734 -0.894043 0.000000 0.000000 0.000000 -49.658203 -0.499878 -0.917358 0.139000 -3.618000 5.657000 30.480000
0.151367 -0.427246 -0.894043 0.000000 0.000000 0.000000 -49.658203 -0.483398 -0.983276 0.142000 -3.601000 5.659000 30.450000
0.151367 -0.427246 -0.894043 0.000000 0.000000 0.000000 -49.663696 -0.477905 -0.983276 0.135000 -3.610000 5.660000 30.400000
0.152344 -0.429688 -0.895020 0.000000 0.000000 0.000000 -49.669189 -0.466919 -0.983276 0.141000 -3.616000 5.669000 30.410000
0.151855 -0.427734 -0.894531 0.000000 0.000000 0.000000 -49.674683 -0.461426 -0.983276 0.128000 -3.626000 5.662000 30.430000
0.152344 -0.428711 -0.894043 0.000000 0.000000 0.000000 -49.680176 -0.455933 -0.983276 0.146000 -3.608000 5.689000 30.430000
0.151855 -0.427246 -0.894531 0.000000 0.000000 0.000000 -49.685669 -0.439453 -0.983276 0.145000 -3.615000 5.657000 30.410000
0.151367 -0.427734 -0.893555 0.000000 0.000000 0.000000 -49.691162 -0.433960 -0.983276 0.140000 -3.620000 5.663000 30.420000
0.152344 -0.427734 -0.893555 0.000000 0.000000 0.000000 -49.696655 -0.428467 -0.983276 0.140000 -3.623000 5.654000 30.420000
0.151855 -0.427734 -0.894043 0.000000 0.000000 0.000000 -49.702148 -0.422974 -0.983276 0.143000 -3.618000 5.666000 30.400000
0.152344 -0.427734 -0.894531 0.000000 0.000000 0.000000 -49.702148 -0.417480 -0.983276 0.142000 -3.620000 5.663000 30.440000
0.151855 -0.427734 -0.895508 0.427246 0.000000 0.000000 -49.702148 -0.406494 -0.983276 0.131000 -3.625000 5.668000 30.450000
0.152344 -0.428223 -0.894531 0.244141 0.000000 0.000000 -49.707642 -0.401001 -0.983276 0.137000 -3.620000 5.679000 30.440000
0.152832 -0.428711 -0.895020 0.000000 -0.061035 0.000000 -49.713135 -0.395508 -0.983276 0.135000 -3.635000 5.660000 30.410000
0.151855 -0.426758 -0.894043 0.000000 0.000000 0.000000 -49.718628 -0.390015 -0.977783 0.147000 -3.619000 5.713000 30.450000
0.151855 -0.426270 -0.894531 0.122070 0.000000 0.000000 -49.718628 -0.390015 -0.977783 0.125000 -3.619000 5.657000 30.440000
0.151367 -0.426758 -0.894531 0.000000 0.000000 0.000000 -49.713135 -0.379028 -0.977783 0.138000 -3.605000 5.647000 30.420000
0.151855 -0.427246 -0.894043 -0.305176 0.000000 0.000000 -49.718628 -0.379028 -0.977783 0.136000 -3.604000 5.660000 30.410000
0.151855 -0.426758 -0.894043 -0.305176 -0.061035 0.000000 -49.718628 -0.373535 -0.977783 0.141000 -3.635000 5.654000 30.420000
0.151855 -0.427734 -0.894043 -0.122070 -0.061035 0.000000 -49.729614 -0.373535 -0.977783 0.137000 -3.654000 5.645000 30.410000
0.151855 -0.425781 -0.894043 0.061035 -0.061035 0.000000 -49.735107 -0.368042 -0.977783 0.138000 -3.620000 5.657000 30.410000
0.151855 -0.428711 -0.894043 0.000000 0.000000 0.000000 -49.735107 -0.362549 -0.977783 0.140000 -3.615000 5.671000 30.410000
0.152344 -0.427246 -0.894531 0.000000 0.000000 0.000000 -49.740601 -0.362549 -0.977783 0.143000 -3.605000 5.669000 30.420000
0.151855 -0.426758 -0.894531 0.000000 0.000000 0.000000 -49.740601 -0.362549 -0.977783 0.140000 -3.610000 5.651000 30.420000
0.151855 -0.426270 -0.895020 -0.061035 0.000000 0.000000 -49.740601 -0.357056 -0.977783 0.149000 -3.624000 5.655000 30.430000
0.152344 -0.426758 -0.895020 0.000000 -0.061035 0.000000 -49.740601 -0.357056 -0.977783 0.142000 -3.646000 5.662000 30.440000
0.151855 -0.427734 -0.894531 0.000000 0.000000 0.000000 -49.746094 -0.351562 -0.972290 0.138000 -3.605000 5.649000 30.410000
0.152344 -0.427734 -0.894531 0.183105 0.000000 0.000000 -49.740601 -0.351562 -0.972290 0.137000 -3.610000 5.659000 30.430000
0.151855 -0.427246 -0.893555 0.000000 0.000000 0.000000 -49.740601 -0.351562 -0.972290 0.132000 -3.610000 5.655000 30.440000
0.151855 -0.427734 -0.894531 -0.183105 0.000000 0.000000 -49.746094 -0.346069 -0.972290 0.133000 -3.610000 5.660000 30.430000
0.151855 -0.427734 -0.894531 0.000000 0.000000 0.000000 -49.746094 -0.346069 -0.972290 0.138000 -3.624000 5.660000 30.410000
0.151855 -0.428223 -0.895020 0.061035 0.000000 0.000000 -49.746094 -0.346069 -0.972290 0.142000 -3.617000 5.658000 30.430000
0.151855 -0.427246 -0.894531 0.366211 0.000000 0.000000 -49.746094 -0.346069 -0.972290 0.144000 -3.611000 5.662000 30.430000
0.152344 -0.427246 -0.894043 0.061035 -0.061035 0.000000 -49.740601 -0.340576 -0.972290 0.145000 -3.614000 5.663000 30.400000
0.152344 -0.427734 -0.894531 -0.244141 -0.061035 0.000000 -49.740601 -0.340576 -0.972290 0.142000 -3.641000 5.659000 30.420000
0.152344 -0.427246 -0.894043 -0.061035 -0.061035 0.000000 -49.746094 -0.340576 -0.966797 0.132000 -3.606000 5.683000 30.410000
0.152832 -0.427246 -0.894043 0.183105 0.000000 0.000000 -49.746094 -0.340576 -0.966797 0.136000 -3.617000 5.660000 30.410000
0.152832 -0.428223 -0.895020 0.305176 0.000000 0.000000 -49.746094 -0.346069 -0.966797 0.149000 -3.623000 5.768000 30.430000
0.152344 -0.427734 -0.894531 0.305176 0.000000 0.000000 -49.746094 -0.346069 -0.966797 0.140000 -3.638000 5.677000 30.420000
0.152344 -0.427734 -0.894043 0.000000 0.000000 0.000000 -49.746094 -0.346069 -0.966797 0.137000 -3.622000 5.665000 30.430000
0.151855 -0.427734 -0.894531 -0.183105 0.000000 0.000000 -49.751587 -0.346069 -0.966797 0.136000 -3.627000 5.661000 30.410000
0.151855 -0.426270 -0.894531 -0.183105 -0.061035 0.000000 -49.757080 -0.346069 -0.966797 0.133000 -3.614000 5.661000 30.440000
0.152344 -0.428223 -0.894043 0.183105 0.000000 0.000000 -49.757080 -0.346069 -0.961304 0.150000 -3.598000 5.657000 30.410000
0.152344 -0.427734 -0.894043 -0.122070 0.000000 0.000000 -49.751587 -0.346069 -0.961304 0.133000 -3.635000 5.664000 30.430000
0.152832 -0.427734 -0.894043 -0.366211 -0.061035 0.000000 -49.751587 -0.346069 -0.961304 0.135000 -3.631000 5.651000 30.450000
0.152344 -0.427246 -0.895020 -0.122070 0.000000 0.000000 -49.751587 -0.346069 -0.961304 0.136000 -3.602000 5.665000 30.420000
0.152344 -0.426758 -0.894531 0.366211 0.000000 0.000000 -49.751587 -0.346069 -0.961304 0.140000 -3.591000 5.657000 30.440000
0.151367 -0.426270 -0.894531 -0.305176 0.000000 0.000000 -49.768066 -0.346069 -0.961304 0.136000 -3.626000 5.665000 30.430000
0.151855 -0.426270 -0.895020 -0.061035 0.000000 0.000000 -49.773560 -0.346069 -0.961304 0.142000 -3.613000 5.668000 30.410000
0.151367 -0.426758 -0.894531 0.122070 0.000000 0.000000 -49.768066 -0.346069 -0.955811 0.133000 -3.629000 5.652000 30.410000
0.151367 -0.428223 -0.895020 0.061035 0.000000 0.000000 -49.762573 -0.346069 -0.955811 0.139000 -3.600000 5.652000 30.430000
0.152344 -0.429199 -0.894043 0.000000 0.000000 0.000000 -49.757080 -0.346069 -0.961304 0.145000 -3.605000 5.664000 30.410000
0.151855 -0.426758 -0.895020 -0.061035 0.000000 0.000000 -49.757080 -0.346069 -0.955811 0.138000 -3.619000 5.671000 30.410000
0.152344 -0.428223 -0.895020 0.183105 0.000000 0.000000 -49.757080 -0.346069 -0.955811 0.144000 -3.629000 5.690000 30.410000
0.152344 -0.427246 -0.894531 0.244141 0.000000 0.000000 -49.757080 -0.340576 -0.955811 0.134000 -3.637000 5.662000 30.440000
0.152344 -0.427246 -0.894531 0.244141 -0.061035 0.000000 -49.757080 -0.346069 -0.955811 0.135000 -3.621000 5.648000 30.440000
0.151855 -0.428711 -0.894531 -0.183105 0.000000 0.000000 -49.757080 -0.346069 -0.955811 0.140000 -3.624000 5.672000 30.440000
0.150391 -0.431152 -0.893066 6.225586 0.732422 0.732422 -49.575806 -0.340576 -1.021729 0.152000 -3.624000 5.660000 30.400000
0.147461 -0.437500 -0.892090 1.525879 -0.061035 0.000000 -49.630737 -0.340576 -1.005249 0.144000 -3.607000 5.655000 30.440000
0.153320 -0.431641 -0.893555 0.000000 -0.183105 0.549316 -49.757080 -0.329590 -0.972290 0.138000 -3.629000 5.670000 30.430000
0.151367 -0.428223 -0.894043 -0.488281 -0.183105 0.183105 -49.735107 -0.307617 -0.999756 0.135000 -3.602000 5.786000 30.410000
0.194824 -0.427734 -0.889648 2.685547 -2.258301 -1.159668 -49.625244 -0.274658 -0.939331 0.140000 -3.604000 5.820000 30.410000
0.151367 -0.430176 -0.893066 1.220703 0.122070 0.183105 -49.542847 -0.313110 -0.823975 0.124000 -3.624000 5.692000 30.410000
0.150879 -0.432129 -0.893066 1.281738 0.061035 0.183105 -49.537354 -0.324097 -0.812988 0.127000 -3.595000 5.864000 30.430000
0.151367 -0.433594 -0.892578 0.244141 0.000000 0.000000 -49.520874 -0.324097 -0.812988 0.134000 -3.614000 5.781000 30.430000
0.150879 -0.433105 -0.892090 -0.793457 -0.061035 -0.183105 -49.509888 -0.318604 -0.812988 0.123000 -3.607000 5.690000 30.440000
0.151855 -0.431641 -0.891602 -1.281738 -0.122070 -0.122070 -49.520874 -0.318604 -0.807495 0.125000 -3.602000 5.652000 30.410000
0.150391 -0.430176 -0.893066 0.366211 0.000000 0.000000 -49.526367 -0.307617 -0.807495 0.122000 -3.622000 5.839000 30.430000
0.150879 -0.432129 -0.892578 1.342773 0.122070 0.122070 -49.515381 -0.313110 -0.802002 0.129000 -3.594000 5.815000 30.410000
0.151855 -0.432617 -0.892578 0.305176 0.000000 0.061035 -49.498901 -0.313110 -0.796509 0.131000 -3.619000 5.671000 30.430000
0.152344 -0.432617 -0.892578 -0.427246 0.000000 -0.122070 -49.498901 -0.313110 -0.796509 0.110000 -3.605000 5.693000 30.430000
0.152344 -0.430664 -0.892578 -0.793457 -0.122070 -0.244141 -49.504395 -0.318604 -0.791016 0.124000 -3.589000 5.768000 30.440000
0.152344 -0.429199 -0.892090 0.549316 0.000000 0.183105 -49.548340 -0.329590 -0.752563 0.127000 -3.590000 5.735000 30.410000
0.152344 -0.431152 -0.892578 0.671387 0.000000 0.000000 -49.537354 -0.329590 -0.752563 0.134000 -3.582000 5.702000 30.410000
0.151855 -0.431641 -0.892578 0.244141 0.000000 0.000000 -49.526367 -0.329590 -0.752563 0.129000 -3.577000 5.748000 30.390000
0.152344 -0.431641 -0.892090 -0.061035 0.000000 0.000000 -49.520874 -0.335083 -0.752563 0.124000 -3.626000 5.799000 30.420000
0.151855 -0.433105 -0.892578 0.976562 0.061035 0.122070 -49.504395 -0.335083 -0.752563 0.118000 -3.618000 5.664000 30.430000
0.151855 -0.430176 -0.893066 -1.037598 -0.122070 0.000000 -49.498901 -0.329590 -0.752563 0.127000 -3.597000 5.741000 30.420000
0.151367 -0.430664 -0.893066 -1.159668 -0.122070 0.000000 -49.509888 -0.329590 -0.747070 0.123000 -3.610000 5.750000 30.420000
0.152832 -0.431152 -0.892578 -0.610352 -0.061035 0.000000 -49.515381 -0.329590 -0.747070 0.120000 -3.585000 5.669000 30.380000
0.151855 -0.431152 -0.893066 0.183105 0.000000 0.000000 -49.520874 -0.324097 -0.747070 0.127000 -3.612000 5.668000 30.410000
0.151855 -0.431641 -0.892578 0.305176 0.000000 0.000000 -49.531860 -0.329590 -0.747070 0.121000 -3.599000 5.660000 30.410000
0.151855 -0.430664 -0.893555 -0.549316 -0.061035 -0.366211 -49.553833 -0.324097 -0.736084 0.121000 -3.611000 5.733000 30.400000
0.152344 -0.430664 -0.893066 -0.488281 -0.122070 0.000000 -49.553833 -0.324097 -0.736084 0.127000 -3.597000 5.684000 30.390000
0.151855 -0.429688 -0.892578 -0.610352 -0.061035 0.000000 -49.531860 -0.318604 -0.758057 0.117000 -3.613000 5.785000 30.380000
0.150879 -0.431152 -0.893066 -0.671387 -0.061035 -0.244141 -49.515381 -0.313110 -0.763550 0.116000 -3.599000 5.837000 30.390000
0.152344 -0.430176 -0.893066 -0.244141 -0.122070 0.000000 -49.515381 -0.313110 -0.763550 0.129000 -3.611000 5.860000 30.410000
0.151367 -0.426270 -0.894531 2.319336 0.000000 1.342773 -49.553833 -0.318604 -0.730591 0.121000 -3.636000 5.766000 30.390000
0.151367 -0.430664 -0.893066 4.333496 0.427246 0.854492 -49.537354 -0.329590 -0.714111 0.118000 -3.619000 5.697000 30.410000
0.152344 -0.436523 -0.892090 5.004883 0.488281 0.976562 -49.531860 -0.329590 -0.708618 0.128000 -3.603000 5.723000 30.370000
0.151855 -0.437500 -0.891113 2.990723 0.305176 0.427246 -49.504395 -0.329590 -0.708618 0.132000 -3.605000 5.804000 30.420000
0.151367 -0.433105 -0.893066 -0.488281 -0.061035 -0.122070 -49.509888 -0.329590 -0.697632 0.132000 -3.617000 5.662000 30.410000
0.152344 -0.426270 -0.894043 -0.854492 -0.122070 -0.244141 -49.586792 -0.324097 -0.670166 0.112000 -3.621000 5.649000 30.420000
0.151367 -0.427734 -0.893555 1.464844 0.000000 0.427246 -49.570312 -0.318604 -0.670166 0.124000 -3.581000 5.680000 30.370000
0.152832 -0.433594 -0.892578 2.319336 0.183105 0.122070 -49.493408 -0.313110 -0.697632 0.119000 -3.617000 5.747000 30.380000
0.152344 -0.437012 -0.891113 -0.549316 0.000000 -0.305176 -49.454956 -0.307617 -0.714111 0.122000 -3.595000 5.708000 30.390000
0.151367 -0.435059 -0.891602 -2.685547 -0.305176 -0.488281 -49.471436 -0.313110 -0.708618 0.130000 -3.613000 5.670000 30.410000
0.150879 -0.429199 -0.893555 0.000000 0.000000 0.000000 -49.509888 -0.313110 -0.692139 0.131000 -3.610000 5.738000 30.370000
0.151855 -0.432617 -0.892578 1.586914 0.122070 0.244141 -49.498901 -0.313110 -0.692139 0.124000 -3.592000 5.657000 30.370000
0.151855 -0.433594 -0.892090 1.647949 0.122070 0.244141 -49.482422 -0.313110 -0.692139 0.131000 -3.600000 5.737000 30.370000
0.151855 -0.433594 -0.892090 0.488281 0.000000 0.000000 -49.471436 -0.313110 -0.686646 0.121000 -3.616000 5.725000 30.370000
0.152344 -0.430664 -0.891602 -0.732422 0.000000 -0.305176 -49.482422 -0.318604 -0.675659 0.126000 -3.584000 5.724000 30.370000
0.151367 -0.430176 -0.893066 0.793457 0.061035 0.000000 -49.537354 -0.324097 -0.637207 0.126000 -3.613000 5.801000 30.370000
0.151367 -0.432129 -0.893555 1.098633 0.061035 0.122070 -49.526367 -0.324097 -0.637207 0.127000 -3.597000 5.848000 30.410000
0.151367 -0.433594 -0.892090 0.610352 0.000000 0.000000 -49.520874 -0.324097 -0.631714 0.123000 -3.604000 5.799000 30.350000
0.151367 -0.433105 -0.892578 -0.061035 0.000000 -0.061035 -49.515381 -0.318604 -0.626221 0.123000 -3.622000 5.791000 30.340000
0.151367 -0.432617 -0.892578 -0.671387 -0.122070 0.183105 -49.504395 -0.313110 -0.631714 0.120000 -3.612000 5.721000 30.370000
0.151855 -0.428223 -0.893066 -0.732422 -0.061035 -0.061035 -49.515381 -0.313110 -0.620728 0.125000 -3.603000 5.655000 30.370000
0.151855 -0.431152 -0.892578 0.427246 0.000000 0.122070 -49.537354 -0.318604 -0.609741 0.112000 -3.605000 5.732000 30.370000
0.150391 -0.433594 -0.893066 1.647949 0.122070 0.183105 -49.531860 -0.318604 -0.604248 0.125000 -3.600000 5.667000 30.370000
0.149902 -0.436035 -0.891602 1.464844 0.183105 0.244141 -49.515381 -0.313110 -0.609741 0.132000 -3.587000 5.726000 30.370000
0.150879 -0.433594 -0.891113 1.708984 0.183105 0.183105 -49.421997 -0.302124 -0.648193 0.123000 -3.598000 5.725000 30.350000
0.150879 -0.433105 -0.893066 -1.525879 -0.244141 -0.366211 -49.531860 -0.318604 -0.576782 0.125000 -3.616000 5.678000 30.360000
0.152344 -0.432129 -0.893066 -2.136230 -0.183105 -0.915527 -49.575806 -0.329590 -0.538330 0.122000 -3.615000 5.664000 30.370000
0.151855 -0.430176 -0.893066 -1.220703 -0.183105 -0.488281 -49.597778 -0.335083 -0.521851 0.123000 -3.630000 5.750000 30.360000
0.151855 -0.428223 -0.894043 -0.793457 -0.122070 -0.061035 -49.614258 -0.335083 -0.516357 0.112000 -3.634000 5.660000 30.380000
0.153320 -0.423828 -0.894531 -1.525879 -0.183105 -0.427246 -49.685669 -0.335083 -0.483398 0.113000 -3.643000 5.668000 30.360000
0.151855 -0.426270 -0.894531 0.549316 0.000000 0.061035 -49.663696 -0.335083 -0.483398 0.119000 -3.612000 5.689000 30.330000
0.152344 -0.429688 -0.894043 0.915527 0.000000 0.061035 -49.647217 -0.335083 -0.483398 0.107000 -3.617000 5.664000 30.330000
0.152344 -0.432617 -0.893066 0.183105 0.000000 0.427246 -49.630737 -0.329590 -0.483398 0.114000 -3.630000 5.657000 30.330000
0.151855 -0.429199 -0.894043 -2.746582 -0.244141 -0.671387 -49.592285 -0.318604 -0.510864 0.117000 -3.593000 5.665000 30.350000
0.151367 -0.426270 -0.894531 -1.770020 -0.122070 -0.610352 -49.603271 -0.313110 -0.510864 0.113000 -3.598000 5.716000 30.330000
0.150879 -0.426758 -0.894043 0.000000 0.000000 -0.122070 -49.619751 -0.318604 -0.494385 0.107000 -3.614000 5.661000 30.340000
0.148926 -0.426270 -0.894043 1.037598 0.061035 0.244141 -49.652710 -0.318604 -0.461426 0.119000 -3.634000 5.679000 30.340000
0.151855 -0.422363 -0.895508 1.770020 0.122070 0.244141 -49.740601 -0.318604 -0.428467 0.122000 -3.608000 5.715000 30.370000
0.150879 -0.417969 -0.896973 9.277344 0.854492 1.647949 -49.790039 -0.313110 -0.373535 0.111000 -3.606000 5.663000 30.350000
0.151367 -0.432129 -0.893555 8.422852 0.854492 1.464844 -49.685669 -0.313110 -0.390015 0.108000 -3.612000 5.679000 30.340000
0.152344 -0.438965 -0.891602 2.441406 0.183105 0.488281 -49.636230 -0.307617 -0.401001 0.104000 -3.633000 5.694000 30.330000
0.151367 -0.437012 -0.891602 -2.197266 -0.305176 -0.549316 -49.658203 -0.302124 -0.395508 0.115000 -3.643000 5.658000 30.350000
0.150391 -0.423828 -0.895508 -2.319336 -0.244141 -0.793457 -49.707642 -0.291138 -0.390015 0.116000 -3.620000 5.671000 30.350000
0.149414 -0.423340 -0.895020 1.831055 0.183105 0.366211 -49.729614 -0.285645 -0.390015 0.117000 -3.623000 5.733000 30.330000
0.151367 -0.429199 -0.893066 2.441406 0.244141 0.183105 -49.713135 -0.285645 -0.401001 0.109000 -3.600000 5.676000 30.330000
0.147949 -0.428223 -0.894043 2.990723 0.244141 0.854492 -49.658203 -0.291138 -0.411987 0.102000 -3.606000 5.681000 30.350000
0.150879 -0.433594 -0.892090 3.417969 0.366211 0.549316 -49.647217 -0.280151 -0.422974 0.106000 -3.578000 5.737000 30.360000
0.150391 -0.432617 -0.893066 -2.258301 -0.244141 -0.427246 -49.592285 -0.280151 -0.422974 0.116000 -3.611000 5.655000 30.330000
0.149902 -0.427734 -0.894531 -2.258301 -0.244141 -0.427246 -49.625244 -0.280151 -0.411987 0.117000 -3.596000 5.737000 30.280000
0.150391 -0.426270 -0.894043 -0.671387 0.000000 -0.122070 -49.647217 -0.280151 -0.406494 0.120000 -3.603000 5.762000 30.320000
0.150879 -0.427246 -0.894531 1.037598 0.061035 0.122070 -49.647217 -0.280151 -0.401001 0.117000 -3.600000 5.714000 30.270000
0.150391 -0.428711 -0.892578 1.892090 0.244141 0.305176 -49.630737 -0.280151 -0.401001 0.109000 -3.614000 5.897000 30.290000
0.151855 -0.429199 -0.893066 -0.183105 0.000000 0.000000 -49.614258 -0.280151 -0.401001 0.122000 -3.599000 5.660000 30.310000
0.151367 -0.428711 -0.893066 -0.122070 0.000000 -0.061035 -49.608765 -0.280151 -0.401001 0.112000 -3.582000 5.825000 30.300000
0.150879 -0.429688 -0.893555 0.244141 0.000000 0.000000 -49.603271 -0.280151 -0.401001 0.117000 -3.599000 5.683000 30.300000
0.150879 -0.430664 -0.893066 0.366211 0.000000 0.000000 -49.603271 -0.280151 -0.395508 0.121000 -3.586000 5.714000 30.330000
0.150879 -0.430176 -0.893066 -0.061035 0.000000 0.000000 -49.597778 -0.280151 -0.395508 0.117000 -3.592000 5.706000 30.300000
0.151367 -0.427246 -0.893066 0.061035 0.000000 0.000000 -49.608765 -0.280151 -0.395508 0.109000 -3.627000 5.671000 30.300000
0.150879 -0.428711 -0.892578 0.366211 0.000000 0.000000 -49.597778 -0.280151 -0.395508 0.118000 -3.592000 5.826000 30.290000
0.151367 -0.429688 -0.892578 0.427246 0.000000 0.000000 -49.592285 -0.280151 -0.390015 0.118000 -3.621000 5.775000 30.300000
0.150879 -0.430176 -0.892578 0.000000 -0.061035 0.000000 -49.603271 -0.274658 -0.390015 0.124000 -3.613000 5.785000 30.280000
0.151367 -0.429199 -0.892578 -0.183105 -0.061035 0.000000 -49.614258 -0.274658 -0.390015 0.120000 -3.616000 5.900000 30.280000
0.149902 -0.428711 -0.893066 -0.244141 0.000000 0.000000 -49.608765 -0.274658 -0.390015 0.130000 -3.622000 5.763000 30.280000
0.151367 -0.428711 -0.893066 0.061035 -0.061035 0.000000 -49.614258 -0.274658 -0.390015 0.119000 -3.607000 5.770000 30.280000
0.151367 -0.429199 -0.893066 1.342773 0.061035 0.000000 -49.608765 -0.274658 -0.390015 0.130000 -3.609000 5.704000 30.300000
0.150879 -0.433594 -0.892578 0.732422 0.000000 0.000000 -49.597778 -0.274658 -0.390015 0.123000 -3.598000 5.697000 30.290000
0.151855 -0.433105 -0.892090 -0.854492 -0.122070 -0.244141 -49.586792 -0.280151 -0.384521 0.126000 -3.598000 5.699000 30.280000
0.150879 -0.431152 -0.892578 -1.831055 -0.244141 -0.366211 -49.559326 -0.280151 -0.384521 0.116000 -3.591000 5.743000 30.270000
0.151855 -0.427734 -0.893555 0.061035 0.000000 0.000000 -49.586792 -0.280151 -0.362549 0.116000 -3.589000 5.748000 30.270000
0.150879 -0.428711 -0.893555 1.708984 0.183105 0.244141 -49.586792 -0.280151 -0.362549 0.117000 -3.600000 5.974000 30.300000
0.152344 -0.433594 -0.892090 2.929688 0.305176 0.488281 -49.542847 -0.280151 -0.368042 0.123000 -3.621000 5.891000 30.280000
0.151367 -0.434570 -0.892578 -0.549316 -0.061035 -0.061035 -49.542847 -0.280151 -0.362549 0.124000 -3.612000 5.763000 30.260000
0.150879 -0.432129 -0.892578 -2.258301 -0.305176 -0.427246 -49.548340 -0.280151 -0.357056 0.130000 -3.594000 6.022000 30.250000
0.152344 -0.430664 -0.893066 -0.976562 -0.122070 -0.183105 -49.548340 -0.280151 -0.357056 0.120000 -3.600000 5.797000 30.260000
0.151367 -0.430176 -0.893066 0.061035 0.000000 0.000000 -49.570312 -0.285645 -0.351562 0.127000 -3.613000 5.782000 30.260000
0.151855 -0.431152 -0.892578 -0.732422 -0.061035 -0.061035 -49.575806 -0.280151 -0.346069 0.114000 -3.576000 5.728000 30.260000
0.151367 -0.429199 -0.893555 -0.671387 -0.122070 -0.122070 -49.575806 -0.285645 -0.340576 0.115000 -3.601000 5.706000 30.280000
0.151855 -0.428223 -0.893066 -0.427246 0.000000 0.000000 -49.597778 -0.285645 -0.335083 0.118000 -3.619000 5.698000 30.260000
0.150391 -0.429199 -0.893555 0.427246 0.000000 0.000000 -49.603271 -0.280151 -0.335083 0.111000 -3.611000 5.660000 30.260000
0.150879 -0.430664 -0.893555 0.366211 0.000000 0.000000 -49.597778 -0.274658 -0.329590 0.124000 -3.595000 5.734000 30.260000
0.151367 -0.432129 -0.892578 0.000000 -0.061035 0.000000 -49.581299 -0.274658 -0.329590 0.114000 -3.578000 5.660000 30.270000
0.151367 -0.431641 -0.893066 -0.427246 -0.122070 0.000000 -49.581299 -0.269165 -0.324097 0.119000 -3.589000 5.774000 30.260000
0.150391 -0.431641 -0.892090 -1.220703 -0.122070 0.000000 -49.581299 -0.269165 -0.324097 0.125000 -3.614000 5.679000 30.250000
0.151367 -0.432129 -0.892578 -0.854492 -0.122070 0.000000 -49.586792 -0.263672 -0.318604 0.115000 -3.597000 5.811000 30.260000
0.150879 -0.429199 -0.893555 0.427246 0.000000 0.061035 -49.619751 -0.263672 -0.302124 0.117000 -3.589000 5.771000 30.220000
0.150391 -0.430176 -0.893066 0.793457 0.000000 0.122070 -49.619751 -0.263672 -0.296631 0.118000 -3.606000 5.756000 30.250000
0.151367 -0.430176 -0.893555 0.610352 0.000000 0.000000 -49.608765 -0.258179 -0.296631 0.116000 -3.578000 5.774000 30.220000
0.150879 -0.431641 -0.893555 0.366211 0.000000 0.000000 -49.603271 -0.258179 -0.291138 0.121000 -3.588000 5.720000 30.220000
0.151367 -0.431152 -0.893066 -0.061035 -0.061035 0.000000 -49.597778 -0.258179 -0.291138 0.119000 -3.610000 5.685000 30.220000
0.150879 -0.429688 -0.893555 -0.305176 -0.061035 0.000000 -49.625244 -0.258179 -0.285645 0.113000 -3.589000 5.754000 30.220000
0.150879 -0.431152 -0.893066 0.000000 -0.061035 0.000000 -49.619751 -0.258179 -0.280151 0.124000 -3.599000 5.846000 30.210000
0.151367 -0.430176 -0.893555 0.183105 0.000000 0.000000 -49.619751 -0.258179 -0.280151 0.123000 -3.581000 5.702000 30.230000
0.151367 -0.431152 -0.893555 0.244141 0.000000 0.000000 -49.619751 -0.258179 -0.280151 0.107000 -3.612000 5.657000 30.220000
0.150391 -0.429688 -0.893555 0.122070 0.000000 0.000000 -49.625244 -0.258179 -0.280151 0.112000 -3.592000 5.797000 30.220000
0.151855 -0.429688 -0.894043 0.000000 -0.061035 0.000000 -49.636230 -0.258179 -0.274658 0.119000 -3.603000 5.824000 30.220000
0.151367 -0.430176 -0.893555 -0.061035 0.000000 0.000000 -49.636230 -0.258179 -0.274658 0.111000 -3.629000 5.690000 30.220000
0.151855 -0.430176 -0.894043 -0.183105 -0.061035 0.000000 -49.636230 -0.258179 -0.274658 0.122000 -3.596000 5.734000 30.200000
0.151367 -0.430664 -0.893555 -0.366211 -0.122070 0.000000 -49.641724 -0.263672 -0.274658 0.105000 -3.598000 5.694000 30.220000
0.151367 -0.429688 -0.893066 -0.183105 -0.061035 0.000000 -49.636230 -0.263672 -0.269165 0.115000 -3.598000 5.681000 30.190000
0.151855 -0.430664 -0.893555 -0.061035 0.000000 0.000000 -49.641724 -0.263672 -0.269165 0.126000 -3.587000 5.912000 30.180000
0.151855 -0.430176 -0.892578 0.122070 0.000000 0.000000 -49.636230 -0.269165 -0.263672 0.107000 -3.589000 5.821000 30.190000
0.152344 -0.430664 -0.893555 0.061035 0.000000 0.000000 -49.636230 -0.269165 -0.263672 0.113000 -3.590000 5.797000 30.180000
0.150879 -0.429199 -0.893066 0.000000 0.000000 0.000000 -49.636230 -0.269165 -0.263672 0.120000 -3.615000 5.679000 30.190000
0.151367 -0.430176 -0.893555 -0.122070 -0.061035 0.000000 -49.636230 -0.269165 -0.263672 0.123000 -3.593000 5.793000 30.180000
0.151367 -0.430176 -0.892578 0.183105 0.000000 0.000000 -49.636230 -0.269165 -0.263672 0.115000 -3.599000 5.706000 30.220000
0.151367 -0.431641 -0.893066 0.183105 0.000000 0.000000 -49.630737 -0.269165 -0.258179 0.121000 -3.603000 5.702000 30.190000
0.151367 -0.430664 -0.894043 0.122070 0.000000 0.000000 -49.636230 -0.274658 -0.258179 0.107000 -3.604000 5.786000 30.180000
0.150879 -0.429688 -0.893066 0.061035 -0.061035 0.000000 -49.625244 -0.274658 -0.258179 0.113000 -3.596000 5.668000 30.160000
0.151367 -0.430664 -0.893555 0.183105 0.000000 0.000000 -49.630737 -0.269165 -0.258179 0.109000 -3.610000 5.812000 30.220000
0.150879 -0.430176 -0.893555 -0.122070 -0.122070 0.000000 -49.630737 -0.263672 -0.247192 0.121000 -3.595000 5.865000 30.190000
0.150879 -0.429688 -0.893066 -0.183105 -0.122070 0.000000 -49.630737 -0.263672 -0.247192 0.114000 -3.619000 5.732000 30.180000
0.150879 -0.430176 -0.893066 -0.183105 -0.061035 0.000000 -49.636230 -0.258179 -0.247192 0.120000 -3.607000 5.698000 30.180000
0.150391 -0.429199 -0.893066 -0.183105 -0.122070 0.000000 -49.636230 -0.258179 -0.241699 0.118000 -3.578000 5.707000 30.150000
0.150879 -0.429199 -0.893066 0.122070 0.000000 0.000000 -49.636230 -0.252686 -0.241699 0.119000 -3.592000 5.885000 30.160000
0.150879 -0.430664 -0.893555 0.000000 0.000000 0.000000 -49.630737 -0.252686 -0.236206 0.130000 -3.608000 5.671000 30.180000
0.151367 -0.430664 -0.892578 0.000000 -0.061035 0.000000 -49.636230 -0.252686 -0.236206 0.118000 -3.623000 5.741000 30.150000
0.150879 -0.430176 -0.893066 0.000000 -0.061035 0.000000 -49.636230 -0.247192 -0.236206 0.120000 -3.590000 5.810000 30.170000
0.150879 -0.430176 -0.893555 -0.122070 -0.061035 0.000000 -49.636230 -0.241699 -0.230713 0.123000 -3.611000 5.768000 30.160000
0.150879 -0.430176 -0.893555 0.000000 0.000000 0.000000 -49.641724 -0.241699 -0.230713 0.125000 -3.622000 5.925000 30.140000
0.150391 -0.429688 -0.894043 0.183105 0.000000 0.000000 -49.641724 -0.241699 -0.225220 0.119000 -3.601000 5.852000 30.170000
0.150879 -0.430176 -0.893066 0.122070 0.000000 0.000000 -49.641724 -0.236206 -0.219727 0.116000 -3.608000 5.786000 30.160000
0.150391 -0.430176 -0.893555 0.000000 -0.061035 0.000000 -49.641724 -0.236206 -0.219727 0.115000 -3.597000 5.755000 30.150000
0.150391 -0.430176 -0.893066 -0.244141 -0.061035 0.000000 -49.641724 -0.236206 -0.219727 0.116000 -3.599000 5.843000 30.120000
0.151367 -0.430176 -0.892578 -0.183105 0.000000 0.000000 -49.641724 -0.236206 -0.219727 0.111000 -3.601000 5.743000 30.160000
0.151367 -0.430176 -0.892578 0.183105 0.000000 0.000000 -49.636230 -0.241699 -0.214233 0.116000 -3.605000 5.897000 30.130000
0.151367 -0.430664 -0.892578 0.183105 0.000000 0.000000 -49.630737 -0.241699 -0.214233 0.120000 -3.616000 5.883000 30.140000
0.151855 -0.431641 -0.893066 -0.122070 0.000000 0.000000 -49.625244 -0.241699 -0.214233 0.109000 -3.630000 5.740000 30.140000
0.151367 -0.431641 -0.893555 -0.366211 -0.061035 0.000000 -49.619751 -0.241699 -0.208740 0.112000 -3.604000 5.843000 30.160000
0.151855 -0.429688 -0.892578 -0.183105 -0.061035 0.000000 -49.619751 -0.247192 -0.208740 0.115000 -3.597000 5.714000 30.130000
0.151855 -0.431152 -0.893066 0.061035 0.000000 0.000000 -49.630737 -0.241699 -0.203247 0.124000 -3.610000 5.805000 30.160000
0.151855 -0.429688 -0.892578 0.183105 -0.061035 0.000000 -49.630737 -0.241699 -0.197754 0.122000 -3.606000 5.780000 30.130000
0.150879 -0.431152 -0.893066 0.122070 -0.061035 0.000000 -49.630737 -0.247192 -0.197754 0.109000 -3.597000 5.782000 30.130000
0.151855 -0.429688 -0.893066 0.000000 0.000000 0.000000 -49.630737 -0.247192 -0.197754 0.109000 -3.606000 5.740000 30.110000
0.151855 -0.429199 -0.892578 -0.122070 -0.061035 0.000000 -49.630737 -0.247192 -0.192261 0.114000 -3.622000 5.853000 30.140000
0.151367 -0.429688 -0.893066 0.427246 0.000000 0.000000 -49.630737 -0.247192 -0.186768 0.112000 -3.615000 5.902000 30.140000
0.151367 -0.430176 -0.894043 0.366211 0.000000 0.000000 -49.625244 -0.247192 -0.186768 0.112000 -3.602000 5.828000 30.160000
0.151855 -0.430176 -0.893555 0.122070 0.000000 0.000000 -49.619751 -0.247192 -0.181274 0.112000 -3.610000 5.826000 30.130000
0.151855 -0.429199 -0.893555 0.488281 0.000000 0.000000 -49.614258 -0.247192 -0.181274 0.116000 -3.609000 5.670000 30.160000
0.152344 -0.432129 -0.892578 0.366211 0.000000 0.000000 -49.592285 -0.247192 -0.181274 0.122000 -3.596000 5.670000 30.120000
0.150391 -0.428711 -0.894043 0.122070 0.000000 0.000000 -49.630737 -0.247192 -0.175781 0.116000 -3.612000 5.849000 30.130000
0.150879 -0.430176 -0.893066 1.403809 0.061035 0.000000 -49.614258 -0.241699 -0.170288 0.115000 -3.601000 5.892000 30.120000
0.150879 -0.433105 -0.893066 1.953125 0.122070 0.366211 -49.603271 -0.241699 -0.164795 0.126000 -3.585000 5.695000 30.120000
0.150391 -0.432129 -0.892578 0.793457 0.000000 0.061035 -49.603271 -0.241699 -0.159302 0.119000 -3.628000 5.881000 30.120000
0.151855 -0.431152 -0.892578 -0.183105 -0.122070 -0.061035 -49.625244 -0.241699 -0.148315 0.119000 -3.566000 5.767000 30.130000
0.150391 -0.428223 -0.894043 -0.183105 -0.061035 -0.061035 -49.647217 -0.236206 -0.137329 0.121000 -3.609000 5.700000 30.140000
0.150879 -0.429199 -0.893555 0.793457 0.000000 0.122070 -49.652710 -0.236206 -0.126343 0.128000 -3.600000 5.754000 30.120000
0.149902 -0.430664 -0.893066 1.037598 0.000000 0.183105 -49.636230 -0.236206 -0.126343 0.121000 -3.619000 5.750000 30.110000
0.150879 -0.431641 -0.893066 0.244141 0.000000 0.000000 -49.619751 -0.230713 -0.126343 0.120000 -3.607000 5.943000 30.100000
0.151367 -0.431641 -0.893066 -0.549316 -0.122070 -0.061035 -49.630737 -0.230713 -0.120850 0.116000 -3.615000 5.931000 30.120000
0.151367 -0.429199 -0.893555 -0.549316 -0.122070 0.000000 -49.658203 -0.225220 -0.109863 0.123000 -3.619000 5.738000 30.110000
0.151855 -0.429688 -0.893066 0.366211 0.000000 0.000000 -49.652710 -0.225220 -0.104370 0.121000 -3.617000 5.793000 30.090000
0.151855 -0.431152 -0.893066 0.671387 0.000000 0.000000 -49.641724 -0.225220 -0.104370 0.113000 -3.593000 5.682000 30.120000
0.151367 -0.431641 -0.893066 0.549316 0.000000 0.000000 -49.636230 -0.225220 -0.098877 0.115000 -3.628000 5.685000 30.140000
0.151367 -0.431152 -0.893066 -0.061035 -0.061035 0.000000 -49.641724 -0.225220 -0.098877 0.121000 -3.600000 5.729000 30.110000
