-0.024902 -0.999512 -0.011230 0.000000 0.000000 0.000000 -2.526855 0.181274 17.204590 0.029000 1.929000 4.192000 30.030000
-0.025391 -0.998535 -0.011719 0.000000 0.000000 0.000000 -2.521362 0.181274 17.204590 0.014000 1.914000 4.204000 29.960000
-0.025391 -0.998535 -0.011719 0.000000 0.000000 0.000000 -2.521362 0.181274 17.204590 0.017000 1.919000 4.194000 30.010000
-0.025391 -0.999023 -0.011719 0.000000 0.000000 0.000000 -2.521362 0.181274 17.204590 0.020000 1.947000 4.204000 30.060000
-0.025391 -0.999023 -0.011719 0.000000 0.000000 0.000000 -2.521362 0.181274 17.204590 0.026000 1.926000 4.191000 30.010000
-0.024902 -0.998535 -0.011230 0.000000 0.000000 0.000000 -2.521362 0.181274 17.204590 0.028000 1.923000 4.199000 30.000000
-0.025391 -0.999023 -0.011230 0.000000 0.000000 0.000000 -2.521362 0.181274 17.204590 0.039000 1.941000 4.198000 30.020000
-0.024414 -0.997559 -0.011719 0.000000 0.000000 0.000000 -2.521362 0.181274 17.204590 0.024000 1.919000 4.200000 30.070000
-0.025391 -0.999512 -0.011719 0.000000 0.000000 0.000000 -2.521362 0.181274 17.204590 0.023000 1.947000 4.199000 30.070000
-0.024902 -0.998535 -0.010742 0.000000 0.000000 0.000000 -2.521362 0.181274 17.204590 0.185000 1.937000 4.187000 29.990000
-0.024902 -0.999023 -0.011719 0.000000 0.000000 0.000000 -2.521362 0.181274 17.204590 0.064000 1.916000 4.191000 30.000000
-0.025391 -0.999023 -0.011230 0.000000 0.000000 0.000000 -2.521362 0.181274 17.204590 0.025000 1.935000 4.185000 30.010000
-0.025391 -0.999512 -0.012207 0.000000 0.000000 0.000000 -2.521362 0.181274 17.204590 0.036000 1.933000 4.197000 30.030000
-0.025391 -0.998535 -0.011230 0.000000 0.000000 0.000000 -2.521362 0.181274 17.204590 0.050000 1.921000 4.193000 30.040000
-0.024902 -0.999512 -0.011230 0.000000 0.000000 0.000000 -2.521362 0.181274 17.204590 0.018000 1.952000 4.205000 30.030000
-0.024902 -0.998535 -0.011719 0.000000 0.000000 0.000000 -2.521362 0.181274 17.204590 0.018000 1.934000 4.192000 30.010000
-0.024902 -0.998535 -0.011230 0.000000 0.000000 0.000000 -2.521362 0.181274 17.204590 0.021000 1.939000 4.194000 30.030000
-0.024902 -0.998047 -0.011230 0.000000 0.000000 0.000000 -2.521362 0.181274 17.204590 0.058000 1.958000 4.197000 29.980000
-0.024902 -0.998535 -0.011719 0.000000 0.000000 0.000000 -2.521362 0.181274 17.204590 0.037000 1.942000 4.187000 30.030000
-0.025391 -0.998047 -0.012207 0.000000 0.000000 0.000000 -2.521362 0.181274 17.204590 0.016000 1.923000 4.199000 30.010000
-0.024414 -0.999023 -0.010742 0.000000 0.000000 0.000000 -2.521362 0.181274 17.204590 0.030000 1.906000 4.195000 30.030000
-0.024902 -0.998535 -0.011719 0.000000 0.000000 0.000000 -2.521362 0.181274 17.204590 0.025000 1.908000 4.210000 30.040000
-0.024414 -0.999512 -0.011719 0.000000 0.000000 0.000000 -2.521362 0.181274 17.204590 0.060000 1.914000 4.196000 30.030000
-0.024902 -0.998535 -0.011230 0.000000 0.000000 0.000000 -2.521362 0.181274 17.204590 0.029000 1.914000 4.206000 29.980000
-0.024902 -0.998535 -0.012207 0.000000 0.000000 0.000000 -2.521362 0.181274 17.204590 0.071000 1.920000 4.202000 30.060000
-0.025391 -0.998535 -0.010742 0.000000 0.000000 0.000000 -2.521362 0.181274 17.204590 0.035000 1.919000 4.192000 30.010000
-0.024902 -0.999512 -0.011719 0.000000 0.000000 0.000000 -2.521362 0.181274 17.204590 0.035000 1.933000 4.196000 30.030000
-0.025879 -0.999023 -0.011230 0.000000 0.000000 0.000000 -2.521362 0.181274 17.204590 0.025000 1.927000 4.197000 30.030000
-0.025879 -0.998047 -0.011719 0.000000 0.000000 0.000000 -2.521362 0.181274 17.204590 0.123000 1.934000 4.207000 30.020000
-0.024414 -0.998047 -0.012695 0.000000 0.000000 0.000000 -2.521362 0.181274 17.204590 0.035000 1.956000 4.198000 30.070000
-0.024902 -0.999023 -0.011719 0.000000 0.000000 0.000000 -2.521362 0.181274 17.204590 0.032000 1.925000 4.201000 30.000000
-0.024902 -0.999023 -0.011230 0.000000 0.000000 0.000000 -2.521362 0.181274 17.204590 0.025000 1.913000 4.207000 30.070000
-0.025391 -0.999512 -0.012207 0.000000 0.000000 0.000000 -2.521362 0.181274 17.204590 0.029000 1.934000 4.210000 30.020000
-0.024414 -0.999512 -0.012207 0.000000 0.000000 0.000000 -2.521362 0.181274 17.204590 0.024000 1.930000 4.190000 30.020000
-0.024902 -0.999023 -0.012207 0.000000 0.000000 0.000000 -2.521362 0.181274 17.204590 0.038000 1.928000 4.188000 30.030000
-0.025879 -0.999023 -0.012207 0.000000 0.000000 0.000000 -2.521362 0.181274 17.204590 0.030000 1.920000 4.196000 29.990000
-0.025391 -0.998535 -0.012207 0.000000 0.000000 0.000000 -2.526855 0.181274 17.204590 0.042000 1.944000 4.189000 30.040000
-0.024902 -0.998535 -0.011230 0.000000 0.000000 0.000000 -2.526855 0.181274 17.204590 0.022000 1.900000 4.211000 30.070000
-0.025391 -0.998047 -0.011230 0.000000 0.000000 0.000000 -2.526855 0.181274 17.204590 0.030000 1.910000 4.203000 30.010000
-0.024902 -0.997559 -0.011230 0.000000 0.000000 0.000000 -2.526855 0.181274 17.204590 0.026000 1.910000 4.205000 30.040000
-0.025879 -0.998535 -0.011230 0.000000 0.000000 0.000000 -2.526855 0.181274 17.204590 0.022000 1.925000 4.189000 30.020000
-0.025391 -0.999023 -0.010742 0.000000 0.000000 0.000000 -2.526855 0.181274 17.204590 0.024000 1.937000 4.201000 30.000000
-0.024902 -0.998535 -0.011230 0.000000 0.000000 0.000000 -2.526855 0.181274 17.204590 0.028000 1.921000 4.191000 30.060000
-0.025391 -0.998047 -0.011719 0.000000 0.000000 0.000000 -2.526855 0.181274 17.204590 0.028000 1.928000 4.197000 30.040000
-0.025879 -0.998535 -0.010742 0.000000 0.000000 0.000000 -2.526855 0.181274 17.204590 0.030000 1.937000 4.190000 30.060000
-0.024902 -0.999512 -0.010742 0.000000 0.000000 0.000000 -2.526855 0.181274 17.204590 0.021000 1.916000 4.190000 30.020000
-0.025391 -0.998535 -0.010742 0.000000 0.000000 0.000000 -2.521362 0.181274 17.204590 0.103000 1.937000 4.199000 30.030000
-0.025391 -0.999512 -0.011230 0.000000 0.000000 0.000000 -2.521362 0.181274 17.204590 0.110000 1.914000 4.207000 30.070000
-0.024414 -0.998047 -0.011719 0.000000 0.000000 0.000000 -2.521362 0.181274 17.204590 0.043000 1.933000 4.200000 30.000000
-0.024902 -0.998535 -0.011230 0.000000 0.000000 0.000000 -2.521362 0.181274 17.204590 0.030000 1.902000 4.194000 30.020000
-0.024414 -0.998047 -0.011719 0.000000 0.000000 0.000000 -2.521362 0.181274 17.204590 0.027000 1.934000 4.198000 30.030000
-0.024414 -0.998535 -0.011230 0.000000 0.000000 0.000000 -2.515869 0.181274 17.204590 0.074000 1.949000 4.208000 30.030000
-0.023926 -0.999512 -0.011719 0.000000 0.000000 0.000000 -2.521362 0.181274 17.204590 0.078000 1.967000 4.212000 30.030000
-0.024414 -0.998535 -0.012207 0.000000 0.000000 0.000000 -2.521362 0.181274 17.204590 0.031000 1.915000 4.210000 30.010000
-0.024902 -0.999023 -0.011719 0.000000 0.000000 0.000000 -2.521362 0.181274 17.204590 0.031000 1.945000 4.211000 30.030000
-0.024414 -0.999023 -0.010742 0.000000 0.000000 0.000000 -2.521362 0.181274 17.204590 0.078000 1.923000 4.204000 30.030000
-0.025391 -0.999023 -0.010742 0.000000 0.000000 0.000000 -2.521362 0.181274 17.204590 0.029000 1.919000 4.214000 30.040000
-0.025879 -0.998047 -0.010742 0.000000 0.000000 0.000000 -2.521362 0.181274 17.204590 0.032000 1.938000 4.203000 30.040000
-0.024414 -0.998535 -0.011719 0.000000 0.000000 0.000000 -2.521362 0.181274 17.204590 0.039000 1.923000 4.198000 30.050000
-0.024902 -0.998047 -0.011719 0.000000 0.000000 0.000000 -2.521362 0.181274 17.204590 0.025000 1.933000 4.204000 30.000000
-0.023926 -0.999512 -0.011719 0.000000 0.000000 0.000000 -2.521362 0.181274 17.204590 0.027000 1.935000 4.196000 30.020000
