0.029297 0.314453 -0.953125 0.000000 0.000000 0.000000 -62.429810 -1.735840 70.120239 0.869000 1.297000 4.808000 29.500000
0.029297 0.314453 -0.952637 0.000000 0.000000 0.000000 -62.429810 -1.735840 70.120239 0.858000 1.309000 4.794000 29.430000
0.029785 0.314941 -0.953613 0.000000 0.000000 0.000000 -62.429810 -1.735840 70.120239 0.859000 1.324000 4.799000 29.510000
0.029785 0.313965 -0.952637 0.000000 0.000000 0.000000 -62.429810 -1.735840 70.120239 0.868000 1.312000 4.815000 29.560000
0.028809 0.313965 -0.953613 0.000000 0.000000 0.000000 -62.429810 -1.735840 70.120239 0.860000 1.283000 4.805000 29.460000
0.029785 0.314941 -0.953125 0.000000 0.000000 0.000000 -62.429810 -1.735840 70.120239 0.871000 1.290000 4.799000 29.450000
0.029297 0.313965 -0.953125 0.000000 0.000000 0.000000 -62.429810 -1.735840 70.120239 0.888000 1.310000 4.800000 29.570000
0.029785 0.314453 -0.953613 0.000000 0.000000 0.000000 -62.429810 -1.735840 70.120239 0.906000 1.316000 4.800000 29.580000
0.029785 0.314453 -0.952637 0.000000 0.000000 0.000000 -62.429810 -1.735840 70.120239 0.892000 1.283000 4.786000 29.400000
0.029785 0.314453 -0.953125 0.000000 0.000000 0.000000 -62.429810 -1.735840 70.120239 0.885000 1.284000 4.798000 29.560000
0.029297 0.313965 -0.953613 0.000000 0.000000 0.000000 -62.429810 -1.730347 70.120239 0.889000 1.281000 4.792000 29.490000
0.030273 0.314941 -0.953125 0.000000 0.000000 0.000000 -62.429810 -1.730347 70.120239 0.891000 1.312000 4.795000 29.590000
0.030762 0.314453 -0.953125 0.000000 0.000000 0.000000 -62.429810 -1.730347 70.120239 0.882000 1.294000 4.791000 29.470000
0.029785 0.314453 -0.952637 0.000000 0.000000 0.000000 -62.429810 -1.730347 70.120239 0.881000 1.288000 4.799000 29.550000
0.029785 0.315430 -0.952637 0.000000 0.000000 0.000000 -62.429810 -1.730347 70.120239 0.879000 1.294000 4.806000 29.480000
0.029297 0.314453 -0.953613 0.000000 0.000000 0.000000 -62.429810 -1.730347 70.120239 0.885000 1.285000 4.794000 29.550000
0.029785 0.313965 -0.952637 0.000000 0.000000 0.000000 -62.429810 -1.730347 70.120239 0.872000 1.287000 4.805000 29.510000
0.029785 0.313965 -0.953125 0.000000 0.000000 0.000000 -62.435303 -1.730347 70.120239 0.873000 1.286000 4.813000 29.540000
0.029297 0.314453 -0.953125 0.000000 0.000000 0.000000 -62.429810 -1.730347 70.120239 0.846000 1.306000 4.816000 29.550000
0.029297 0.313477 -0.953613 0.000000 0.000000 0.000000 -62.429810 -1.730347 70.120239 0.855000 1.302000 4.819000 29.510000
0.030273 0.313965 -0.952637 0.000000 0.000000 0.000000 -62.429810 -1.730347 70.120239 0.868000 1.321000 4.824000 29.420000
0.029785 0.314453 -0.953613 0.000000 0.000000 0.000000 -62.429810 -1.730347 70.120239 0.858000 1.322000 4.803000 29.540000
0.029785 0.313965 -0.953125 0.000000 0.000000 0.000000 -62.429810 -1.730347 70.120239 0.864000 1.280000 4.810000 29.540000
0.029785 0.313965 -0.953125 0.000000 0.000000 0.000000 -62.429810 -1.730347 70.120239 0.865000 1.290000 4.817000 29.540000
0.030273 0.314453 -0.954102 0.000000 0.000000 0.000000 -62.429810 -1.730347 70.120239 0.878000 1.297000 4.813000 29.500000
0.030273 0.314941 -0.953125 0.000000 0.000000 0.000000 -62.429810 -1.730347 70.120239 0.872000 1.270000 4.808000 29.600000
0.029785 0.314453 -0.953125 0.000000 0.000000 0.000000 -62.429810 -1.730347 70.120239 0.870000 1.289000 4.802000 29.430000
0.030273 0.314941 -0.952637 0.000000 0.000000 0.000000 -62.429810 -1.730347 70.120239 0.862000 1.309000 4.819000 29.470000
0.029785 0.314941 -0.952637 0.000000 0.000000 0.000000 -62.429810 -1.730347 70.120239 0.860000 1.297000 4.804000 29.520000
0.029785 0.314453 -0.953613 0.000000 0.000000 0.000000 -62.435303 -1.730347 70.120239 0.857000 1.297000 4.800000 29.560000
0.029785 0.314453 -0.953613 0.000000 0.000000 0.000000 -62.435303 -1.730347 70.120239 0.861000 1.309000 4.806000 29.500000
0.029785 0.313965 -0.953125 0.000000 0.000000 0.000000 -62.435303 -1.730347 70.120239 0.868000 1.319000 4.809000 29.520000
