-0.025391 -0.999023 -0.010742 0.000000 0.000000 0.000000 -2.510376 0.181274 17.188110 0.478000 1.921000 4.211000 30.000000
-0.025391 -0.999512 -0.011719 0.000000 0.000000 0.000000 -2.510376 0.181274 17.188110 0.459000 1.929000 4.205000 30.000000
-0.024414 -0.997559 -0.011719 0.000000 0.000000 0.000000 -2.510376 0.181274 17.188110 0.473000 1.909000 4.213000 30.020000
-0.024902 -0.998047 -0.011719 0.000000 0.000000 0.000000 -2.510376 0.181274 17.188110 0.471000 1.932000 4.226000 30.040000
-0.025879 -0.999512 -0.011719 0.000000 0.000000 0.000000 -2.510376 0.181274 17.188110 0.468000 1.935000 4.213000 30.070000
-0.025391 -0.997559 -0.011230 0.000000 0.000000 0.000000 -2.510376 0.181274 17.188110 0.467000 1.948000 4.217000 30.000000
-0.024902 -0.998535 -0.011230 0.000000 0.000000 0.000000 -2.510376 0.181274 17.188110 0.458000 1.954000 4.222000 30.010000
-0.024902 -0.999023 -0.011230 0.000000 0.000000 0.000000 -2.510376 0.181274 17.188110 0.476000 1.950000 4.222000 30.040000
-0.024414 -0.999023 -0.010742 0.000000 0.000000 0.000000 -2.510376 0.181274 17.188110 0.482000 1.960000 4.224000 30.070000
-0.025391 -0.998535 -0.011230 0.000000 0.000000 0.000000 -2.510376 0.181274 17.188110 0.484000 1.934000 4.221000 30.030000
-0.024414 -0.999023 -0.011719 0.000000 0.000000 0.000000 -2.510376 0.181274 17.188110 0.478000 1.923000 4.227000 30.020000
-0.024414 -0.999023 -0.011230 0.000000 0.000000 0.000000 -2.510376 0.181274 17.188110 0.483000 1.935000 4.224000 30.010000
-0.024414 -0.998535 -0.011719 0.000000 0.000000 0.000000 -2.510376 0.175781 17.188110 0.465000 1.939000 4.207000 30.040000
-0.024902 -0.999023 -0.011230 0.000000 0.000000 0.000000 -2.510376 0.175781 17.188110 0.479000 1.942000 4.206000 30.050000
-0.024902 -0.998535 -0.011230 0.000000 0.000000 0.000000 -2.510376 0.175781 17.188110 0.482000 1.938000 4.223000 30.030000
-0.025391 -0.999023 -0.011230 0.000000 0.000000 0.000000 -2.510376 0.175781 17.188110 0.487000 1.931000 4.213000 30.070000
-0.025391 -0.999023 -0.010742 0.000000 0.000000 0.000000 -2.510376 0.175781 17.188110 0.484000 1.946000 4.209000 30.030000
-0.024414 -0.999023 -0.011719 0.000000 0.000000 0.000000 -2.510376 0.181274 17.188110 0.466000 1.951000 4.215000 30.030000
-0.024414 -0.998535 -0.011719 0.000000 0.000000 0.000000 -2.510376 0.175781 17.188110 0.476000 1.953000 4.224000 30.030000
-0.024902 -0.998047 -0.011230 0.000000 0.000000 0.000000 -2.510376 0.181274 17.188110 0.480000 1.924000 4.221000 30.020000
-0.024414 -0.998535 -0.011230 0.000000 0.000000 0.000000 -2.510376 0.181274 17.188110 0.487000 1.943000 4.211000 30.070000
-0.024902 -0.999023 -0.010742 0.000000 0.000000 0.000000 -2.510376 0.181274 17.188110 0.474000 1.949000 4.224000 30.050000
-0.025391 -0.998047 -0.011230 0.000000 0.000000 0.000000 -2.510376 0.175781 17.188110 0.472000 1.938000 4.219000 30.040000
-0.025391 -0.997559 -0.011230 0.000000 0.000000 0.000000 -2.510376 0.175781 17.188110 0.477000 1.935000 4.227000 30.070000
-0.025391 -0.999023 -0.011230 0.000000 0.000000 0.000000 -2.510376 0.181274 17.188110 0.493000 1.932000 4.214000 30.050000
-0.025391 -0.998535 -0.011230 0.000000 0.000000 0.000000 -2.510376 0.181274 17.188110 0.489000 1.946000 4.212000 30.030000
-0.024414 -0.998047 -0.011230 0.000000 0.000000 0.000000 -2.510376 0.181274 17.188110 0.485000 1.932000 4.214000 30.060000
-0.025391 -0.999512 -0.011719 0.000000 0.000000 0.000000 -2.510376 0.175781 17.188110 0.482000 1.906000 4.215000 30.000000
-0.025391 -0.999512 -0.011230 0.000000 0.000000 0.000000 -2.510376 0.181274 17.188110 0.487000 1.945000 4.229000 30.010000
-0.024414 -0.999023 -0.011719 0.000000 0.000000 0.000000 -2.510376 0.181274 17.188110 0.473000 1.945000 4.223000 30.040000
-0.024902 -0.999023 -0.011719 0.000000 0.000000 0.000000 -2.510376 0.181274 17.188110 0.479000 1.936000 4.208000 30.040000
-0.025391 -0.998535 -0.011719 0.000000 0.000000 0.000000 -2.510376 0.181274 17.188110 0.476000 1.932000 4.215000 30.040000
-0.025391 -0.999512 -0.011230 0.000000 0.000000 0.000000 -2.510376 0.181274 17.188110 0.483000 1.925000 4.229000 30.030000
-0.024902 -0.999512 -0.011719 0.000000 0.000000 0.000000 -2.510376 0.175781 17.188110 0.454000 1.931000 4.221000 30.070000
-0.025391 -0.998047 -0.011230 0.000000 0.000000 0.000000 -2.510376 0.175781 17.188110 0.470000 1.940000 4.214000 30.060000
-0.024902 -0.999023 -0.011230 0.000000 0.000000 0.000000 -2.510376 0.175781 17.188110 0.484000 1.921000 4.219000 30.040000
-0.024902 -0.999512 -0.011230 0.000000 0.000000 0.000000 -2.510376 0.175781 17.188110 0.488000 1.927000 4.217000 30.030000
-0.024902 -0.998047 -0.011230 0.000000 0.000000 0.000000 -2.510376 0.181274 17.188110 0.483000 1.966000 4.214000 30.030000
-0.024902 -0.998535 -0.012207 0.000000 0.000000 0.000000 -2.510376 0.181274 17.188110 0.468000 1.926000 4.223000 30.040000
-0.024414 -0.999023 -0.011719 0.000000 0.000000 0.000000 -2.510376 0.181274 17.188110 0.433000 1.930000 4.221000 30.070000
-0.025391 -0.998535 -0.011230 0.000000 0.000000 0.000000 -2.510376 0.181274 17.188110 0.414000 1.930000 4.221000 30.030000
-0.024902 -0.998535 -0.011230 0.000000 0.000000 0.000000 -2.510376 0.181274 17.188110 0.468000 1.944000 4.215000 30.000000
-0.024902 -0.998535 -0.011230 0.000000 0.000000 0.000000 -2.510376 0.181274 17.188110 0.449000 1.917000 4.229000 30.040000
-0.025391 -0.998535 -0.010742 0.000000 0.000000 0.000000 -2.510376 0.181274 17.188110 0.469000 1.929000 4.212000 30.050000
-0.024414 -0.999512 -0.011719 0.000000 0.000000 0.000000 -2.515869 0.181274 17.188110 0.458000 1.932000 4.225000 30.050000
-0.025391 -0.998535 -0.011230 0.000000 0.000000 0.000000 -2.515869 0.181274 17.188110 0.479000 1.941000 4.223000 30.040000
-0.024902 -1.000000 -0.011719 0.000000 0.000000 0.000000 -2.515869 0.181274 17.188110 0.476000 1.942000 4.209000 30.070000
-0.024414 -0.999023 -0.011230 0.000000 0.000000 0.000000 -2.515869 0.175781 17.188110 0.473000 1.939000 4.212000 30.030000
-0.024902 -0.998047 -0.011230 0.000000 0.000000 0.000000 -2.515869 0.175781 17.188110 0.446000 1.967000 4.216000 30.050000
-0.025879 -0.997559 -0.011230 0.000000 0.000000 0.000000 -2.515869 0.175781 17.188110 0.480000 1.941000 4.218000 30.030000
-0.024902 -0.998047 -0.011230 0.000000 0.000000 0.000000 -2.515869 0.175781 17.188110 0.482000 1.950000 4.213000 30.030000
-0.024902 -0.998535 -0.011719 0.000000 0.000000 0.000000 -2.515869 0.175781 17.188110 0.480000 1.915000 4.224000 30.020000
