-0.111816 -0.399902 -0.897461 0.000000 0.000000 0.000000 -20.159912 6.416016 81.892090 -7.073000 3.899000 0.894000 32.380000
-0.111328 -0.398438 -0.896484 0.000000 0.000000 0.000000 -20.159912 6.421509 81.892090 -7.081000 3.869000 0.896000 32.360000
-0.111328 -0.398926 -0.896484 0.000000 0.000000 0.000000 -20.159912 6.421509 81.892090 -7.087000 3.895000 0.894000 32.310000
-0.110840 -0.398438 -0.896973 0.000000 0.000000 0.000000 -20.165405 6.421509 81.892090 -7.071000 3.901000 0.903000 32.310000
-0.110352 -0.397949 -0.896484 0.000000 0.000000 0.000000 -20.165405 6.421509 81.892090 -7.088000 3.933000 0.893000 32.390000
-0.110840 -0.398438 -0.896484 0.000000 0.000000 0.000000 -20.165405 6.421509 81.892090 -7.075000 3.908000 0.905000 32.380000
-0.110840 -0.397949 -0.897461 0.000000 0.000000 0.000000 -20.170898 6.421509 81.892090 -7.082000 3.897000 0.904000 32.310000
-0.110840 -0.398926 -0.896973 0.000000 0.000000 0.000000 -20.170898 6.421509 81.892090 -7.077000 3.883000 0.908000 32.360000
-0.110840 -0.398438 -0.897461 0.000000 0.000000 0.000000 -20.170898 6.421509 81.892090 -7.083000 3.897000 0.905000 32.430000
-0.110840 -0.398438 -0.896973 0.000000 0.000000 0.000000 -20.170898 6.421509 81.892090 -7.075000 3.909000 0.895000 32.360000
-0.110840 -0.398926 -0.896484 0.000000 0.000000 0.000000 -20.176392 6.421509 81.892090 -7.066000 3.900000 0.898000 32.310000
-0.110840 -0.397949 -0.896484 0.000000 0.000000 0.000000 -20.176392 6.421509 81.892090 -7.085000 3.881000 0.903000 32.370000
-0.111328 -0.398438 -0.897461 0.000000 0.000000 0.000000 -20.176392 6.421509 81.892090 -7.085000 3.920000 0.912000 32.300000
-0.110352 -0.398926 -0.896973 0.000000 0.000000 0.000000 -20.181885 6.421509 81.892090 -7.074000 3.911000 0.904000 32.290000
-0.110840 -0.398438 -0.896484 0.000000 0.000000 0.000000 -20.181885 6.421509 81.892090 -7.075000 3.932000 0.897000 32.230000
-0.110840 -0.398926 -0.896973 0.000000 0.000000 0.000000 -20.181885 6.421509 81.892090 -7.070000 3.890000 0.902000 32.230000
-0.110840 -0.397949 -0.896484 0.000000 0.000000 0.000000 -20.181885 6.421509 81.892090 -7.081000 3.875000 0.891000 32.250000
-0.110352 -0.397949 -0.896973 0.000000 0.000000 0.000000 -20.181885 6.421509 81.892090 -7.078000 3.895000 0.905000 32.290000
-0.110352 -0.398438 -0.896973 0.000000 0.000000 0.000000 -20.181885 6.421509 81.892090 -7.069000 3.896000 0.909000 32.230000
-0.110352 -0.398438 -0.896484 0.000000 0.000000 0.000000 -20.181885 6.421509 81.892090 -7.089000 3.894000 0.899000 32.380000
-0.110352 -0.398438 -0.896484 0.000000 0.000000 0.000000 -20.187378 6.421509 81.892090 -7.073000 3.900000 0.890000 32.280000
-0.111328 -0.398438 -0.896973 0.000000 0.000000 0.000000 -20.187378 6.421509 81.892090 -7.068000 3.896000 0.895000 32.370000
-0.111328 -0.399414 -0.896973 0.000000 0.000000 0.000000 -20.187378 6.421509 81.892090 -7.082000 3.912000 0.893000 32.260000
-0.111328 -0.398926 -0.896484 0.000000 0.000000 0.000000 -20.187378 6.421509 81.892090 -7.080000 3.898000 0.898000 32.270000
-0.111328 -0.398926 -0.896484 0.000000 0.000000 0.000000 -20.187378 6.421509 81.892090 -7.073000 3.916000 0.912000 32.310000
-0.110352 -0.397461 -0.897461 0.000000 0.000000 0.000000 -20.187378 6.421509 81.892090 -7.074000 3.909000 0.893000 32.310000
-0.110352 -0.398438 -0.897461 0.000000 0.000000 0.000000 -20.187378 6.421509 81.892090 -7.068000 3.886000 0.893000 32.300000
-0.111328 -0.398438 -0.896973 0.000000 0.000000 0.000000 -20.192871 6.421509 81.892090 -7.072000 3.909000 0.884000 32.190000
-0.111328 -0.398926 -0.896484 0.000000 0.000000 0.000000 -20.192871 6.416016 81.892090 -7.074000 3.901000 0.893000 32.270000
-0.110352 -0.398438 -0.896484 0.000000 0.000000 0.000000 -20.192871 6.416016 81.892090 -7.074000 3.910000 0.901000 32.260000
-0.111328 -0.398438 -0.896973 0.000000 0.000000 0.000000 -20.192871 6.416016 81.892090 -7.080000 3.903000 0.892000 32.290000
-0.110352 -0.397949 -0.896484 0.000000 0.000000 0.000000 -20.192871 6.416016 81.892090 -7.071000 3.891000 0.906000 32.200000
-0.109863 -0.397949 -0.896973 0.000000 0.000000 0.000000 -20.192871 6.416016 81.892090 -7.078000 3.910000 0.893000 32.270000
-0.110352 -0.398926 -0.896484 0.000000 0.000000 0.000000 -20.192871 6.416016 81.892090 -7.078000 3.915000 0.900000 32.310000
-0.110840 -0.398438 -0.896973 0.000000 0.000000 0.000000 -20.198364 6.416016 81.892090 -7.061000 3.896000 0.896000 32.350000
-0.111328 -0.398438 -0.896973 0.000000 0.000000 0.000000 -20.198364 6.416016 81.892090 -7.083000 3.887000 0.893000 32.230000
-0.109863 -0.398438 -0.897461 0.000000 0.000000 0.000000 -20.198364 6.410522 81.892090 -7.075000 3.881000 0.896000 32.280000
-0.110352 -0.398926 -0.896973 0.000000 0.000000 0.000000 -20.198364 6.410522 81.892090 -7.073000 3.898000 0.889000 32.250000
-0.110840 -0.398438 -0.896484 0.000000 0.000000 0.000000 -20.198364 6.410522 81.892090 -7.081000 3.901000 0.904000 32.240000
-0.110840 -0.397949 -0.896484 0.000000 0.000000 0.000000 -20.198364 6.410522 81.892090 -7.077000 3.902000 0.894000 32.260000
-0.109863 -0.398438 -0.896484 0.000000 0.000000 0.000000 -20.203857 6.416016 81.892090 -7.082000 3.870000 0.910000 32.240000
-0.110352 -0.398438 -0.896973 0.000000 0.000000 0.000000 -20.203857 6.416016 81.892090 -7.080000 3.903000 0.898000 32.240000
-0.111328 -0.398926 -0.896973 0.000000 0.000000 0.000000 -20.203857 6.410522 81.892090 -7.080000 3.917000 0.896000 32.200000
-0.110840 -0.398926 -0.896973 0.000000 0.000000 0.000000 -20.203857 6.410522 81.892090 -7.083000 3.892000 0.900000 32.220000
-0.110840 -0.398438 -0.896973 0.000000 0.000000 0.000000 -20.203857 6.410522 81.892090 -7.084000 3.893000 0.899000 32.180000
-0.109863 -0.397949 -0.897461 0.000000 0.000000 0.000000 -20.203857 6.416016 81.892090 -7.071000 3.898000 0.904000 32.300000
-0.110352 -0.398438 -0.897461 0.000000 0.000000 0.000000 -20.203857 6.416016 81.892090 -7.081000 3.921000 0.900000 32.230000
-0.109863 -0.397949 -0.896973 0.000000 0.000000 0.000000 -20.203857 6.416016 81.892090 -7.070000 3.893000 0.890000 32.190000
-0.111328 -0.398438 -0.896484 0.000000 0.000000 0.000000 -20.203857 6.416016 81.892090 -7.070000 3.905000 0.899000 32.270000
-0.110352 -0.397949 -0.897461 0.000000 0.000000 0.000000 -20.203857 6.416016 81.892090 -7.072000 3.898000 0.901000 32.200000
-0.111328 -0.397461 -0.896484 0.000000 0.000000 0.000000 -20.203857 6.416016 81.892090 -7.086000 3.877000 0.903000 32.190000
-0.110352 -0.398438 -0.896484 0.000000 0.000000 0.000000 -20.203857 6.416016 81.892090 -7.079000 3.903000 0.904000 32.190000
-0.110840 -0.398438 -0.896973 0.000000 0.000000 0.000000 -20.203857 6.416016 81.892090 -7.077000 3.915000 0.896000 32.150000
-0.110352 -0.398438 -0.896973 0.000000 0.000000 0.000000 -20.209351 6.416016 81.892090 -7.083000 3.910000 0.896000 32.170000
-0.109863 -0.399414 -0.896973 0.000000 0.000000 0.000000 -20.209351 6.416016 81.892090 -7.075000 3.917000 0.908000 32.230000
-0.110352 -0.397949 -0.896973 0.000000 0.000000 0.000000 -20.209351 6.416016 81.892090 -7.073000 3.918000 0.895000 32.170000
-0.110352 -0.397949 -0.897461 0.000000 0.000000 0.000000 -20.209351 6.416016 81.892090 -7.069000 3.916000 0.900000 32.190000
-0.110840 -0.398438 -0.897461 0.000000 0.000000 0.000000 -20.209351 6.416016 81.892090 -7.084000 3.900000 0.886000 32.170000
-0.110840 -0.398926 -0.896973 0.000000 0.000000 0.000000 -20.209351 6.416016 81.892090 -7.091000 3.906000 0.899000 32.220000
-0.110352 -0.398438 -0.896973 0.000000 0.000000 0.000000 -20.214844 6.416016 81.892090 -7.081000 3.906000 0.902000 32.160000
-0.111328 -0.398926 -0.896484 0.000000 0.000000 0.000000 -20.214844 6.416016 81.892090 -7.091000 3.914000 0.896000 32.250000
-0.110352 -0.399414 -0.896973 0.000000 0.000000 0.000000 -20.214844 6.416016 81.892090 -7.076000 3.919000 0.903000 32.150000
-0.110840 -0.398926 -0.896973 0.000000 0.000000 0.000000 -20.214844 6.416016 81.892090 -7.074000 3.896000 0.896000 32.200000
-0.110840 -0.398438 -0.896973 0.000000 0.000000 0.000000 -20.214844 6.410522 81.892090 -7.074000 3.901000 0.893000 32.170000
-0.110352 -0.398926 -0.896484 0.000000 0.000000 0.000000 -20.214844 6.410522 81.892090 -7.069000 3.914000 0.903000 32.080000
-0.110840 -0.398438 -0.896484 0.000000 0.000000 0.000000 -20.209351 6.410522 81.892090 -7.080000 3.911000 0.901000 32.160000
-0.110840 -0.397949 -0.897949 0.000000 0.000000 0.000000 -20.209351 6.410522 81.892090 -7.076000 3.908000 0.902000 32.210000
-0.110352 -0.396973 -0.897461 0.183105 0.000000 0.000000 -20.214844 6.416016 81.892090 -7.078000 3.901000 0.905000 32.110000
-0.109863 -0.397949 -0.896973 0.000000 0.000000 0.000000 -20.214844 6.416016 81.892090 -7.091000 3.914000 0.900000 32.120000
-0.110352 -0.398926 -0.897461 -0.061035 0.000000 0.000000 -20.214844 6.416016 81.892090 -7.075000 3.923000 0.901000 32.110000
-0.111328 -0.398438 -0.897949 0.000000 0.000000 0.000000 -20.214844 6.410522 81.892090 -7.070000 3.899000 0.906000 32.160000
-0.110840 -0.397949 -0.896973 0.000000 0.061035 0.000000 -20.220337 6.410522 81.892090 -7.070000 3.878000 0.892000 32.160000
-0.110352 -0.398438 -0.896484 -0.061035 0.000000 0.000000 -20.220337 6.410522 81.892090 -7.074000 3.893000 0.911000 32.150000
-0.110840 -0.397949 -0.896973 0.000000 0.000000 0.000000 -20.220337 6.410522 81.892090 -7.088000 3.906000 0.892000 32.120000
-0.110352 -0.397461 -0.896973 0.000000 0.000000 0.000000 -20.220337 6.410522 81.892090 -7.080000 3.895000 0.902000 32.140000
-0.110352 -0.397949 -0.896973 0.000000 0.000000 0.000000 -20.220337 6.410522 81.892090 -7.073000 3.887000 0.899000 32.050000
-0.111328 -0.397461 -0.896973 0.000000 0.000000 0.000000 -20.220337 6.410522 81.892090 -7.071000 3.899000 0.912000 32.160000
-0.111328 -0.398438 -0.896484 0.000000 0.000000 0.000000 -20.220337 6.410522 81.892090 -7.089000 3.911000 0.906000 32.100000
-0.110352 -0.397949 -0.896973 0.000000 0.000000 0.000000 -20.220337 6.410522 81.892090 -7.076000 3.898000 0.898000 32.120000
-0.110840 -0.397461 -0.896973 0.000000 0.000000 0.000000 -20.220337 6.410522 81.892090 -7.074000 3.883000 0.893000 32.070000
-0.110840 -0.398438 -0.897461 0.000000 0.000000 0.000000 -20.220337 6.410522 81.892090 -7.065000 3.905000 0.902000 32.080000
-0.110840 -0.396484 -0.896973 0.000000 0.000000 0.000000 -20.225830 6.410522 81.892090 -7.069000 3.899000 0.891000 32.040000
-0.111328 -0.398438 -0.896973 0.000000 0.000000 0.000000 -20.225830 6.410522 81.892090 -7.086000 3.915000 0.886000 32.060000
-0.110840 -0.397461 -0.896973 0.000000 0.000000 0.000000 -20.225830 6.410522 81.892090 -7.080000 3.908000 0.898000 32.050000
-0.110840 -0.397949 -0.897461 0.000000 0.000000 0.000000 -20.225830 6.410522 81.892090 -7.079000 3.903000 0.903000 32.130000
-0.111328 -0.398438 -0.896973 0.000000 0.000000 0.000000 -20.225830 6.410522 81.892090 -7.081000 3.895000 0.896000 32.060000
-0.109863 -0.399414 -0.897461 0.000000 0.000000 0.000000 -20.220337 6.410522 81.892090 -7.068000 3.892000 0.904000 32.130000
-0.110352 -0.398926 -0.897461 -0.183105 0.061035 0.000000 -20.220337 6.410522 81.892090 -7.068000 3.894000 0.899000 32.020000
-0.110352 -0.398926 -0.897461 -0.122070 0.061035 0.000000 -20.220337 6.410522 81.892090 -7.081000 3.897000 0.904000 32.080000
-0.110352 -0.399414 -0.896973 0.000000 0.061035 0.000000 -20.220337 6.405029 81.892090 -7.082000 3.902000 0.900000 32.110000
-0.110840 -0.398926 -0.896484 0.000000 0.000000 0.000000 -20.220337 6.405029 81.892090 -7.088000 3.918000 0.899000 32.080000
-0.110352 -0.398926 -0.896484 0.000000 0.000000 0.000000 -20.214844 6.405029 81.886597 -7.087000 3.911000 0.906000 32.080000
-0.111328 -0.397949 -0.896973 0.000000 0.000000 0.000000 -20.209351 6.405029 81.886597 -7.064000 3.907000 0.902000 32.040000
-0.110840 -0.399414 -0.897461 -0.061035 0.061035 0.000000 -20.209351 6.399536 81.886597 -7.080000 3.880000 0.903000 32.030000
-0.110352 -0.397949 -0.896973 -0.061035 0.000000 0.000000 -20.209351 6.399536 81.886597 -7.075000 3.893000 0.880000 32.060000
-0.110840 -0.398438 -0.896973 0.000000 0.000000 0.000000 -20.209351 6.399536 81.886597 -7.077000 3.887000 0.897000 32.110000
-0.110352 -0.397949 -0.897461 0.000000 0.000000 0.000000 -20.209351 6.405029 81.886597 -7.065000 3.878000 0.885000 32.110000
-0.110352 -0.398438 -0.896973 0.000000 0.000000 0.000000 -20.209351 6.405029 81.886597 -7.080000 3.892000 0.889000 32.120000
-0.110352 -0.398926 -0.897461 0.000000 0.000000 0.000000 -20.209351 6.405029 81.886597 -7.080000 3.870000 0.892000 32.080000
-0.110840 -0.398926 -0.896973 0.000000 0.000000 0.000000 -20.209351 6.405029 81.886597 -7.083000 3.897000 0.905000 32.040000
-0.110840 -0.398438 -0.896484 0.000000 0.000000 0.000000 -20.209351 6.405029 81.886597 -7.081000 3.895000 0.897000 32.030000
-0.109863 -0.397949 -0.896484 0.000000 0.000000 0.000000 -20.209351 6.405029 81.886597 -7.066000 3.893000 0.893000 32.000000
-0.110352 -0.397949 -0.896484 0.000000 0.000000 0.000000 -20.209351 6.405029 81.886597 -7.064000 3.892000 0.903000 32.080000
-0.110352 -0.398438 -0.896973 0.000000 0.000000 0.000000 -20.209351 6.405029 81.886597 -7.070000 3.902000 0.909000 32.100000
-0.111328 -0.398438 -0.897949 0.000000 0.000000 0.000000 -20.209351 6.405029 81.886597 -7.076000 3.908000 0.888000 32.050000
-0.110840 -0.397461 -0.896484 0.000000 0.000000 0.000000 -20.209351 6.405029 81.886597 -7.084000 3.921000 0.885000 32.080000
-0.110352 -0.396973 -0.896973 0.000000 0.000000 0.000000 -20.214844 6.405029 81.886597 -7.079000 3.895000 0.898000 32.060000
-0.110840 -0.397461 -0.896973 0.000000 0.000000 0.000000 -20.214844 6.405029 81.886597 -7.065000 3.904000 0.899000 31.970000
-0.110352 -0.397461 -0.897461 0.000000 0.000000 0.000000 -20.220337 6.405029 81.886597 -7.068000 3.914000 0.903000 31.980000
-0.109375 -0.396973 -0.897461 0.000000 0.000000 0.000000 -20.220337 6.405029 81.886597 -7.080000 3.894000 0.903000 32.060000
-0.110840 -0.397461 -0.897461 0.000000 0.000000 0.000000 -20.220337 6.405029 81.886597 -7.081000 3.901000 0.900000 32.020000
-0.109863 -0.396973 -0.896973 0.000000 0.000000 0.000000 -20.225830 6.405029 81.886597 -7.073000 3.881000 0.884000 32.020000
-0.110352 -0.396973 -0.896973 0.000000 0.000000 0.000000 -20.225830 6.405029 81.886597 -7.077000 3.906000 0.904000 32.160000
-0.110352 -0.396973 -0.897461 0.000000 0.000000 0.000000 -20.225830 6.405029 81.886597 -7.078000 3.889000 0.895000 32.050000
-0.110840 -0.397461 -0.897461 0.000000 0.000000 0.000000 -20.231323 6.405029 81.886597 -7.057000 3.887000 0.890000 31.990000
-0.109863 -0.397461 -0.897949 0.000000 0.000000 0.000000 -20.231323 6.405029 81.886597 -7.078000 3.895000 0.891000 31.970000
-0.110352 -0.398438 -0.896484 0.000000 0.000000 0.000000 -20.236816 6.405029 81.886597 -7.081000 3.881000 0.907000 32.060000
-0.110352 -0.398438 -0.896973 0.000000 0.000000 0.000000 -20.236816 6.405029 81.886597 -7.070000 3.898000 0.907000 32.050000
-0.110840 -0.397949 -0.897949 0.000000 0.000000 0.000000 -20.231323 6.405029 81.886597 -7.071000 3.918000 0.908000 31.940000
-0.110840 -0.398438 -0.896973 0.000000 0.000000 0.000000 -20.231323 6.405029 81.886597 -7.067000 3.910000 0.894000 31.930000
-0.110352 -0.397949 -0.896973 0.000000 0.000000 0.000000 -20.231323 6.405029 81.886597 -7.073000 3.884000 0.903000 31.970000
-0.110352 -0.397461 -0.897461 0.000000 0.000000 0.000000 -20.231323 6.405029 81.886597 -7.062000 3.891000 0.889000 31.920000
-0.110352 -0.397461 -0.897461 0.000000 0.000000 0.000000 -20.231323 6.405029 81.886597 -7.074000 3.886000 0.905000 32.020000
-0.110352 -0.397461 -0.897461 0.000000 0.000000 0.000000 -20.236816 6.405029 81.886597 -7.080000 3.899000 0.914000 32.030000
-0.110352 -0.397949 -0.897461 0.000000 0.000000 0.000000 -20.236816 6.405029 81.886597 -7.078000 3.906000 0.888000 32.010000
-0.110840 -0.397949 -0.896973 0.000000 0.000000 0.000000 -20.236816 6.405029 81.886597 -7.081000 3.908000 0.894000 32.010000
-0.110840 -0.396484 -0.897461 0.000000 0.000000 0.000000 -20.242310 6.405029 81.886597 -7.073000 3.899000 0.918000 32.080000
-0.110840 -0.396973 -0.896973 0.000000 0.000000 0.000000 -20.242310 6.405029 81.886597 -7.080000 3.895000 0.893000 31.950000
-0.110840 -0.396973 -0.896973 0.000000 0.000000 0.000000 -20.242310 6.405029 81.886597 -7.070000 3.889000 0.897000 31.940000
-0.111328 -0.397949 -0.896973 0.000000 0.000000 0.000000 -20.247803 6.405029 81.886597 -7.079000 3.879000 0.883000 32.030000
-0.110840 -0.397949 -0.896484 0.000000 0.000000 0.000000 -20.247803 6.405029 81.886597 -7.078000 3.879000 0.892000 32.000000
-0.111328 -0.396484 -0.897949 -0.732422 -0.061035 0.000000 -20.247803 6.405029 81.886597 -7.074000 3.880000 0.898000 31.950000
-0.110352 -0.396484 -0.897461 -0.061035 0.000000 0.000000 -20.253296 6.405029 81.886597 -7.068000 3.883000 0.899000 31.990000
-0.110840 -0.396484 -0.896973 0.000000 0.000000 0.000000 -20.253296 6.405029 81.886597 -7.076000 3.862000 0.893000 31.930000
-0.110352 -0.396973 -0.896484 0.000000 0.000000 0.000000 -20.258789 6.405029 81.886597 -7.069000 3.894000 0.891000 32.010000
-0.110840 -0.396973 -0.896973 0.000000 0.000000 0.000000 -20.258789 6.405029 81.886597 -7.071000 3.884000 0.900000 32.070000
-0.110840 -0.398438 -0.897949 0.000000 0.000000 0.000000 -20.258789 6.405029 81.886597 -7.072000 3.871000 0.895000 32.000000
-0.110840 -0.396973 -0.896973 0.000000 0.000000 0.000000 -20.258789 6.405029 81.886597 -7.081000 3.882000 0.899000 32.010000
-0.110840 -0.397461 -0.896973 0.000000 0.000000 0.000000 -20.258789 6.405029 81.886597 -7.069000 3.907000 0.890000 31.940000
-0.109863 -0.397949 -0.896973 0.061035 0.000000 0.000000 -20.264282 6.399536 81.881104 -7.079000 3.908000 0.898000 31.980000
-0.110840 -0.397949 -0.896973 0.000000 0.000000 0.000000 -20.258789 6.399536 81.881104 -7.076000 3.904000 0.899000 32.010000
-0.109863 -0.397461 -0.897461 0.000000 0.000000 0.000000 -20.258789 6.399536 81.881104 -7.073000 3.896000 0.889000 31.940000
-0.111328 -0.396484 -0.896973 0.000000 0.000000 0.000000 -20.264282 6.399536 81.881104 -7.080000 3.910000 0.894000 31.970000
-0.110352 -0.397949 -0.896973 0.000000 0.000000 0.000000 -20.264282 6.399536 81.881104 -7.079000 3.886000 0.914000 32.000000
-0.110840 -0.397461 -0.897949 0.000000 0.000000 0.000000 -20.264282 6.399536 81.881104 -7.079000 3.903000 0.891000 32.040000
-0.110840 -0.397461 -0.897461 0.000000 0.000000 0.000000 -20.264282 6.405029 81.881104 -7.075000 3.909000 0.894000 31.920000
-0.111328 -0.397461 -0.896973 0.000000 0.000000 0.000000 -20.264282 6.405029 81.881104 -7.071000 3.884000 0.899000 31.970000
-0.110840 -0.398438 -0.896973 0.000000 0.000000 0.000000 -20.264282 6.405029 81.881104 -7.059000 3.894000 0.902000 31.940000
-0.110352 -0.397949 -0.896973 0.000000 0.000000 0.000000 -20.258789 6.405029 81.881104 -7.082000 3.894000 0.896000 31.890000
-0.110840 -0.397949 -0.897461 0.000000 0.000000 0.000000 -20.258789 6.405029 81.881104 -7.086000 3.909000 0.905000 31.900000
-0.110352 -0.397949 -0.897461 0.000000 0.000000 0.000000 -20.258789 6.405029 81.881104 -7.085000 3.895000 0.895000 31.910000
