0.124023 0.907715 0.376465 0.000000 0.000000 0.000000 67.357178 -7.190552 -138.092651 -6.891000 -8.195000 3.964000 30.130000
0.124512 0.907715 0.377441 0.000000 0.000000 0.000000 67.362671 -7.190552 -138.109131 -6.890000 -8.216000 3.949000 30.130000
0.123047 0.907227 0.376953 0.000000 0.000000 0.000000 67.362671 -7.196045 -138.125610 -6.879000 -8.263000 3.941000 30.130000
0.124512 0.907715 0.377441 0.000000 0.000000 0.000000 67.368164 -7.196045 -138.136597 -6.887000 -8.139000 3.959000 30.150000
0.124512 0.907715 0.377441 0.000000 0.000000 0.000000 67.373657 -7.196045 -138.153076 -6.886000 -8.209000 3.960000 30.070000
0.124023 0.908203 0.376953 0.000000 0.000000 0.000000 67.373657 -7.196045 -138.164062 -6.885000 -8.232000 3.945000 30.140000
0.125000 0.908203 0.376465 0.000000 0.000000 0.000000 67.379150 -7.196045 -138.175049 -6.895000 -8.183000 3.947000 30.030000
0.124512 0.907227 0.376465 0.000000 0.000000 0.000000 67.384644 -7.196045 -138.186035 -6.882000 -8.097000 3.935000 30.110000
0.124023 0.907715 0.376953 0.000000 0.000000 0.000000 67.384644 -7.201538 -138.197021 -6.883000 -8.144000 3.929000 30.180000
0.124512 0.908203 0.376953 0.000000 0.000000 0.000000 67.395630 -7.201538 -138.229980 -6.891000 -8.000000 3.923000 30.100000
0.124512 0.907227 0.376953 0.000000 0.000000 0.000000 67.395630 -7.201538 -138.240967 -6.893000 -8.133000 3.955000 30.050000
0.124512 0.907715 0.377441 0.000000 0.000000 0.000000 67.401123 -7.201538 -138.246460 -6.879000 -8.237000 3.974000 30.170000
0.124023 0.907715 0.377441 0.000000 0.000000 0.000000 67.401123 -7.201538 -138.251953 -6.888000 -8.038000 3.967000 30.110000
0.124512 0.908203 0.378418 0.000000 0.000000 0.000000 67.401123 -7.201538 -138.257446 -6.897000 -8.194000 3.952000 30.110000
0.124023 0.908203 0.378418 0.000000 0.000000 0.000000 67.401123 -7.201538 -138.268433 -6.895000 -8.211000 3.948000 30.220000
0.123535 0.908203 0.377441 0.000000 0.000000 0.000000 67.401123 -7.201538 -138.273926 -6.914000 -8.230000 3.936000 30.150000
0.124023 0.907715 0.377441 0.000000 0.000000 0.000000 67.401123 -7.201538 -138.279419 -6.929000 -8.202000 3.965000 30.070000
0.124512 0.907227 0.378418 0.000000 0.000000 0.000000 67.401123 -7.201538 -138.284912 -6.946000 -8.254000 3.992000 30.110000
0.124023 0.908203 0.376953 0.000000 0.000000 0.000000 67.401123 -7.201538 -138.290405 -6.947000 -8.127000 3.960000 30.050000
0.124023 0.907227 0.376953 0.000000 0.000000 0.000000 67.401123 -7.201538 -138.301392 -6.940000 -8.156000 3.962000 30.050000
0.123535 0.908203 0.378418 0.000000 0.000000 0.000000 67.401123 -7.201538 -138.306885 -6.956000 -8.218000 3.963000 30.140000
0.124023 0.908203 0.376953 0.000000 0.000000 0.000000 67.406616 -7.201538 -138.306885 -6.947000 -8.090000 3.954000 30.150000
0.123535 0.907227 0.376953 0.000000 0.000000 0.000000 67.406616 -7.201538 -138.312378 -6.944000 -7.993000 3.938000 30.190000
0.124023 0.907715 0.375977 0.000000 0.000000 0.000000 67.406616 -7.201538 -138.312378 -6.941000 -8.051000 3.970000 30.210000
0.124512 0.907227 0.376953 0.000000 0.000000 0.000000 67.412109 -7.201538 -138.317871 -6.936000 -8.251000 3.969000 30.070000
0.124512 0.907227 0.375977 0.000000 0.000000 0.000000 67.412109 -7.201538 -138.323364 -6.934000 -8.121000 3.964000 30.230000
0.123535 0.907227 0.376953 0.000000 0.000000 0.000000 67.417603 -7.201538 -138.323364 -6.939000 -8.227000 3.974000 30.150000
0.124512 0.908203 0.376953 0.000000 0.000000 0.000000 67.417603 -7.207031 -138.328857 -6.933000 -8.224000 3.959000 30.170000
0.124512 0.907715 0.376953 0.000000 0.000000 0.000000 67.417603 -7.207031 -138.328857 -6.947000 -8.151000 3.951000 30.140000
0.124023 0.907715 0.376953 0.000000 0.000000 0.000000 67.417603 -7.207031 -138.334351 -6.926000 -8.216000 3.975000 30.110000
0.123535 0.907715 0.376953 0.000000 0.000000 0.000000 67.423096 -7.207031 -138.334351 -6.932000 -8.256000 3.957000 30.110000
0.125000 0.907715 0.377441 0.000000 0.000000 0.000000 67.423096 -7.207031 -138.334351 -6.941000 -8.213000 3.963000 30.110000
0.124512 0.907715 0.377441 0.122070 0.000000 0.000000 67.423096 -7.207031 -138.334351 -6.951000 -8.199000 3.976000 30.120000
0.124023 0.907715 0.376953 0.305176 0.000000 0.000000 67.417603 -7.207031 -138.334351 -6.947000 -8.128000 3.952000 30.110000
0.125000 0.908203 0.377930 -0.061035 0.000000 0.000000 67.406616 -7.207031 -138.339844 -6.940000 -8.114000 3.926000 30.110000
0.124512 0.907715 0.377441 0.000000 0.000000 0.000000 67.406616 -7.207031 -138.339844 -6.949000 -8.114000 3.953000 30.110000
0.124512 0.907227 0.377441 0.000000 0.000000 0.000000 67.401123 -7.207031 -138.339844 -6.932000 -8.173000 3.967000 30.170000
0.124512 0.908203 0.377930 0.000000 0.000000 0.000000 67.401123 -7.207031 -138.339844 -6.944000 -8.101000 3.990000 30.110000
0.124512 0.907715 0.377441 0.000000 0.000000 0.000000 67.401123 -7.207031 -138.339844 -6.928000 -7.997000 3.977000 30.160000
0.124023 0.908203 0.378418 0.000000 0.000000 0.000000 67.395630 -7.207031 -138.339844 -6.931000 -8.100000 3.949000 30.150000
0.123535 0.907715 0.378906 0.000000 0.000000 0.000000 67.395630 -7.207031 -138.339844 -6.953000 -8.121000 3.961000 30.090000
0.059082 0.995605 0.249512 -1.037598 0.000000 -0.366211 67.357178 -7.196045 -138.334351 -6.931000 -8.163000 3.967000 30.220000
0.071289 0.940430 0.301758 27.832031 12.390137 -26.367188 73.421631 -5.487671 -138.592529 -6.835000 -7.815000 4.334000 30.120000
0.091309 0.850098 0.546387 -83.007812 12.512207 -4.333496 71.586914 -4.015503 -138.197021 -6.695000 -7.681000 4.467000 30.140000
0.124023 0.915527 0.353027 2.746582 -0.671387 0.244141 68.323975 -7.064209 -138.109131 -6.972000 -7.946000 3.997000 30.160000
0.121582 0.915527 0.362305 -1.220703 0.244141 -0.122070 68.345947 -7.058716 -138.048706 -6.981000 -7.829000 4.047000 30.120000
0.121582 0.914551 0.363281 0.000000 0.000000 0.000000 68.340454 -7.053223 -137.988281 -6.965000 -7.810000 4.070000 30.180000
0.121582 0.915527 0.362305 0.122070 -0.061035 0.000000 68.334961 -7.053223 -137.933350 -6.960000 -7.816000 4.056000 30.110000
0.121582 0.915039 0.363281 -0.061035 0.000000 0.000000 68.334961 -7.053223 -137.878418 -6.959000 -7.816000 4.061000 30.220000
0.122070 0.915527 0.362793 0.000000 0.000000 0.000000 68.334961 -7.053223 -137.768555 -6.955000 -7.809000 4.049000 30.100000
0.121582 0.915039 0.362305 0.000000 0.000000 0.000000 68.334961 -7.053223 -137.719116 -6.960000 -7.797000 4.016000 30.140000
0.122559 0.915527 0.362793 0.000000 0.000000 0.000000 68.340454 -7.053223 -137.669678 -6.968000 -7.795000 4.037000 30.210000
0.122070 0.915039 0.362305 0.000000 0.000000 0.000000 68.340454 -7.058716 -137.625732 -6.973000 -7.794000 4.043000 30.130000
0.121582 0.915039 0.362793 0.000000 0.000000 0.000000 68.340454 -7.058716 -137.581787 -6.967000 -7.805000 4.073000 30.160000
0.123047 0.914551 0.352539 -4.272461 0.488281 -0.305176 68.345947 -7.058716 -137.510376 -6.963000 -7.802000 4.034000 30.110000
0.118652 0.911621 0.384277 -3.784180 1.037598 -0.244141 68.258057 -7.047729 -137.466431 -6.962000 -7.798000 4.011000 30.120000
0.122070 0.914062 0.364258 2.563477 -0.549316 0.244141 68.192139 -7.075195 -137.444458 -6.951000 -7.853000 4.025000 30.220000
0.123047 0.914062 0.360840 7.080078 -1.770020 0.732422 68.285522 -7.086182 -137.438965 -6.957000 -7.809000 4.023000 30.220000
0.122559 0.914551 0.358887 -0.610352 0.122070 -0.122070 68.389893 -7.091675 -137.416992 -6.959000 -7.809000 4.048000 30.170000
0.128418 0.913574 0.329590 -11.352539 4.882812 -2.136230 68.098755 -7.003784 -137.257690 -6.963000 -7.802000 4.042000 30.170000
0.101562 0.858398 0.507812 -37.902832 15.869141 -7.080078 60.732422 -5.603027 -135.955811 -6.964000 -7.798000 4.017000 30.160000
0.144531 0.951660 0.124023 74.096680 -7.019043 10.070801 68.334961 -7.234497 -137.312622 -6.974000 -8.277000 3.505000 30.190000
0.123047 0.909668 0.372559 14.221191 -3.417969 1.464844 67.824097 -7.130127 -137.208252 -6.962000 -8.118000 3.779000 30.220000
0.124023 0.911621 0.365234 1.281738 -0.244141 0.061035 67.857056 -7.130127 -137.224731 -6.949000 -7.863000 3.939000 30.270000
0.124023 0.911621 0.368652 0.305176 0.000000 0.000000 67.901001 -7.135620 -137.224731 -6.946000 -7.838000 3.995000 30.140000
0.124023 0.911133 0.369141 0.122070 0.000000 0.000000 67.911987 -7.135620 -137.224731 -6.947000 -8.033000 4.002000 30.110000
0.123535 0.912109 0.368652 0.000000 0.000000 0.000000 67.922974 -7.135620 -137.230225 -6.941000 -7.875000 4.000000 30.100000
0.124023 0.912109 0.368164 0.061035 0.000000 0.000000 67.933960 -7.135620 -137.230225 -6.941000 -7.851000 4.010000 30.080000
0.123535 0.912109 0.368652 0.000000 0.000000 0.000000 67.939453 -7.141113 -137.235718 -6.939000 -7.840000 4.007000 30.220000
0.123535 0.911621 0.367676 0.000000 0.000000 0.000000 67.955933 -7.141113 -137.235718 -6.945000 -7.922000 4.014000 30.100000
0.123047 0.912109 0.367676 0.000000 0.000000 0.000000 67.961426 -7.146606 -137.241211 -6.945000 -7.885000 4.005000 30.150000
0.123535 0.911133 0.367676 0.000000 0.000000 0.000000 67.966919 -7.146606 -137.230225 -6.945000 -7.801000 4.033000 30.180000
0.124023 0.911133 0.367676 0.000000 0.000000 0.000000 67.972412 -7.146606 -137.235718 -6.944000 -8.072000 4.004000 30.180000
0.124023 0.911621 0.368164 0.000000 0.000000 0.000000 67.972412 -7.152100 -137.252197 -6.951000 -7.915000 4.001000 30.080000
0.124023 0.911133 0.368164 0.000000 0.000000 0.000000 67.988892 -7.157593 -137.296143 -6.935000 -7.804000 4.019000 30.200000
0.124023 0.911621 0.367188 0.000000 0.000000 0.000000 67.994385 -7.157593 -137.312622 -6.941000 -7.848000 4.012000 30.180000
0.124023 0.912598 0.367676 0.000000 0.061035 0.000000 67.994385 -7.157593 -137.323608 -6.940000 -7.887000 4.018000 30.150000
0.124023 0.911133 0.367676 0.000000 0.000000 0.000000 67.999878 -7.157593 -137.334595 -6.945000 -7.822000 3.995000 30.230000
0.123535 0.912109 0.367676 0.000000 0.000000 0.000000 68.005371 -7.163086 -137.345581 -6.954000 -7.813000 3.993000 30.120000
0.123535 0.912109 0.367676 0.000000 0.000000 0.000000 68.010864 -7.163086 -137.367554 -6.954000 -7.803000 4.036000 30.180000
0.124023 0.912109 0.367188 0.061035 0.000000 0.000000 68.010864 -7.163086 -137.373047 -6.941000 -7.796000 4.032000 30.160000
0.123535 0.911621 0.367188 0.000000 0.000000 0.000000 68.016357 -7.168579 -137.384033 -6.936000 -7.831000 4.035000 30.190000
0.124023 0.912109 0.366211 0.000000 0.000000 0.000000 68.016357 -7.168579 -137.389526 -6.942000 -7.799000 4.015000 30.200000
0.121582 0.911621 0.375000 0.000000 0.000000 0.000000 68.021851 -7.168579 -137.395020 -6.939000 -7.914000 4.020000 30.260000
0.125488 0.906738 0.385254 1.525879 -0.427246 0.366211 67.494507 -7.283936 -137.362061 -6.939000 -8.151000 4.008000 30.260000
0.126465 0.913086 0.364258 -1.708984 0.183105 0.427246 68.417358 -7.322388 -137.493896 -6.941000 -8.177000 3.964000 30.160000
0.130371 0.912598 0.363770 5.126953 -1.892090 1.281738 68.576660 -7.421265 -137.521362 -6.937000 -7.867000 4.002000 30.210000
0.133301 0.913086 0.363770 -20.324707 4.150391 -2.563477 68.340454 -7.728882 -137.471924 -6.925000 -7.793000 4.056000 30.210000
0.132324 0.899902 0.396973 -11.047363 1.525879 -1.953125 66.588135 -7.668457 -137.224731 -6.902000 -7.879000 4.023000 30.180000
0.132324 0.886230 0.420410 -2.746582 0.427246 0.549316 64.775391 -7.739868 -137.296143 -6.865000 -8.130000 3.675000 30.250000
0.133301 0.883789 0.422852 1.525879 -0.793457 0.000000 64.643555 -7.745361 -137.334595 -6.871000 -8.109000 3.636000 30.180000
0.131348 0.882324 0.427246 -7.446289 2.502441 0.732422 64.204102 -7.695923 -137.164307 -6.859000 -8.103000 3.596000 30.210000
0.132324 0.882324 0.427734 5.554199 -1.037598 -0.183105 64.324951 -7.750854 -137.241211 -6.851000 -8.099000 3.587000 30.180000
0.131836 0.879883 0.427246 3.356934 -2.624512 -8.483887 64.594116 -7.503662 -137.510376 -6.878000 -8.115000 3.634000 30.170000
0.113281 0.851074 0.480957 -23.559570 3.479004 2.197266 64.671021 -7.108154 -137.971802 -6.946000 -8.121000 3.598000 30.140000
0.111328 0.867676 0.462891 1.525879 -0.122070 0.549316 62.907715 -6.575317 -138.125610 -7.022000 -8.092000 3.513000 30.210000
0.113770 0.869141 0.457031 5.065918 0.793457 -0.061035 62.193604 -6.657715 -137.861938 -7.017000 -8.228000 3.376000 30.170000
0.112793 0.858887 0.471680 -2.502441 -0.976562 -0.183105 62.517700 -6.740112 -137.752075 -6.996000 -8.128000 3.381000 30.250000
0.099609 0.834961 0.500488 -32.165527 8.972168 -7.934570 61.682739 -6.635742 -137.587280 -6.983000 -8.431000 3.315000 30.200000
0.085938 0.858398 0.484375 -1.037598 1.098633 0.549316 60.770874 -5.311890 -138.191528 -6.637000 -8.247000 3.252000 30.200000
0.088867 0.856934 0.485352 -0.732422 -0.305176 0.976562 60.666504 -5.399780 -138.169556 -6.629000 -8.294000 3.194000 30.180000
0.091309 0.853516 0.485840 -1.464844 0.000000 3.051758 60.578613 -5.509644 -138.153076 -6.622000 -8.459000 3.179000 30.280000
0.093262 0.863281 0.474121 -2.563477 -2.624512 0.854492 60.540161 -5.646973 -138.257446 -6.610000 -8.485000 3.216000 30.320000
0.096680 0.861328 0.474121 -1.708984 -1.647949 -2.380371 60.408325 -5.679932 -138.389282 -6.604000 -8.502000 3.182000 30.230000
0.103027 0.843262 0.493652 -2.258301 -0.549316 4.394531 60.172119 -5.916138 -138.477173 -6.600000 -8.492000 3.166000 30.290000
0.093262 0.859375 0.488281 -4.394531 -2.380371 5.737305 60.386353 -5.927124 -138.422241 -6.671000 -8.489000 3.181000 30.200000
0.112793 0.846680 0.495605 -2.746582 -0.488281 -0.061035 59.699707 -6.619263 -138.526611 -6.994000 -8.458000 3.142000 30.210000
0.114746 0.839355 0.506836 -23.132324 2.685547 1.342773 59.057007 -6.767578 -138.383789 -7.035000 -8.429000 3.054000 30.220000
0.112305 0.820801 0.537109 -0.366211 -0.671387 0.610352 57.425537 -6.679688 -138.208008 -7.020000 -8.377000 2.890000 30.160000
0.129883 0.816406 0.535645 -6.896973 2.380371 5.554199 57.222290 -7.064209 -137.664185 -6.966000 -8.362000 2.876000 30.160000
0.131348 0.824707 0.523926 18.005371 -6.347656 3.845215 57.046509 -7.613525 -137.362061 -6.910000 -8.327000 2.840000 30.220000
0.149414 0.815430 0.526855 -21.301270 -2.502441 9.521484 57.546387 -7.690430 -137.373047 -6.863000 -8.334000 2.849000 30.250000
0.138184 0.816406 0.541016 3.051758 -0.427246 -0.915527 57.321167 -8.503418 -137.493896 -7.064000 -8.323000 2.854000 30.190000
0.141113 0.814941 0.538086 -2.746582 0.305176 0.610352 56.634521 -8.261719 -137.510376 -7.089000 -8.338000 2.786000 30.180000
0.140625 0.825684 0.521973 -1.953125 0.305176 0.549316 57.766113 -8.245239 -137.856445 -6.952000 -8.320000 2.835000 30.180000
0.135742 0.824707 0.528320 -1.708984 1.220703 -1.281738 57.546387 -8.080444 -137.900391 -6.865000 -8.340000 2.895000 30.190000
0.134766 0.824219 0.526367 -0.732422 0.000000 0.854492 57.562866 -7.965088 -137.971802 -6.866000 -8.344000 2.874000 30.240000
0.138184 0.824707 0.524414 -0.244141 -0.732422 2.441406 57.617798 -8.151855 -137.966309 -6.864000 -8.336000 2.838000 30.240000
0.139648 0.825195 0.523926 -0.732422 -0.366211 1.770020 57.661743 -8.267212 -138.004761 -6.845000 -8.339000 2.870000 30.260000
0.143555 0.822754 0.524902 -4.577637 0.610352 0.244141 57.216797 -8.530884 -138.015747 -7.079000 -8.314000 2.858000 30.330000
0.134766 0.827637 0.519043 4.211426 -0.976562 1.037598 57.453003 -8.453979 -138.054199 -7.027000 -8.327000 2.867000 30.220000
0.127930 0.829590 0.519531 3.540039 6.774902 -13.305664 57.903442 -7.987061 -138.131104 -6.968000 -8.343000 2.924000 30.280000
0.133789 0.824219 0.526367 -4.211426 -1.892090 7.385254 57.991333 -7.575073 -138.153076 -6.904000 -8.364000 2.941000 30.220000
0.129395 0.832520 0.516602 0.366211 -0.122070 -0.671387 57.540894 -8.003540 -138.048706 -6.860000 -8.345000 2.891000 30.300000
0.137695 0.834473 0.509766 0.000000 0.000000 0.000000 58.386841 -7.987061 -138.246460 -6.864000 -8.367000 2.958000 30.230000
0.140625 0.832520 0.511719 -0.793457 -0.427246 2.014160 58.496704 -8.195801 -138.235474 -6.850000 -8.366000 2.975000 30.210000
0.140625 0.833496 0.511230 0.610352 0.549316 -1.037598 58.364868 -8.382568 -138.186035 -7.061000 -8.368000 2.979000 30.280000
0.138184 0.834473 0.510254 0.000000 0.000000 0.244141 58.364868 -8.355103 -138.164062 -7.132000 -8.363000 2.972000 30.160000
0.136230 0.838379 0.511719 -4.943848 -3.356934 5.493164 58.430786 -8.267212 -138.158569 -7.055000 -8.359000 3.001000 30.240000
0.156250 0.802246 0.555176 -9.643555 0.732422 0.183105 55.211792 -8.690186 -137.927856 -7.286000 -8.548000 2.661000 30.310000
0.145996 0.789062 0.572754 -0.305176 0.061035 1.525879 54.371338 -8.668213 -137.724609 -7.276000 -8.744000 2.540000 30.250000
0.151855 0.793457 0.564941 0.122070 -3.479004 7.080078 54.700928 -9.113159 -137.719116 -7.253000 -8.741000 2.556000 30.270000
0.155273 0.791504 0.565430 -1.525879 0.244141 -1.831055 54.662476 -9.239502 -137.768555 -7.226000 -8.745000 2.546000 30.330000
0.153320 0.795898 0.562988 4.455566 -1.037598 -0.427246 54.821777 -9.135132 -137.922363 -7.233000 -8.764000 2.555000 30.280000
0.146973 0.809570 0.545898 7.995605 -0.732422 -3.173828 55.404053 -8.822021 -138.257446 -7.276000 -8.775000 2.616000 30.320000
0.164551 0.817383 0.517578 17.456055 -3.723145 -1.342773 56.255493 -8.756104 -138.510132 -7.280000 -8.619000 2.702000 30.330000
0.165527 0.820801 0.518555 13.000488 -3.356934 2.624512 57.546387 -9.387817 -138.691406 -7.284000 -8.353000 2.821000 30.250000
0.152832 0.814941 0.539062 0.549316 2.441406 10.925293 57.573853 -9.673462 -138.389282 -7.249000 -8.317000 2.861000 30.350000
0.117188 0.819824 0.535156 -3.173828 4.760742 2.197266 57.584839 -9.794312 -137.900391 -7.193000 -8.306000 2.875000 30.240000
0.145020 0.834473 0.458008 53.649902 -4.638672 4.455566 61.490479 -9.475708 -143.250732 -7.094000 -8.616000 2.889000 30.220000
0.166992 0.826660 0.515137 -2.990723 0.061035 -1.281738 57.645264 -9.387817 -142.668457 -6.739000 -8.624000 3.079000 30.290000
0.143555 0.842285 0.519531 26.855469 -2.990723 -5.187988 58.298950 -9.036255 -142.921143 -6.663000 -8.662000 2.981000 30.310000
-0.060547 0.942871 0.215332 -57.861328 15.747070 -24.536133 61.512451 -8.833008 -143.695679 -6.673000 -8.651000 2.927000 30.290000
0.135742 0.858398 0.462402 0.671387 0.366211 -2.441406 60.913696 -7.849731 -143.388062 -6.667000 -8.493000 3.208000 30.260000
0.129883 0.854980 0.477539 -1.403809 0.427246 -0.793457 60.617065 -7.624512 -143.162842 -6.397000 -8.435000 3.122000 30.320000
0.127441 0.854980 0.480957 -1.281738 0.427246 -0.183105 60.457764 -7.547607 -143.014526 -6.380000 -8.446000 3.112000 30.370000
0.126465 0.854004 0.482422 -0.488281 0.305176 0.122070 60.375366 -7.531128 -142.860718 -6.386000 -8.435000 3.106000 30.210000
0.125000 0.852539 0.481934 -1.342773 0.488281 0.122070 60.375366 -7.525635 -142.712402 -6.398000 -8.432000 3.098000 30.330000
0.125000 0.854980 0.479004 -0.488281 0.000000 0.244141 60.523682 -7.547607 -142.580566 -6.413000 -8.440000 3.108000 30.300000
0.124512 0.854980 0.480469 -0.305176 0.000000 0.122070 60.485229 -7.536621 -142.327881 -6.408000 -8.439000 3.102000 30.260000
0.124023 0.854980 0.479004 -0.183105 0.061035 0.183105 60.474243 -7.525635 -142.218018 -6.390000 -8.437000 3.111000 30.290000
0.124023 0.855469 0.479492 -0.244141 0.061035 0.122070 60.452271 -7.514648 -142.113647 -6.403000 -8.437000 3.074000 30.370000
0.124023 0.854492 0.479492 -0.305176 0.061035 0.000000 60.452271 -7.509155 -142.014771 -6.400000 -8.440000 3.095000 30.370000
0.122070 0.854980 0.481445 -0.061035 0.122070 0.000000 60.435791 -7.492676 -141.926880 -6.399000 -8.435000 3.086000 30.330000
