0.030762 0.317871 -0.952148 0.000000 0.000000 0.000000 -62.644043 -1.807251 70.762939 -0.398000 3.362000 5.184000 29.950000
0.031738 0.318359 -0.951660 0.000000 0.000000 0.000000 -62.644043 -1.807251 70.762939 -0.399000 3.377000 5.180000 30.000000
0.031250 0.317871 -0.952148 0.000000 0.000000 0.000000 -62.644043 -1.812744 70.762939 -0.387000 3.366000 5.177000 30.000000
0.031250 0.317383 -0.951660 0.000000 0.000000 0.000000 -62.638550 -1.812744 70.762939 -0.371000 3.348000 5.162000 29.990000
0.031738 0.318848 -0.951660 0.000000 0.000000 0.000000 -62.644043 -1.812744 70.762939 -0.373000 3.378000 5.166000 29.990000
0.030762 0.318848 -0.951660 0.000000 0.000000 0.000000 -62.644043 -1.812744 70.762939 -0.377000 3.379000 5.146000 29.910000
0.031250 0.318359 -0.951660 0.000000 0.000000 0.000000 -62.649536 -1.812744 70.762939 -0.364000 3.379000 5.166000 29.990000
0.031738 0.319336 -0.952637 0.000000 0.000000 0.000000 -62.649536 -1.812744 70.762939 -0.375000 3.391000 5.162000 29.960000
0.031250 0.318848 -0.951660 0.000000 0.000000 0.000000 -62.649536 -1.812744 70.762939 -0.363000 3.347000 5.150000 30.000000
0.031250 0.318848 -0.951172 0.000000 0.000000 0.000000 -62.655029 -1.812744 70.762939 -0.374000 3.368000 5.171000 30.000000
0.031250 0.317871 -0.952148 0.000000 0.000000 0.000000 -62.655029 -1.812744 70.762939 -0.376000 3.382000 5.170000 29.920000
0.031250 0.318359 -0.952148 0.000000 0.000000 0.000000 -62.655029 -1.812744 70.762939 -0.371000 3.376000 5.171000 30.030000
0.031250 0.318359 -0.952148 0.000000 0.000000 0.000000 -62.660522 -1.818237 70.762939 -0.352000 3.385000 5.165000 30.030000
0.031250 0.318848 -0.951660 0.000000 0.000000 0.000000 -62.660522 -1.812744 70.762939 -0.363000 3.370000 5.164000 29.950000
0.031250 0.318359 -0.952637 0.000000 0.000000 0.000000 -62.660522 -1.818237 70.762939 -0.374000 3.383000 5.160000 30.070000
0.030762 0.318848 -0.951660 0.000000 0.000000 0.000000 -62.660522 -1.812744 70.762939 -0.365000 3.380000 5.174000 29.880000
0.030762 0.318359 -0.952148 0.000000 0.000000 0.000000 -62.660522 -1.812744 70.762939 -0.375000 3.370000 5.183000 29.930000
0.031250 0.318848 -0.951660 0.000000 0.000000 0.000000 -62.666016 -1.812744 70.762939 -0.373000 3.394000 5.169000 30.020000
0.031250 0.318848 -0.951660 0.000000 0.000000 0.000000 -62.666016 -1.812744 70.762939 -0.370000 3.363000 5.166000 29.960000
0.031250 0.318848 -0.952148 0.000000 0.000000 0.000000 -62.666016 -1.812744 70.762939 -0.377000 3.380000 5.166000 30.020000
0.031738 0.318848 -0.952148 0.000000 0.000000 0.000000 -62.666016 -1.812744 70.762939 -0.371000 3.385000 5.169000 30.020000
0.030762 0.317871 -0.951660 0.000000 0.000000 0.000000 -62.666016 -1.818237 70.762939 -0.369000 3.381000 5.164000 30.050000
0.031250 0.317871 -0.952148 0.000000 0.000000 0.000000 -62.666016 -1.818237 70.762939 -0.380000 3.412000 5.180000 30.070000
0.031738 0.317871 -0.952148 0.000000 0.000000 0.000000 -62.660522 -1.818237 70.762939 -0.386000 3.382000 5.177000 29.960000
0.030762 0.317383 -0.952148 0.000000 0.000000 0.000000 -62.660522 -1.818237 70.762939 -0.376000 3.352000 5.184000 29.960000
0.031250 0.317871 -0.951660 0.000000 0.000000 0.000000 -62.660522 -1.818237 70.762939 -0.387000 3.376000 5.180000 29.940000
0.031250 0.318359 -0.952637 0.000000 0.000000 0.000000 -62.660522 -1.812744 70.762939 -0.384000 3.356000 5.182000 30.000000
0.031250 0.318359 -0.952148 0.000000 0.000000 0.000000 -62.660522 -1.812744 70.762939 -0.397000 3.366000 5.181000 30.050000
0.030762 0.317383 -0.951660 0.000000 0.000000 0.000000 -62.655029 -1.812744 70.762939 -0.383000 3.377000 5.180000 29.970000
0.030762 0.317871 -0.951660 0.000000 0.000000 0.000000 -62.655029 -1.812744 70.762939 -0.390000 3.371000 5.175000 30.010000
0.030762 0.317871 -0.951660 0.000000 0.000000 0.000000 -62.655029 -1.812744 70.762939 -0.396000 3.355000 5.188000 30.080000
