0.029785 0.314941 -0.953613 0.000000 0.000000 0.000000 -62.457275 -1.724854 70.087280 0.983000 1.294000 4.505000 29.770000
0.029297 0.313965 -0.952637 0.000000 0.000000 0.000000 -62.457275 -1.724854 70.087280 0.989000 1.312000 4.503000 29.760000
0.030273 0.314453 -0.952148 0.000000 0.000000 0.000000 -62.451782 -1.724854 70.087280 0.990000 1.293000 4.512000 29.690000
0.029785 0.313965 -0.951660 0.000000 0.000000 0.000000 -62.451782 -1.724854 70.087280 0.844000 1.272000 4.494000 29.750000
0.029297 0.314941 -0.952637 0.000000 0.000000 0.000000 -62.451782 -1.719360 70.087280 0.644000 1.309000 4.482000 29.730000
0.029785 0.314941 -0.953125 0.000000 0.000000 0.000000 -62.451782 -1.719360 70.087280 0.604000 1.300000 4.498000 29.720000
0.029785 0.314941 -0.952148 0.000000 0.000000 0.000000 -62.451782 -1.719360 70.087280 0.726000 1.314000 4.466000 29.780000
0.029785 0.314453 -0.953125 0.000000 0.000000 0.000000 -62.451782 -1.719360 70.087280 0.564000 1.287000 4.475000 29.750000
0.029785 0.314941 -0.952637 0.000000 0.000000 0.000000 -62.451782 -1.719360 70.087280 0.679000 1.303000 4.476000 29.770000
0.029785 0.315430 -0.952637 0.000000 0.000000 0.000000 -62.451782 -1.719360 70.087280 0.677000 1.294000 4.471000 29.780000
0.029297 0.315430 -0.953613 0.000000 0.000000 0.000000 -62.451782 -1.724854 70.087280 0.624000 1.301000 4.485000 29.770000
0.029297 0.314453 -0.953125 0.000000 0.000000 0.000000 -62.457275 -1.724854 70.087280 0.602000 1.297000 4.474000 29.790000
0.029297 0.315430 -0.953125 0.000000 0.000000 0.000000 -62.457275 -1.724854 70.087280 0.709000 1.297000 4.485000 29.830000
0.029297 0.314453 -0.953125 0.000000 0.000000 0.000000 -62.457275 -1.724854 70.087280 0.770000 1.308000 4.476000 29.720000
0.029785 0.314453 -0.953125 0.000000 0.000000 0.000000 -62.457275 -1.724854 70.087280 0.662000 1.299000 4.465000 29.730000
0.029785 0.314453 -0.953125 0.000000 0.000000 0.000000 -62.457275 -1.724854 70.087280 0.654000 1.301000 4.472000 29.770000
0.029297 0.315430 -0.952637 0.000000 0.000000 0.000000 -62.451782 -1.724854 70.087280 0.701000 1.308000 4.478000 29.800000
0.030273 0.315430 -0.953613 0.000000 0.000000 0.000000 -62.457275 -1.724854 70.087280 0.614000 1.271000 4.485000 29.750000
0.029297 0.314941 -0.952148 0.000000 0.000000 0.000000 -62.457275 -1.724854 70.087280 0.657000 1.282000 4.477000 29.660000
0.029297 0.314453 -0.953125 0.000000 0.000000 0.000000 -62.457275 -1.724854 70.087280 0.922000 1.268000 4.481000 29.760000
0.028809 0.314941 -0.953125 0.000000 0.000000 0.000000 -62.457275 -1.724854 70.087280 0.813000 1.294000 4.472000 29.760000
0.029785 0.314453 -0.953613 0.000000 0.000000 0.000000 -62.457275 -1.719360 70.087280 0.711000 1.300000 4.492000 29.700000
0.028809 0.314941 -0.952637 0.000000 0.000000 0.000000 -62.457275 -1.719360 70.087280 0.765000 1.302000 4.469000 29.740000
0.029297 0.314941 -0.953125 0.000000 0.000000 0.000000 -62.457275 -1.719360 70.087280 0.808000 1.309000 4.475000 29.780000
0.029297 0.314453 -0.953125 0.000000 0.000000 0.000000 -62.457275 -1.719360 70.087280 0.594000 1.300000 4.477000 29.830000
0.028809 0.314941 -0.953125 0.000000 0.000000 0.000000 -62.457275 -1.719360 70.087280 0.761000 1.297000 4.471000 29.730000
0.030762 0.314941 -0.952148 0.000000 0.000000 0.000000 -62.457275 -1.719360 70.087280 0.597000 1.297000 4.477000 29.770000
0.029297 0.313965 -0.952637 0.000000 0.000000 0.000000 -62.457275 -1.719360 70.087280 0.641000 1.277000 4.476000 29.760000
0.029297 0.315430 -0.953125 0.000000 0.000000 0.000000 -62.457275 -1.719360 70.087280 0.759000 1.294000 4.474000 29.730000
0.029297 0.314941 -0.952637 0.000000 0.000000 0.000000 -62.457275 -1.719360 70.087280 0.744000 1.279000 4.473000 29.670000
0.029785 0.314453 -0.952637 0.000000 0.000000 0.000000 -62.457275 -1.719360 70.087280 0.598000 1.295000 4.473000 29.770000
0.029785 0.314453 -0.952637 0.549316 -0.183105 0.000000 -62.457275 -1.713867 70.087280 0.601000 1.297000 4.479000 29.700000
0.030273 0.314453 -0.952148 -0.305176 0.061035 0.000000 -62.451782 -1.708374 70.087280 0.813000 1.303000 4.463000 29.760000
0.028809 0.314941 -0.952637 -0.061035 0.000000 0.000000 -62.457275 -1.713867 70.087280 0.656000 1.312000 4.475000 29.750000
0.029785 0.313965 -0.952148 0.000000 0.000000 0.000000 -62.457275 -1.713867 70.087280 0.598000 1.306000 4.473000 29.800000
0.028809 0.313965 -0.953613 0.000000 0.000000 0.000000 -62.457275 -1.713867 70.087280 0.757000 1.308000 4.470000 29.820000
0.029785 0.314941 -0.953125 0.000000 0.000000 0.000000 -62.451782 -1.708374 70.087280 0.680000 1.300000 4.477000 29.700000
0.028809 0.313477 -0.953613 0.000000 -0.061035 0.000000 -62.451782 -1.708374 70.087280 0.621000 1.290000 4.486000 29.700000
0.029785 0.313965 -0.952637 0.000000 0.000000 0.000000 -62.446289 -1.708374 70.087280 0.671000 1.278000 4.476000 29.700000
0.029297 0.313965 -0.953125 0.061035 0.000000 0.000000 -62.446289 -1.708374 70.087280 0.711000 1.312000 4.481000 29.750000
0.029785 0.313965 -0.952637 0.000000 0.000000 0.000000 -62.440796 -1.708374 70.087280 0.767000 1.297000 4.489000 29.620000
0.030273 0.314941 -0.952637 0.000000 0.000000 0.000000 -62.435303 -1.713867 70.087280 0.964000 1.292000 4.509000 29.700000
0.029297 0.313965 -0.953125 0.000000 0.000000 0.000000 -62.435303 -1.713867 70.087280 0.987000 1.278000 4.514000 29.630000
0.029297 0.312988 -0.952148 0.000000 0.000000 0.000000 -62.435303 -1.713867 70.087280 0.980000 1.266000 4.520000 29.700000
0.029785 0.315430 -0.953125 0.000000 0.000000 0.000000 -62.429810 -1.713867 70.087280 0.987000 1.268000 4.513000 29.720000
0.029785 0.312988 -0.953613 0.000000 0.000000 0.000000 -62.429810 -1.713867 70.087280 0.981000 1.303000 4.517000 29.750000
0.029785 0.313965 -0.952637 0.000000 0.000000 0.000000 -62.429810 -1.713867 70.087280 0.984000 1.280000 4.524000 29.730000
0.029785 0.313477 -0.952637 0.000000 0.000000 0.000000 -62.429810 -1.719360 70.087280 0.984000 1.266000 4.522000 29.730000
0.030273 0.313965 -0.953613 0.000000 0.000000 0.000000 -62.429810 -1.719360 70.087280 0.980000 1.273000 4.518000 29.670000
0.029297 0.313965 -0.953125 0.000000 0.000000 0.000000 -62.429810 -1.719360 70.087280 0.997000 1.291000 4.524000 29.760000
0.029785 0.313477 -0.952637 0.000000 0.000000 0.000000 -62.429810 -1.724854 70.087280 0.982000 1.287000 4.528000 29.770000
0.029297 0.313965 -0.952637 0.000000 0.000000 0.000000 -62.429810 -1.724854 70.087280 0.996000 1.281000 4.517000 29.710000
0.029785 0.313965 -0.953125 0.000000 0.000000 0.000000 -62.424316 -1.724854 70.087280 0.998000 1.290000 4.517000 29.710000
0.029297 0.313965 -0.952637 0.000000 0.000000 0.000000 -62.424316 -1.724854 70.087280 0.986000 1.295000 4.521000 29.780000
0.029297 0.314453 -0.953125 0.000000 0.000000 0.000000 -62.424316 -1.724854 70.087280 0.990000 1.295000 4.513000 29.730000
0.029785 0.314453 -0.953613 0.000000 0.000000 0.000000 -62.424316 -1.724854 70.087280 0.983000 1.266000 4.524000 29.770000
0.029785 0.313965 -0.952637 0.000000 0.000000 0.000000 -62.424316 -1.730347 70.087280 0.999000 1.287000 4.514000 29.730000
0.029297 0.314941 -0.953125 0.000000 0.000000 0.000000 -62.424316 -1.730347 70.087280 0.765000 1.272000 4.504000 29.710000
0.030762 0.314941 -0.952637 0.000000 0.000000 0.000000 -62.424316 -1.730347 70.087280 0.935000 1.275000 4.501000 29.640000
0.030273 0.314941 -0.952148 0.000000 0.000000 0.000000 -62.424316 -1.730347 70.087280 0.892000 1.289000 4.496000 29.840000
0.029297 0.314941 -0.952148 0.000000 0.000000 0.000000 -62.429810 -1.730347 70.087280 0.819000 1.267000 4.504000 29.730000
