0.030762 -0.972168 0.000488 0.000000 0.000000 0.000000 1.170044 -1.115112 -50.998535 -9.065000 2.532000 -1.312000 29.960000
0.030762 -0.972656 0.000000 0.000000 0.000000 0.000000 1.170044 -1.120605 -50.998535 -9.068000 2.552000 -1.310000 29.850000
0.030762 -0.972656 0.000488 0.000000 0.000000 0.000000 1.170044 -1.120605 -50.998535 -9.060000 2.539000 -1.310000 29.900000
0.031250 -0.971680 0.000488 0.000000 0.000000 0.000000 1.170044 -1.120605 -50.998535 -9.064000 2.546000 -1.332000 29.770000
0.030762 -0.972168 0.000488 0.000000 0.000000 0.000000 1.170044 -1.120605 -50.998535 -9.049000 2.543000 -1.310000 29.850000
0.030762 -0.973633 0.000000 0.000000 0.000000 0.000000 1.170044 -1.120605 -50.998535 -9.052000 2.549000 -1.304000 29.870000
0.030762 -0.972656 0.000488 0.000000 0.000000 0.000000 1.170044 -1.120605 -50.998535 -9.062000 2.558000 -1.309000 29.880000
0.030762 -0.973633 0.000000 0.000000 0.000000 0.000000 1.170044 -1.120605 -50.998535 -9.062000 2.558000 -1.307000 29.990000
0.030273 -0.972168 0.000488 0.000000 0.000000 0.000000 1.170044 -1.120605 -50.998535 -9.064000 2.545000 -1.313000 29.910000
0.030762 -0.972656 0.000977 0.000000 0.000000 0.000000 1.170044 -1.120605 -50.998535 -9.066000 2.535000 -1.309000 29.810000
0.030762 -0.972656 0.000488 0.000000 0.000000 0.000000 1.170044 -1.120605 -50.998535 -9.063000 2.564000 -1.301000 29.880000
0.030273 -0.973145 0.000488 0.000000 0.000000 0.000000 1.170044 -1.120605 -50.998535 -9.064000 2.552000 -1.459000 29.910000
0.031250 -0.972656 0.000488 0.000000 0.000000 0.000000 1.170044 -1.120605 -50.998535 -9.058000 2.550000 -1.347000 29.880000
0.029785 -0.972656 0.000488 0.000000 0.000000 0.000000 1.170044 -1.120605 -50.998535 -9.067000 2.561000 -1.310000 29.770000
0.030762 -0.972656 0.000000 0.000000 0.000000 0.000000 1.170044 -1.120605 -50.998535 -9.060000 2.564000 -1.314000 29.900000
0.030273 -0.973145 0.000488 0.000000 0.000000 0.000000 1.170044 -1.120605 -50.998535 -9.068000 2.553000 -1.346000 29.850000
0.030273 -0.972168 0.000488 0.000000 0.000000 0.000000 1.170044 -1.120605 -50.998535 -9.058000 2.558000 -1.424000 29.890000
0.030762 -0.972656 0.000488 0.000000 0.000000 0.000000 1.170044 -1.120605 -50.998535 -9.063000 2.580000 -1.388000 29.850000
0.031738 -0.972656 0.000488 0.000000 0.000000 0.000000 1.170044 -1.120605 -50.998535 -9.066000 2.572000 -1.311000 29.940000
0.030762 -0.972656 0.000488 0.000000 0.000000 0.000000 1.170044 -1.120605 -50.998535 -9.062000 2.562000 -1.308000 29.850000
0.030762 -0.973145 0.000488 0.000000 0.000000 0.000000 1.170044 -1.120605 -50.998535 -9.053000 2.574000 -1.300000 29.840000
0.031250 -0.972656 0.000488 0.000000 0.000000 0.000000 1.170044 -1.120605 -50.998535 -9.058000 2.538000 -1.363000 29.880000
0.030762 -0.972656 0.001465 0.000000 0.000000 0.000000 1.175537 -1.126099 -50.998535 -9.055000 2.554000 -1.312000 29.910000
0.030762 -0.971680 0.000977 0.000000 0.000000 0.000000 1.175537 -1.126099 -50.998535 -9.069000 2.544000 -1.303000 29.750000
0.030273 -0.972168 0.000000 0.000000 0.000000 0.000000 1.175537 -1.126099 -50.998535 -9.059000 2.535000 -1.317000 29.870000
0.030762 -0.972168 0.000488 0.000000 0.000000 0.000000 1.175537 -1.126099 -50.998535 -9.069000 2.537000 -1.298000 29.890000
0.030273 -0.972656 0.000000 0.000000 0.000000 0.000000 1.175537 -1.120605 -50.998535 -9.072000 2.553000 -1.315000 29.880000
0.030762 -0.972656 0.000000 0.000000 0.000000 0.000000 1.175537 -1.126099 -50.998535 -9.050000 2.555000 -1.458000 29.830000
0.030273 -0.972656 0.000488 0.000000 0.000000 0.000000 1.175537 -1.120605 -50.998535 -9.057000 2.575000 -1.317000 29.920000
0.030273 -0.972168 0.000977 0.000000 0.000000 0.000000 1.175537 -1.120605 -50.998535 -9.059000 2.570000 -1.334000 29.870000
0.031250 -0.972656 0.000977 0.000000 0.000000 0.000000 1.175537 -1.120605 -50.998535 -9.066000 2.540000 -1.354000 29.860000
0.030762 -0.972168 0.000488 0.000000 0.000000 0.000000 1.175537 -1.120605 -50.998535 -9.056000 2.553000 -1.357000 29.880000
0.030762 -0.971680 0.000000 0.000000 0.000000 0.000000 1.175537 -1.120605 -50.998535 -9.059000 2.533000 -1.328000 29.790000
0.030762 -0.972168 0.000977 0.000000 0.000000 0.000000 1.175537 -1.120605 -50.998535 -9.063000 2.559000 -1.387000 29.810000
0.030762 -0.972656 0.000488 0.000000 0.000000 0.000000 1.175537 -1.120605 -50.998535 -9.065000 2.561000 -1.308000 29.890000
0.030762 -0.973145 0.000977 0.000000 0.000000 0.000000 1.175537 -1.120605 -50.998535 -9.053000 2.585000 -1.310000 29.940000
0.030762 -0.972656 0.000977 0.000000 0.000000 0.000000 1.175537 -1.126099 -50.998535 -9.064000 2.566000 -1.341000 29.840000
0.030762 -0.972656 0.000977 0.000000 0.000000 0.000000 1.181030 -1.120605 -50.998535 -9.059000 2.568000 -1.346000 29.870000
0.030762 -0.972656 0.000977 0.000000 0.000000 0.000000 1.181030 -1.120605 -50.998535 -9.067000 2.551000 -1.338000 29.910000
0.030762 -0.972656 0.000488 0.000000 0.000000 0.000000 1.181030 -1.120605 -50.998535 -9.059000 2.560000 -1.361000 29.880000
0.029785 -0.972656 0.000488 0.000000 0.000000 0.000000 1.181030 -1.120605 -50.998535 -9.062000 2.571000 -1.414000 29.880000
0.030273 -0.972656 0.000488 0.000000 0.000000 0.000000 1.181030 -1.120605 -50.998535 -9.070000 2.554000 -1.337000 29.880000
0.031250 -0.972656 0.000488 0.000000 0.000000 0.000000 1.181030 -1.120605 -50.998535 -9.054000 2.579000 -1.328000 29.810000
0.030762 -0.972168 0.000977 0.000000 0.000000 0.000000 1.181030 -1.120605 -50.998535 -9.060000 2.549000 -1.412000 29.860000
0.030273 -0.972656 0.000977 0.000000 -566.650391 15.808105 1.181030 -1.115112 -50.998535 -9.073000 2.560000 -1.404000 218.370000
0.030273 -0.972656 0.000488 0.000000 0.000000 0.000000 1.181030 -1.115112 -50.998535 -9.069000 2.572000 -1.325000 29.850000
0.030762 -0.972656 0.000977 0.000000 0.000000 0.000000 1.181030 -1.115112 -50.998535 -9.054000 2.546000 -1.394000 29.920000
0.030273 -0.972656 0.000977 0.000000 0.000000 0.000000 1.181030 -1.115112 -50.998535 -9.053000 2.555000 -1.347000 29.860000
0.030762 -0.972168 0.000488 0.000000 0.000000 0.000000 1.181030 -1.115112 -50.998535 -9.051000 2.563000 -1.385000 29.880000
0.030273 -0.973633 0.000488 0.000000 0.000000 0.000000 22.197876 -1.455688 -51.168823 -9.047000 2.508000 -1.323000 29.880000
0.030273 -0.973145 0.000488 0.000000 0.000000 0.000000 21.192627 -1.444702 -51.174316 -9.063000 2.523000 -1.303000 29.850000
0.029785 -0.972656 0.000977 0.000000 0.000000 0.000000 20.099487 -1.422729 -51.179810 -9.053000 2.568000 -1.410000 29.800000
0.029785 -0.973145 0.000977 0.000000 0.000000 0.000000 19.028320 -1.406250 -51.179810 -9.062000 2.541000 -1.358000 29.810000
0.030762 -0.972656 0.000488 0.000000 0.000000 0.000000 18.001099 -1.389771 -51.185303 -9.064000 2.569000 -1.390000 29.800000
0.029785 -0.973145 0.000488 0.000000 0.000000 0.000000 -12.398071 0.175781 0.000000 -9.059000 2.548000 -1.354000 29.890000
0.030762 -0.973145 0.000000 0.000000 0.000000 0.000000 -12.398071 0.175781 0.000000 -9.055000 2.551000 -1.308000 29.790000
0.030762 -0.973145 0.000488 0.000000 0.000000 0.000000 -12.398071 0.181274 0.000000 -9.052000 2.542000 -1.385000 29.810000
0.030762 -0.973145 0.000977 0.000000 0.000000 0.000000 -12.398071 0.181274 0.000000 -9.058000 2.572000 -1.412000 29.830000
0.030273 -0.973145 0.000977 0.000000 0.000000 0.000000 -12.398071 0.181274 0.000000 -9.046000 2.552000 -1.371000 29.780000
0.030762 -0.973145 0.000977 0.000000 0.000000 0.000000 -12.398071 0.181274 0.000000 -9.045000 2.556000 -1.409000 29.890000
0.030762 -0.972656 0.000488 0.000000 0.000000 0.000000 -12.398071 0.181274 0.000000 -9.054000 2.546000 -1.398000 29.860000
0.030762 -0.973145 0.000488 0.000000 0.000000 0.000000 -12.398071 0.186768 0.000000 -9.052000 2.553000 -1.416000 29.800000
0.030273 -0.974121 0.000977 0.000000 0.000000 0.000000 -12.398071 0.186768 0.000000 -9.056000 2.560000 -1.360000 29.810000
0.031250 -0.972168 0.000488 0.000000 0.000000 0.000000 -12.398071 0.186768 0.000000 -9.061000 2.559000 -1.331000 29.840000
0.030762 -0.974121 0.000488 0.000000 0.000000 0.000000 -12.398071 0.186768 0.000000 -9.053000 2.556000 -1.315000 29.800000
0.030273 -0.973145 0.000488 0.000000 0.000000 0.000000 -12.398071 0.186768 0.000000 -9.051000 2.566000 -1.395000 29.940000
0.030762 -0.973145 0.000000 0.000000 0.000000 0.000000 -12.398071 0.186768 0.000000 -9.057000 2.553000 -1.389000 29.870000
0.031250 -0.973633 0.000488 0.000000 0.000000 0.000000 -12.398071 0.186768 0.000000 -9.063000 2.568000 -1.317000 29.850000
0.029785 -0.973633 0.000000 0.000000 0.000000 0.000000 -12.398071 0.186768 0.000000 -9.062000 2.549000 -1.342000 29.840000
0.030762 -0.973145 0.000977 0.000000 0.000000 0.000000 -12.398071 0.186768 0.000000 -9.051000 2.555000 -1.522000 29.840000
0.030762 -0.972656 0.001465 0.000000 0.000000 0.000000 -12.398071 0.186768 0.000000 -9.056000 2.555000 -1.378000 29.920000
0.030273 -0.971680 0.000977 0.000000 0.000000 0.000000 -12.398071 0.186768 0.000000 -9.053000 2.554000 -1.307000 29.920000
0.030273 -0.973145 0.000488 0.000000 0.000000 0.000000 -12.398071 0.186768 0.000000 -9.056000 2.563000 -1.348000 29.820000
0.030273 -0.972168 0.000977 0.000000 0.000000 0.000000 -12.398071 0.186768 0.000000 -9.055000 2.548000 -1.467000 29.770000
0.030273 -0.972656 0.000488 0.000000 0.000000 0.000000 -12.398071 0.186768 0.000000 -9.064000 2.556000 -1.326000 29.780000
0.029785 -0.972168 0.000488 0.000000 0.000000 0.000000 -12.392578 0.186768 0.000000 -9.054000 2.571000 -1.317000 29.730000
0.030762 -0.972656 0.000488 0.000000 0.000000 0.000000 -12.392578 0.192261 0.000000 -9.067000 2.557000 -1.296000 29.810000
0.030762 -0.973633 0.000488 0.000000 0.000000 0.000000 -12.392578 0.192261 0.000000 -9.057000 2.590000 -1.301000 29.790000
0.030762 -0.973145 0.000488 0.000000 0.000000 0.000000 -12.392578 0.192261 0.000000 -9.070000 2.581000 -1.409000 29.800000
0.030762 -0.973145 0.000977 0.000000 0.000000 0.000000 -12.392578 0.192261 0.000000 -9.056000 2.555000 -1.381000 29.730000
0.030273 -0.972656 0.000488 0.000000 0.000000 0.000000 -12.392578 0.192261 0.000000 -9.069000 2.552000 -1.324000 29.760000
0.029785 -0.971680 0.001465 0.000000 0.000000 0.000000 -12.392578 0.186768 0.000000 -9.058000 2.560000 -1.301000 29.830000
0.031250 -0.972656 0.000977 0.000000 0.000000 0.000000 -12.392578 0.186768 0.000000 -9.060000 2.556000 -1.415000 29.890000
0.030762 -0.972656 0.000488 0.000000 0.000000 0.000000 -12.392578 0.186768 0.000000 -9.078000 2.546000 -1.342000 29.790000
0.030273 -0.972656 0.000488 0.000000 0.000000 0.000000 -12.392578 0.186768 0.000000 -9.055000 2.557000 -1.307000 29.840000
0.030273 -0.972168 0.000000 0.000000 0.000000 0.000000 -12.398071 0.186768 0.000000 -9.063000 2.576000 -1.343000 29.840000
0.029785 -0.973145 0.000977 0.000000 0.000000 0.000000 -12.398071 0.186768 0.000000 -9.059000 2.561000 -1.341000 29.850000
0.030762 -0.972168 0.000977 0.000000 0.000000 0.000000 -12.398071 0.192261 0.000000 -9.047000 2.564000 -1.393000 29.890000
0.030762 -0.972168 0.000488 0.000000 0.000000 0.000000 -12.398071 0.192261 0.000000 -9.053000 2.556000 -1.376000 29.800000
0.030762 -0.972168 0.000488 0.000000 0.000000 0.000000 -12.398071 0.192261 0.000000 -9.054000 2.550000 -1.342000 29.830000
0.030762 -0.973145 0.000488 0.000000 0.000000 0.000000 -12.398071 0.192261 0.000000 -9.057000 2.572000 -1.346000 29.860000
0.030273 -0.972168 0.000488 0.000000 0.000000 0.000000 -12.398071 0.192261 0.000000 -9.055000 2.569000 -1.302000 29.810000
0.030762 -0.973145 0.000488 0.000000 0.000000 0.000000 -12.398071 0.192261 0.000000 -9.060000 2.544000 -1.334000 29.850000
0.030762 -0.972168 0.000000 0.000000 0.000000 0.000000 -12.398071 0.192261 0.000000 -9.065000 2.553000 -1.556000 29.800000
0.030273 -0.972656 0.000977 0.000000 0.000000 0.000000 -12.398071 0.192261 0.000000 -9.057000 2.556000 -1.441000 29.830000
0.030273 -0.972656 0.000488 0.000000 0.000000 0.000000 -12.392578 0.192261 0.000000 -9.051000 2.552000 -1.529000 29.880000
0.030273 -0.972656 0.000488 0.000000 0.000000 0.000000 -12.392578 0.192261 0.000000 -9.054000 2.547000 -1.347000 29.720000
0.030762 -0.972656 0.000488 0.000000 0.000000 0.000000 -12.392578 0.192261 0.000000 -9.055000 2.557000 -1.336000 29.770000
0.030762 -0.971680 0.000488 0.000000 0.000000 0.000000 -12.392578 0.192261 0.000000 -9.053000 2.562000 -1.299000 29.810000
0.030762 -0.971191 0.000488 0.000000 0.000000 0.000000 -12.392578 0.192261 0.000000 -9.050000 2.580000 -1.305000 29.880000
0.030762 -0.972656 0.000488 0.000000 0.000000 0.000000 -12.392578 0.192261 0.000000 -9.057000 2.561000 -1.416000 29.840000
0.030762 -0.972168 0.000000 0.000000 0.000000 0.000000 -12.392578 0.192261 0.000000 -9.049000 2.574000 -1.340000 29.830000
0.030273 -0.972656 0.000488 0.000000 0.000000 0.000000 -12.392578 0.192261 0.000000 -9.053000 2.545000 -1.420000 29.750000
0.030273 -0.972168 0.001465 0.000000 0.000000 0.000000 -12.392578 0.192261 0.000000 -9.055000 2.538000 -1.373000 29.880000
0.030273 -0.972168 0.000488 0.000000 0.000000 0.000000 -12.392578 0.192261 0.000000 -9.054000 2.545000 -1.505000 29.750000
0.030762 -0.972656 0.000977 0.000000 0.000000 0.000000 -12.392578 0.192261 0.000000 -9.058000 2.568000 -1.513000 29.820000
0.030273 -0.972656 0.000000 0.000000 0.000000 0.000000 -12.392578 0.192261 0.000000 -9.051000 2.565000 -1.458000 29.810000
0.029785 -0.973633 0.000488 0.000000 0.000000 0.000000 -12.392578 0.192261 0.000000 -9.064000 2.558000 -1.344000 29.790000
0.030762 -0.973145 0.000488 0.000000 0.000000 0.000000 -12.392578 0.192261 0.000000 -9.063000 2.565000 -1.321000 29.790000
0.031250 -0.973145 0.001465 0.000000 0.000000 0.000000 -12.392578 0.192261 0.000000 -9.068000 2.554000 -1.384000 29.820000
0.031738 -0.972656 0.000000 0.000000 0.000000 0.000000 -12.392578 0.192261 0.000000 -9.062000 2.558000 -1.497000 29.780000
0.030762 -0.972656 0.000977 0.000000 0.000000 0.000000 -12.398071 0.192261 0.000000 -9.066000 2.576000 -1.323000 29.730000
0.030762 -0.972656 0.000000 0.000000 0.000000 0.000000 -12.398071 0.186768 0.000000 -9.049000 2.573000 -1.304000 29.820000
0.031250 -0.972656 -0.000488 0.000000 0.000000 0.000000 -12.398071 0.186768 0.000000 -9.058000 2.562000 -1.311000 29.780000
0.040527 -0.981934 -0.002930 1.098633 0.488281 -1.464844 -12.431030 -0.302124 -0.675659 -9.047000 2.527000 -1.455000 29.820000
0.043457 -0.974121 0.001465 1.647949 3.356934 -2.929688 -12.277222 -0.516357 -0.983276 -9.038000 2.488000 -1.724000 29.830000
0.050293 -0.968262 0.005859 0.915527 2.319336 -4.211426 -12.128906 -0.851440 -1.268921 -9.040000 2.479000 -1.742000 29.810000
0.054688 -0.975098 0.004395 0.488281 0.427246 -1.525879 -12.062988 -1.082153 -1.384277 -9.022000 2.462000 -1.722000 29.830000
0.056152 -0.975098 0.005371 0.549316 0.427246 -0.610352 -12.024536 -1.098633 -1.422729 -8.997000 2.446000 -1.701000 29.890000
0.174805 -0.866211 -0.164062 0.122070 0.244141 -0.671387 -11.980591 -1.131592 -1.488647 -8.991000 2.439000 -1.680000 29.910000
0.114258 -0.978516 -0.059082 -7.263184 -32.470703 -113.769531 -11.986084 -3.482666 0.455933 -9.182000 2.336000 -1.538000 29.800000
0.087402 -0.886719 -0.387207 -172.607422 192.199707 2.990723 -14.694214 -4.564819 -2.779541 -9.307000 2.182000 -1.457000 29.900000
0.037598 -0.698730 -0.658203 -219.482422 42.419434 86.303711 -36.194458 -2.136841 -12.062988 -9.116000 2.514000 -1.213000 29.850000
-0.077637 -0.450684 -0.834473 32.470703 -6.164551 -5.126953 -50.394287 1.873169 -17.407837 -8.692000 3.006000 -0.354000 29.850000
-0.041504 -0.351074 -0.882812 -185.363770 -7.873535 21.972656 -62.572632 3.817749 -16.221313 -8.153000 2.655000 1.652000 29.800000
-0.032227 -0.573730 -0.806641 26.855469 3.234863 -1.770020 -63.649292 3.878174 -16.408081 -8.354000 2.859000 1.143000 29.780000
-0.034668 -0.531250 -0.824707 -4.150391 -0.305176 0.427246 -64.220581 3.894653 -16.276245 -8.262000 2.842000 1.127000 29.840000
-0.021973 -0.581055 -0.823730 3.662109 0.610352 0.732422 -64.412842 3.828735 -16.171875 -8.248000 2.831000 1.103000 29.900000
-0.032227 -0.553711 -0.815430 2.380371 0.427246 0.000000 -64.692993 3.801270 -16.072998 -8.248000 2.837000 1.095000 29.790000
-0.037109 -0.534180 -0.815430 2.075195 3.540039 1.770020 -64.594116 3.702393 -16.029053 -8.240000 2.833000 1.095000 29.700000
0.002930 -0.651367 -0.733887 8.789062 2.929688 -2.380371 -59.359131 2.537842 -16.182861 -8.544000 2.923000 0.758000 29.700000
0.005859 -0.647461 -0.738770 2.807617 1.159668 -0.671387 -58.112183 1.757812 -16.270752 -8.635000 2.993000 0.713000 29.780000
-0.028320 -0.578613 -0.775391 -73.303223 -6.835938 13.305664 -58.205566 1.604004 -16.193848 -8.619000 2.964000 0.585000 29.810000
-0.002930 -0.614258 -0.782227 4.821777 0.305176 1.159668 -61.512451 2.263184 -16.287231 -8.644000 2.968000 0.662000 29.880000
-0.010254 -0.576172 -0.795898 5.187988 0.488281 0.000000 -62.501221 2.438965 -16.386108 -8.519000 2.934000 0.912000 29.710000
-0.005859 -0.668457 -0.694824 71.166992 -2.563477 -35.766602 -53.778076 1.120605 -14.842529 -8.575000 3.029000 0.303000 29.810000
0.187500 -0.907715 0.215332 470.031738 78.491211 22.277832 -16.375122 -6.196289 -19.489746 -8.914000 2.504000 -1.858000 29.850000
0.161621 -0.971191 0.049316 16.174316 -0.244141 5.126953 -10.821533 -7.064209 -17.254028 -9.106000 2.014000 -3.092000 29.800000
0.151367 -0.958984 0.050781 5.676270 1.037598 1.281738 -10.991821 -6.784058 -17.045288 -9.145000 1.930000 -3.216000 29.760000
0.156250 -0.958008 0.058594 5.493164 0.305176 -1.098633 -10.761108 -6.943359 -16.880493 -9.139000 1.896000 -3.216000 29.700000
0.154297 -0.959473 0.049805 0.183105 0.305176 -0.671387 -11.442261 -6.871948 -16.435547 -9.150000 1.925000 -3.243000 29.770000
0.156250 -0.943359 0.067871 9.643555 1.525879 -1.708984 -10.969849 -6.926880 -16.353149 -9.158000 1.891000 -3.222000 29.800000
0.157227 -0.958984 0.062988 4.943848 0.732422 -0.244141 -10.371094 -7.020264 -16.276245 -9.170000 1.870000 -3.194000 29.850000
0.155762 -1.022461 0.046875 50.231934 8.300781 -12.451172 -9.898682 -7.108154 -16.204834 -9.167000 1.861000 -3.162000 29.840000
0.158691 -0.964355 0.042480 -6.042480 -2.502441 -1.220703 -8.278198 -7.316895 -16.281738 -9.170000 1.817000 -3.211000 29.790000
0.188477 -0.959961 0.051758 -5.981445 -1.098633 3.967285 -12.249756 -7.124634 -14.946899 -9.144000 1.960000 -2.905000 29.800000
0.154785 -0.983887 -0.032715 3.417969 -30.822754 -1.953125 -12.711182 -7.009277 -13.645020 -9.117000 1.980000 -2.940000 29.810000
0.084473 -0.897949 -0.266602 -51.635742 -12.084961 -0.976562 -14.990845 -7.025757 -11.200562 -9.077000 2.058000 -2.691000 29.910000
-0.019043 -0.797363 -0.610840 -217.712402 -35.827637 77.392578 -30.701294 -3.306885 -11.074219 -8.992000 2.517000 -1.927000 29.730000
-0.110840 -0.585449 -0.742188 -155.456543 -27.282715 46.447754 -49.762573 3.444214 -11.848755 -8.581000 3.133000 -0.413000 29.740000
0.055176 -1.037598 -0.395508 -12.573242 9.521484 15.747070 -34.898071 -5.289917 -9.157104 -8.423000 2.929000 1.035000 29.770000
0.158691 -0.922363 -0.311035 171.997070 -7.751465 4.882812 -29.904785 -6.267700 -9.338379 -8.996000 2.672000 -0.702000 29.870000
0.133301 -1.002930 -0.013672 14.648438 7.080078 -49.560547 -14.007568 -5.872192 -9.887695 -9.034000 2.540000 -1.330000 29.800000
0.170410 -0.946777 -0.009766 29.418945 5.981445 -0.488281 -13.260498 -8.124390 -9.937134 -9.107000 2.274000 -2.404000 29.820000
0.158691 -0.972656 -0.024902 -9.094238 -3.356934 3.967285 -13.798828 -7.487183 -9.591064 -9.037000 2.042000 -2.642000 29.790000
0.131836 -0.964844 -0.034668 0.549316 -0.976562 2.868652 -14.688721 -6.130371 -8.948364 -9.067000 2.137000 -2.722000 29.760000
0.119629 -0.973145 -0.030762 17.639160 1.953125 -6.530762 -14.661255 -6.097412 -8.613281 -9.088000 2.180000 -2.721000 29.810000
0.105957 -0.947754 -0.195801 -11.474609 -0.915527 13.061523 -14.738159 -5.240479 -8.646240 -9.131000 2.235000 -2.706000 29.870000
0.061035 -0.649902 -0.625000 -204.833984 -5.554199 38.146973 -25.186157 -3.350830 -9.129639 -8.904000 2.554000 -2.281000 29.790000
0.052734 -0.620605 -0.766602 -306.640625 27.282715 16.845703 -53.640747 -0.769043 -12.612305 -8.666000 3.032000 -0.758000 29.860000
0.050293 -0.649414 -0.738770 -0.183105 -2.075195 0.488281 -58.474731 -0.988770 -12.310181 -8.559000 3.021000 0.445000 29.930000
0.049316 -0.641602 -0.742188 7.934570 1.281738 -2.197266 -58.886719 -0.933838 -12.062988 -8.559000 3.063000 0.324000 29.710000
0.050781 -0.637695 -0.739746 -2.319336 -1.831055 0.915527 -58.859253 -1.032715 -11.821289 -8.572000 3.039000 0.379000 29.900000
0.052246 -0.645996 -0.734863 8.056641 -1.098633 -1.647949 -58.546143 -1.016235 -11.535645 -8.566000 3.047000 0.171000 29.880000
0.042969 -0.645020 -0.723145 54.199219 0.000000 -9.460449 -57.062988 -0.972290 -10.980835 -8.556000 3.054000 0.057000 29.810000
0.094238 -0.959473 -0.117676 -14.709473 -1.037598 -8.117676 -21.071777 -3.361816 -7.322388 -8.758000 2.695000 -2.048000 29.870000
0.080566 -0.956543 -0.156250 -13.427734 -0.854492 3.479004 -21.126709 -3.839722 -8.399048 -8.765000 2.569000 -2.371000 29.810000
0.077148 -0.963379 -0.151855 0.183105 -0.915527 2.990723 -22.044067 -3.065186 -8.047485 -8.797000 2.626000 -2.453000 29.850000
0.086914 -0.983887 -0.166504 -9.765625 -4.333496 2.990723 -22.659302 -2.768555 -7.465210 -8.803000 2.664000 -2.313000 29.920000
-0.020020 -0.961914 -0.195801 -19.409180 -5.249023 5.249023 -24.373169 -2.290649 -5.646973 -8.789000 2.712000 -2.191000 29.940000
0.095703 -0.995117 -0.128906 -48.583984 -30.578613 32.714844 -31.135254 -3.120117 -9.113159 -8.945000 2.662000 -2.033000 29.950000
0.108398 -0.926270 -0.274902 41.503906 -93.078613 -10.253906 -29.915771 -2.224731 -3.795776 -8.907000 2.807000 -1.933000 29.940000
0.041992 -0.938965 -0.260742 11.657715 -16.601562 6.958008 -27.163696 -1.076660 0.335083 -8.790000 2.846000 -1.555000 30.000000
0.063965 -0.942871 -0.241211 17.578125 -15.808105 1.770020 -26.542969 -0.999756 1.862183 -9.049000 2.802000 -1.421000 29.970000
-0.163086 -0.398438 -0.694824 -225.708008 83.190918 -9.582520 -47.175293 0.455933 -6.031494 -9.166000 2.798000 -1.480000 29.920000
-0.106445 -0.573242 -0.798340 114.013672 -3.051758 55.236816 -43.220215 0.472412 -6.663208 -8.668000 3.091000 -0.782000 29.980000
0.038086 -0.951660 -0.262695 31.494141 33.508301 14.465332 -28.894043 -3.059692 -7.926636 -8.660000 3.000000 -1.669000 29.980000
0.010742 -0.983398 -0.154785 116.149902 -170.410156 -50.964355 -26.488037 1.109619 -6.767578 -8.624000 3.024000 -1.902000 30.080000
0.130859 -0.920898 0.229980 281.555176 2.929688 -34.606934 -20.615845 0.703125 -0.120850 -8.695000 2.954000 -2.002000 30.030000
0.075684 -0.784668 0.549316 138.305664 47.058105 -1.342773 -2.691650 -1.126099 5.245972 -8.973000 2.480000 -2.264000 30.110000
0.244629 -0.775391 0.710938 140.686035 -77.209473 -20.324707 20.720215 -2.609253 3.944092 -9.025000 1.413000 -3.425000 30.090000
0.302246 -0.381836 0.902832 -35.888672 -96.496582 14.282227 50.289917 -15.353394 4.729614 -9.585000 -1.124000 -3.437000 30.140000
0.402344 -0.422363 0.810059 -39.184570 -40.039062 -18.859863 46.488647 -22.022095 7.294922 -9.804000 -1.170000 -2.778000 30.050000
0.601074 -0.468262 0.656250 -67.871094 -85.632324 -60.058594 36.925049 -29.393921 7.426758 -10.076000 -1.312000 -2.172000 30.150000
0.511230 -0.655762 0.536133 -36.315918 1.403809 3.967285 23.933716 -28.328247 4.581299 -10.186000 -1.214000 -2.408000 30.240000
0.532227 -0.622070 0.522461 28.930664 -9.826660 7.019043 25.142212 -29.009399 6.245728 -10.177000 -1.152000 -2.185000 30.170000
0.552246 -0.477539 0.664062 133.544922 -43.518066 -1.159668 30.003662 -29.926758 8.530884 -10.129000 -1.199000 -2.067000 30.180000
0.615234 -0.293945 0.706055 130.004883 -59.814453 -14.770508 41.396484 -32.420654 10.415039 -10.102000 -1.411000 -1.777000 30.310000
0.716309 -0.128906 0.700684 54.931641 -21.850586 -9.216309 52.635498 -36.134033 13.474731 -10.078000 -1.503000 -1.176000 30.330000
0.695801 -0.112793 0.701172 18.676758 10.375977 -7.141113 60.545654 -40.127563 13.716431 -10.115000 -1.631000 -0.624000 30.440000
0.680664 -0.080566 0.718262 -1.831055 5.187988 2.197266 64.599609 -40.825195 12.832031 -10.123000 -1.685000 -0.425000 30.410000
0.637207 -0.213379 0.739746 -247.497559 30.395508 -10.192871 49.482422 -35.271606 8.635254 -10.132000 -1.861000 -1.169000 30.590000
0.573730 -0.459961 0.559570 -124.572754 25.451660 55.053711 33.645630 -34.140015 7.783813 -10.160000 -1.709000 -1.722000 30.670000
0.476074 -0.601562 0.500488 -102.355957 47.607422 36.682129 23.790894 -28.443604 8.382568 -10.207000 -1.154000 -2.152000 30.800000
0.233398 -0.496094 0.209961 -98.449707 92.712402 -20.629883 12.799072 -21.258545 5.625000 -9.922000 -0.389000 -2.663000 30.740000
0.014160 -1.244141 -0.077148 -161.132812 -94.116211 88.500977 4.218750 -22.192383 2.301636 -9.588000 -0.027000 -2.984000 30.800000
0.049316 -0.996582 -0.372559 155.700684 8.972168 -20.996094 -36.183472 1.625977 9.700928 -8.554000 2.878000 -0.341000 30.930000
0.004395 -0.838379 -0.512207 -40.527344 -8.300781 -0.671387 -35.200195 1.032715 9.832764 -8.505000 2.942000 -0.282000 30.820000
0.002930 -0.827148 -0.522461 11.657715 1.159668 -0.915527 -37.293091 0.851440 10.766602 -8.470000 2.913000 -0.309000 30.890000
0.001953 -0.811035 -0.529785 2.807617 0.305176 -0.244141 -37.946777 0.812988 11.475220 -8.512000 2.912000 -0.132000 30.930000
0.003418 -0.816895 -0.527832 -1.525879 0.244141 0.000000 -38.397217 0.802002 12.073975 -8.612000 2.891000 -0.186000 30.850000
0.003418 -0.822266 -0.527344 -0.061035 0.427246 0.000000 -39.572754 0.840454 13.656006 -8.689000 2.892000 -0.020000 30.930000
0.002930 -0.822266 -0.528809 -0.244141 0.549316 0.122070 -39.957275 0.862427 14.100952 -8.701000 2.892000 -0.085000 30.950000
0.003906 -0.818848 -0.530273 -0.183105 0.305176 0.000000 -40.325317 0.889893 14.540405 -8.630000 2.899000 -0.064000 30.890000
0.003906 -0.818848 -0.531250 -0.671387 0.305176 0.000000 -40.660400 0.911865 14.946899 -8.898000 2.890000 -0.037000 31.000000
0.003418 -0.818359 -0.532715 0.000000 0.305176 0.000000 -40.984497 0.933838 15.336914 -8.674000 2.863000 -0.028000 31.020000
0.003906 -0.816895 -0.536133 -0.549316 0.244141 0.000000 -41.577759 0.972290 16.040039 -8.717000 2.877000 -0.032000 30.950000
0.003418 -0.816406 -0.537598 -0.854492 0.305176 0.000000 -41.846924 0.999756 16.364136 -8.689000 2.882000 -0.045000 30.850000
0.003906 -0.815918 -0.536621 -0.427246 0.305176 0.000000 -42.105103 1.021729 16.666260 -8.642000 2.860000 -0.036000 30.930000
0.003906 -0.815430 -0.537598 -0.366211 0.244141 0.000000 -42.352295 1.043701 16.946411 -8.708000 2.896000 -0.043000 30.840000
0.004395 -0.814941 -0.538574 -0.183105 0.244141 0.000000 -42.577515 1.060181 17.204590 -8.792000 2.898000 -0.057000 30.940000
0.004395 -0.813965 -0.541016 -0.244141 0.366211 0.000000 -43.258667 1.115112 17.891235 -8.721000 2.860000 -0.063000 30.990000
0.004395 -0.812500 -0.541016 -0.061035 0.366211 0.000000 -43.445435 1.131592 18.094482 -8.843000 2.865000 -0.056000 30.950000
0.004395 -0.812012 -0.542480 0.000000 0.244141 0.000000 -43.621216 1.153564 18.286743 -8.610000 2.876000 -0.066000 30.880000
0.005371 -0.812012 -0.542480 -0.061035 0.305176 0.000000 -43.802490 1.170044 18.462524 -8.705000 2.879000 -0.068000 30.890000
0.004395 -0.810547 -0.542969 -0.061035 0.305176 0.000000 -43.972778 1.181030 18.627319 -8.824000 2.878000 -0.070000 30.850000
0.003906 -0.810547 -0.545410 -0.122070 0.305176 0.000000 -44.296875 1.213989 18.929443 -8.842000 2.896000 -0.076000 30.920000
0.004883 -0.810059 -0.545898 -0.427246 0.183105 0.000000 -44.428711 1.224976 19.061279 -8.804000 2.906000 -0.073000 30.870000
0.004883 -0.809570 -0.546875 -0.183105 0.244141 0.000000 -44.560547 1.241455 19.193115 -8.624000 2.885000 -0.080000 30.850000
0.004395 -0.808105 -0.546875 -0.793457 0.183105 0.000000 -44.692383 1.257935 19.313965 -8.766000 2.901000 -0.082000 30.850000
0.005371 -0.808105 -0.548340 -0.549316 0.244141 0.000000 -44.813232 1.268921 19.423828 -8.840000 2.879000 -0.077000 30.890000
0.004395 -0.807617 -0.548828 -0.122070 0.244141 0.000000 -45.153809 1.301880 19.709473 -8.819000 2.888000 -0.100000 30.890000
0.004883 -0.808105 -0.548340 0.000000 0.305176 0.000000 -45.258179 1.307373 19.780884 -8.535000 2.907000 -0.089000 30.920000
0.004883 -0.807617 -0.550293 -0.488281 0.305176 0.000000 -45.362549 1.312866 19.852295 -8.593000 2.862000 -0.100000 30.880000
0.004395 -0.805176 -0.550781 -0.305176 0.244141 0.000000 -45.466919 1.318359 19.918213 -8.540000 2.873000 -0.092000 30.950000
0.004883 -0.805664 -0.551270 -0.366211 0.366211 0.000000 -45.560303 1.329346 19.984131 -8.639000 2.883000 -0.095000 30.880000
0.004883 -0.805664 -0.553223 -0.366211 0.305176 0.000000 -45.747070 1.340332 20.093994 -8.645000 2.894000 -0.106000 30.890000
0.005371 -0.803223 -0.553223 0.000000 0.427246 0.000000 -45.829468 1.351318 20.148926 -8.654000 2.874000 -0.116000 30.850000
0.004883 -0.804199 -0.553711 -0.366211 0.305176 0.000000 -45.900879 1.351318 20.187378 -8.508000 2.870000 -0.119000 30.770000
0.005371 -0.804199 -0.554688 -0.488281 0.244141 0.000000 -45.972290 1.356812 20.225830 -8.721000 2.878000 -0.099000 30.780000
0.004395 -0.802734 -0.555664 -0.244141 0.305176 0.000000 -46.049194 1.356812 20.258789 -8.670000 2.894000 -0.100000 30.790000
0.003906 -0.802246 -0.556641 -0.305176 0.244141 0.000000 -46.263428 1.373291 20.352173 -8.571000 2.853000 -0.109000 30.740000
0.004395 -0.802246 -0.557129 -0.244141 0.244141 0.000000 -46.329346 1.378784 20.379639 -8.661000 2.880000 -0.117000 30.700000
0.004883 -0.801758 -0.557129 -0.244141 0.244141 0.000000 -46.389771 1.384277 20.401611 -8.608000 2.896000 -0.121000 30.770000
0.005371 -0.802246 -0.557617 -0.244141 0.244141 0.000000 -46.455688 1.389771 20.423584 -8.703000 2.900000 -0.106000 30.740000
0.005371 -0.801758 -0.557617 -0.183105 0.244141 0.000000 -46.510620 1.395264 20.445557 -8.553000 2.888000 -0.125000 30.780000
0.005859 -0.800293 -0.559570 -0.488281 0.244141 0.000000 -46.631470 1.400757 20.473022 -8.506000 2.903000 -0.132000 30.870000
0.005371 -0.799805 -0.560547 -0.366211 0.244141 0.000000 -46.691895 1.400757 20.478516 -8.545000 2.875000 -0.131000 30.770000
0.004883 -0.799316 -0.561035 -0.488281 0.183105 0.000000 -46.746826 1.400757 20.489502 -8.617000 2.874000 -0.128000 30.780000
0.005371 -0.799805 -0.561035 -0.305176 0.305176 0.000000 -46.796265 1.406250 20.500488 -8.701000 2.878000 -0.141000 30.720000
0.005371 -0.799805 -0.561523 -0.244141 0.244141 0.000000 -46.834717 1.406250 20.505981 -8.658000 2.894000 -0.127000 30.750000
0.004395 -0.799805 -0.562500 0.305176 0.244141 0.000000 -46.983032 1.417236 20.516968 -8.541000 2.856000 -0.138000 30.810000
0.005371 -0.798340 -0.562988 0.427246 0.183105 0.000000 -47.032471 1.422729 20.522461 -8.477000 2.855000 -0.130000 30.730000
0.004883 -0.797852 -0.563477 0.305176 0.244141 0.000000 -47.076416 1.422729 20.522461 -8.567000 2.862000 -0.139000 30.770000
0.005371 -0.796387 -0.563477 0.366211 0.244141 0.000000 -47.120361 1.428223 20.522461 -8.600000 2.859000 -0.153000 30.780000
0.005371 -0.796875 -0.563477 -0.427246 0.305176 0.000000 -47.158813 1.428223 20.522461 -8.573000 2.862000 -0.154000 30.780000
0.005859 -0.796387 -0.565918 -0.976562 0.244141 0.000000 -47.274170 1.428223 20.505981 -8.523000 2.891000 -0.157000 30.680000
0.004883 -0.796387 -0.565918 -0.732422 0.183105 0.000000 -47.312622 1.428223 20.500488 -8.566000 2.901000 -0.153000 30.740000
0.005859 -0.795898 -0.566895 -0.305176 0.366211 0.000000 -47.345581 1.428223 20.494995 -8.490000 2.873000 -0.154000 30.720000
0.004883 -0.795410 -0.566895 -0.305176 0.305176 0.000000 -47.378540 1.428223 20.484009 -8.695000 2.888000 -0.158000 30.720000
0.005371 -0.794922 -0.568359 -0.488281 0.366211 0.000000 -47.422485 1.417236 20.462036 -8.501000 2.874000 -0.157000 30.630000
0.005371 -0.792969 -0.569336 0.122070 0.305176 0.000000 -47.587280 1.406250 20.407104 -8.467000 2.846000 -0.166000 30.630000
0.004883 -0.793945 -0.569336 -0.183105 0.305176 0.000000 -47.631226 1.400757 20.390625 -8.518000 2.864000 -0.166000 30.780000
0.005371 -0.792969 -0.569824 0.000000 0.305176 0.000000 -47.680664 1.395264 20.368652 -8.657000 2.857000 -0.167000 30.630000
0.004883 -0.792480 -0.570801 -0.366211 0.366211 0.000000 -47.735596 1.395264 20.346680 -8.492000 2.869000 -0.186000 30.700000
0.005371 -0.791992 -0.571777 -0.061035 0.244141 0.000000 -47.790527 1.395264 20.335693 -8.547000 2.884000 -0.181000 30.700000
0.005371 -0.791504 -0.573730 0.000000 0.244141 0.000000 -47.867432 1.400757 20.308228 -8.642000 2.885000 -0.171000 30.670000
0.004395 -0.789551 -0.573730 0.000000 0.305176 0.000000 -47.900391 1.400757 20.297241 -8.539000 2.870000 -0.177000 30.670000
0.005859 -0.790039 -0.573730 -0.061035 0.244141 0.000000 -47.933350 1.406250 20.280762 -8.492000 2.887000 -0.173000 30.610000
0.005859 -0.790527 -0.574707 -0.061035 0.244141 0.000000 -47.966309 1.406250 20.269775 -8.481000 2.880000 -0.178000 30.660000
0.004883 -0.790039 -0.574707 0.000000 0.305176 0.000000 -47.993774 1.406250 20.253296 -8.582000 2.868000 -0.180000 30.650000
0.004883 -0.789551 -0.575195 -0.061035 0.244141 0.000000 -48.059692 1.411743 20.220337 -8.557000 2.900000 -0.182000 30.710000
0.005371 -0.789062 -0.575684 -0.122070 0.244141 0.000000 -48.087158 1.417236 20.209351 -8.478000 2.896000 -0.188000 30.670000
0.004883 -0.789062 -0.576172 -0.183105 0.244141 0.000000 -48.114624 1.417236 20.192871 -8.482000 2.865000 -0.184000 30.670000
0.005859 -0.788574 -0.576660 -0.427246 0.244141 0.000000 -48.142090 1.417236 20.176392 -8.492000 2.863000 -0.177000 30.690000
0.005859 -0.788574 -0.576172 -0.244141 0.244141 0.000000 -48.169556 1.417236 20.159912 -8.483000 2.877000 -0.197000 30.670000
0.005371 -0.787109 -0.578125 -0.061035 0.244141 0.000000 -48.257446 1.422729 20.110474 -8.466000 2.863000 -0.192000 30.700000
0.004883 -0.787109 -0.578125 -0.122070 0.244141 0.000000 -48.279419 1.422729 20.099487 -8.477000 2.883000 -0.202000 30.600000
0.005371 -0.786621 -0.578613 0.000000 0.305176 0.000000 -48.306885 1.422729 20.083008 -8.471000 2.876000 -0.203000 30.590000
0.005371 -0.786621 -0.579102 0.305176 0.244141 0.000000 -48.334351 1.422729 20.066528 -8.503000 2.871000 -0.197000 30.630000
0.004883 -0.785645 -0.579102 0.122070 0.244141 0.000000 -48.367310 1.422729 20.050049 -8.470000 2.902000 -0.194000 30.660000
0.005371 -0.786621 -0.579590 0.000000 0.305176 0.000000 -48.449707 1.422729 19.989624 -8.486000 2.901000 -0.192000 30.640000
0.005371 -0.785156 -0.580566 -0.183105 0.244141 0.000000 -48.471680 1.417236 19.967651 -8.481000 2.884000 -0.199000 30.510000
0.004883 -0.785645 -0.581055 -0.305176 0.244141 0.000000 -48.504639 1.417236 19.951172 -8.487000 2.870000 -0.190000 30.600000
0.004883 -0.784180 -0.581543 -0.610352 0.244141 0.000000 -48.532104 1.417236 19.929199 -8.488000 2.854000 -0.207000 30.670000
0.005371 -0.784180 -0.581543 -0.427246 0.244141 0.000000 -48.559570 1.417236 19.907227 -8.562000 2.854000 -0.216000 30.680000
0.005371 -0.783691 -0.583008 0.000000 0.305176 0.000000 -48.619995 1.411743 19.863281 -8.476000 2.858000 -0.207000 30.670000
0.005371 -0.782715 -0.583496 -0.244141 0.305176 0.000000 -48.658447 1.411743 19.841309 -8.492000 2.872000 -0.216000 30.670000
0.005859 -0.783203 -0.583984 -0.305176 0.366211 0.000000 -48.685913 1.406250 19.819336 -8.468000 2.878000 -0.215000 30.510000
0.004395 -0.784180 -0.585449 -0.976562 0.488281 0.244141 -48.729858 1.406250 19.764404 -8.460000 2.872000 -0.224000 30.580000
0.004883 -0.775879 -0.591309 -4.882812 1.342773 0.793457 -48.856201 1.411743 19.698486 -8.502000 2.853000 -0.211000 30.660000
0.004883 -0.775879 -0.592773 0.000000 0.366211 0.061035 -49.328613 1.439209 19.506226 -8.493000 2.869000 -0.239000 30.580000
0.005859 -0.775879 -0.593750 -0.244141 0.366211 0.000000 -49.367065 1.444702 19.484253 -8.534000 2.863000 -0.233000 30.500000
0.005371 -0.775391 -0.594727 -0.366211 0.305176 0.061035 -49.400024 1.444702 19.462280 -8.473000 2.875000 -0.156000 30.590000
0.005371 -0.775879 -0.594238 -0.610352 0.244141 0.000000 -49.432983 1.450195 19.434814 -8.477000 2.851000 -0.221000 30.580000
0.005371 -0.775391 -0.595215 -0.488281 0.244141 0.000000 -49.460449 1.450195 19.418335 -8.471000 2.876000 -0.205000 30.590000
0.004883 -0.771484 -0.598145 -0.061035 0.244141 0.000000 -49.515381 1.444702 19.379883 -8.472000 2.873000 -0.022000 30.550000
0.005859 -0.772949 -0.599609 -1.464844 0.915527 0.488281 -49.674683 1.444702 19.330444 -8.476000 2.856000 0.033000 30.550000
0.005371 -0.771973 -0.600586 -1.342773 0.366211 0.183105 -49.822998 1.450195 19.259033 -8.496000 2.860000 0.206000 30.600000
0.005859 -0.770020 -0.602051 0.061035 0.305176 0.122070 -49.877930 1.455688 19.220581 -8.484000 2.871000 -0.001000 30.530000
0.005859 -0.770020 -0.602539 0.488281 0.305176 0.061035 -49.916382 1.461182 19.193115 -8.577000 2.856000 0.183000 30.560000
0.004883 -0.769043 -0.603027 -0.122070 0.244141 0.000000 -50.026245 1.472168 19.132690 -8.473000 2.868000 0.203000 30.540000
0.005859 -0.769531 -0.604492 0.000000 0.305176 0.000000 -50.048218 1.466675 19.110718 -8.483000 2.873000 0.128000 30.560000
0.004883 -0.768555 -0.603516 -0.244141 0.183105 0.000000 -50.075684 1.466675 19.088745 -8.474000 2.864000 0.219000 30.700000
0.004883 -0.769043 -0.603516 -0.061035 0.244141 0.000000 -50.103149 1.461182 19.072266 -8.572000 2.872000 0.217000 30.450000
0.005371 -0.768555 -0.604004 0.366211 0.244141 0.000000 -50.136108 1.461182 19.050293 -8.520000 2.873000 0.230000 30.530000
0.005371 -0.768555 -0.605469 0.183105 0.244141 0.000000 -50.196533 1.461182 19.011841 -8.487000 2.845000 0.226000 30.480000
0.004883 -0.768555 -0.605957 0.183105 0.244141 0.000000 -50.218506 1.461182 18.995361 -8.477000 2.871000 0.172000 30.530000
0.005371 -0.768066 -0.604980 -0.122070 0.244141 0.000000 -50.240479 1.461182 18.978882 -8.477000 2.901000 0.222000 30.560000
0.004883 -0.769043 -0.605957 -0.122070 0.183105 0.000000 -50.262451 1.461182 18.962402 -8.481000 2.893000 0.217000 30.480000
0.005371 -0.769043 -0.605469 0.122070 0.183105 0.000000 -50.273438 1.461182 18.940430 -8.561000 2.872000 0.225000 30.590000
