0.125488 0.042480 -0.987793 0.000000 0.000000 0.000000 -28.311768 1.400757 147.744141 0.878000 -0.610000 2.188000 31.750000
0.125488 0.042480 -0.987305 0.000000 0.000000 0.000000 -28.306274 1.400757 147.744141 0.877000 -0.605000 2.222000 31.720000
0.125000 0.042480 -0.987305 0.000000 0.000000 0.000000 -28.300781 1.400757 147.744141 0.887000 -0.602000 2.258000 31.730000
0.125488 0.042480 -0.988281 0.000000 0.000000 0.000000 -28.295288 1.400757 147.744141 0.894000 -0.583000 2.257000 31.690000
0.124023 0.043457 -0.987305 0.000000 0.000000 0.000000 -28.289795 1.406250 147.744141 0.879000 -0.616000 2.265000 31.720000
0.125000 0.042480 -0.987305 0.000000 0.000000 0.000000 -28.284302 1.406250 147.744141 0.878000 -0.576000 2.219000 31.690000
0.125000 0.041992 -0.987305 0.000000 0.000000 0.000000 -28.273315 1.411743 147.744141 0.886000 -0.598000 2.413000 31.710000
0.125000 0.041992 -0.988281 0.000000 0.000000 0.000000 -28.267822 1.411743 147.744141 0.886000 -0.615000 2.321000 31.740000
0.124512 0.042969 -0.987305 0.000000 0.000000 0.000000 -28.267822 1.411743 147.744141 0.877000 -0.581000 2.097000 31.750000
0.125488 0.042969 -0.986816 0.000000 0.000000 0.000000 -28.262329 1.411743 147.744141 0.876000 -0.594000 2.338000 31.720000
0.125488 0.041504 -0.987305 0.000000 0.000000 0.000000 -28.262329 1.411743 147.744141 0.884000 -0.593000 2.191000 31.740000
0.125000 0.041016 -0.987305 0.000000 0.000000 0.000000 -28.256836 1.411743 147.744141 0.887000 -0.592000 2.259000 31.730000
0.124512 0.041992 -0.987305 0.000000 0.000000 0.000000 -28.251343 1.417236 147.744141 0.878000 -0.608000 2.248000 31.730000
0.125000 0.041504 -0.987793 0.000000 0.000000 0.000000 -28.251343 1.417236 147.744141 0.881000 -0.584000 2.082000 31.740000
0.125000 0.042480 -0.986816 0.000000 0.000000 0.000000 -28.245850 1.417236 147.744141 0.881000 -0.607000 2.177000 31.690000
0.124023 0.039062 -0.986816 0.000000 0.000000 0.000000 -28.245850 1.417236 147.744141 0.879000 -0.602000 2.335000 31.690000
0.125488 0.041992 -0.987305 0.000000 0.000000 0.000000 -28.234863 1.422729 147.744141 0.889000 -0.585000 2.065000 31.700000
0.125488 0.041016 -0.987305 0.000000 0.000000 0.000000 -28.234863 1.422729 147.744141 0.879000 -0.594000 2.126000 31.710000
0.125000 0.042480 -0.986816 0.000000 0.000000 0.000000 -28.234863 1.422729 147.744141 0.887000 -0.575000 2.112000 31.710000
0.125000 0.041504 -0.987793 0.000000 0.000000 0.000000 -28.229370 1.422729 147.744141 0.877000 -0.603000 2.129000 31.670000
0.124512 0.042969 -0.987793 0.000000 0.000000 0.000000 -28.229370 1.422729 147.744141 0.884000 -0.571000 2.311000 31.740000
0.125488 0.042969 -0.986816 0.000000 0.000000 0.000000 -28.229370 1.422729 147.744141 0.872000 -0.586000 2.130000 31.700000
0.124512 0.042969 -0.987793 0.000000 0.000000 0.000000 -28.229370 1.422729 147.744141 0.879000 -0.596000 2.254000 31.710000
0.125000 0.042480 -0.987793 0.000000 0.000000 0.000000 -28.229370 1.422729 147.744141 0.872000 -0.598000 2.321000 31.710000
0.125488 0.042480 -0.987305 0.000000 0.000000 0.000000 -28.229370 1.422729 147.744141 0.886000 -0.605000 2.177000 31.690000
0.125000 0.042969 -0.987793 0.000000 0.000000 0.000000 -28.229370 1.422729 147.744141 0.890000 -0.589000 2.080000 31.670000
0.125000 0.041992 -0.987793 0.000000 0.000000 0.000000 -28.229370 1.422729 147.744141 0.891000 -0.623000 2.088000 31.710000
0.125488 0.041992 -0.988281 0.000000 0.000000 0.000000 -28.229370 1.417236 147.744141 0.886000 -0.589000 2.208000 31.750000
0.125488 0.041504 -0.987793 0.000000 0.000000 0.000000 -28.223877 1.417236 147.744141 0.877000 -0.616000 2.188000 31.690000
0.125488 0.041992 -0.987793 0.000000 0.000000 0.000000 -28.223877 1.417236 147.744141 0.870000 -0.596000 2.288000 31.690000
0.125000 0.041992 -0.987793 0.000000 0.000000 0.000000 -28.223877 1.417236 147.744141 0.878000 -0.581000 2.404000 31.710000
0.125977 0.042480 -0.987305 0.000000 0.000000 0.000000 -28.223877 1.417236 147.744141 0.864000 -0.587000 2.144000 31.700000
0.125977 0.041992 -0.987793 0.000000 0.000000 0.000000 -28.223877 1.411743 147.744141 0.879000 -0.583000 2.348000 31.710000
0.125488 0.042969 -0.987305 0.000000 0.000000 0.000000 -28.223877 1.411743 147.744141 0.876000 -0.598000 2.295000 31.780000
0.124512 0.042969 -0.987793 0.000000 0.000000 0.000000 -28.223877 1.411743 147.744141 0.867000 -0.601000 2.238000 31.750000
0.124512 0.041992 -0.987305 0.000000 0.000000 0.000000 -28.223877 1.411743 147.744141 0.887000 -0.613000 2.224000 31.710000
0.125000 0.043945 -0.987305 0.000000 0.000000 0.000000 -28.218384 1.417236 147.744141 0.887000 -0.595000 2.315000 31.690000
0.125977 0.042480 -0.987793 0.000000 0.000000 0.000000 -28.218384 1.417236 147.744141 0.876000 -0.592000 2.095000 31.700000
0.125000 0.041992 -0.989258 0.000000 0.000000 0.000000 -28.218384 1.417236 147.744141 0.864000 -0.609000 2.218000 31.710000
0.126465 0.041504 -0.987305 0.000000 0.000000 0.000000 -28.218384 1.417236 147.744141 0.876000 -0.576000 2.197000 31.720000
0.124512 0.041992 -0.988281 0.000000 0.000000 0.000000 -28.218384 1.417236 147.744141 0.879000 -0.598000 2.075000 31.740000
0.124512 0.042480 -0.987793 0.000000 0.000000 0.000000 -28.218384 1.422729 147.744141 0.881000 -0.577000 2.071000 31.740000
0.124512 0.042480 -0.987305 0.000000 0.000000 0.000000 -28.218384 1.422729 147.744141 0.881000 -0.568000 2.274000 31.680000
0.124023 0.042480 -0.987305 0.000000 0.000000 0.000000 -28.218384 1.422729 147.744141 0.891000 -0.594000 2.182000 31.700000
0.124512 0.043457 -0.986816 0.000000 0.000000 0.000000 -28.218384 1.422729 147.744141 0.882000 -0.583000 2.130000 31.710000
0.124512 0.041992 -0.987793 0.000000 0.000000 0.000000 -28.218384 1.428223 147.744141 0.884000 -0.606000 2.121000 31.710000
0.124512 0.041992 -0.987305 0.000000 0.000000 0.000000 -28.218384 1.428223 147.744141 0.881000 -0.572000 2.232000 31.710000
0.125000 0.042480 -0.987793 0.000000 0.000000 0.000000 -28.218384 1.428223 147.744141 0.886000 -0.593000 2.179000 31.690000
0.125000 0.042969 -0.987793 0.000000 0.000000 0.000000 -28.218384 1.428223 147.744141 0.870000 -0.581000 2.236000 31.710000
0.125000 0.042969 -0.986816 0.000000 0.000000 0.000000 -28.218384 1.428223 147.744141 0.867000 -0.590000 2.094000 31.760000
0.125000 0.042480 -0.988281 0.000000 0.000000 0.000000 -28.218384 1.428223 147.744141 0.883000 -0.593000 2.478000 31.710000
0.125000 0.041992 -0.988281 0.000000 0.000000 0.000000 -28.223877 1.428223 147.744141 0.876000 -0.597000 2.106000 31.710000
0.125000 0.041992 -0.986816 0.000000 0.000000 0.000000 -28.223877 1.433716 147.744141 0.877000 -0.606000 2.109000 31.700000
0.125000 0.042969 -0.987793 0.000000 0.000000 0.000000 -28.223877 1.433716 147.744141 0.882000 -0.592000 2.315000 31.720000
0.125000 0.043457 -0.988281 0.000000 0.000000 0.000000 -28.223877 1.433716 147.744141 0.880000 -0.592000 2.199000 31.730000
0.125000 0.042969 -0.986328 0.000000 0.000000 0.000000 -28.223877 1.433716 147.744141 0.877000 -0.597000 2.219000 31.680000
0.125488 0.042969 -0.987793 0.000000 0.000000 0.000000 -28.223877 1.428223 147.744141 0.882000 -0.593000 2.304000 31.710000
0.124512 0.041992 -0.987305 0.000000 0.000000 0.000000 -28.223877 1.428223 147.744141 0.880000 -0.594000 2.403000 31.680000
0.125488 0.042480 -0.987793 0.000000 0.000000 0.000000 -28.223877 1.428223 147.744141 0.877000 -0.558000 2.291000 31.750000
0.125488 0.042480 -0.988770 0.000000 0.000000 0.000000 -28.223877 1.428223 147.744141 0.873000 -0.582000 2.124000 31.700000
0.125977 0.041504 -0.987305 0.000000 0.000000 0.000000 -28.223877 1.428223 147.744141 0.881000 -0.602000 2.137000 31.740000
