0.028809 0.315430 -0.954102 0.000000 0.000000 0.000000 -62.435303 -1.735840 70.120239 -2.854000 -0.889000 4.332000 29.450000
0.030273 0.314453 -0.953125 0.061035 -0.061035 0.000000 -62.440796 -1.735840 70.120239 -2.990000 -0.885000 4.326000 29.530000
0.029297 0.315430 -0.953125 -0.061035 0.000000 0.000000 -62.440796 -1.735840 70.120239 -3.118000 -0.869000 4.308000 29.500000
0.029785 0.314941 -0.953125 0.000000 0.000000 0.000000 -62.440796 -1.735840 70.120239 -2.922000 -0.852000 4.293000 29.500000
0.028809 0.314941 -0.952637 0.000000 0.000000 0.000000 -62.440796 -1.735840 70.120239 -2.981000 -0.882000 4.288000 29.510000
0.029297 0.314453 -0.953613 0.000000 0.000000 0.000000 -62.440796 -1.735840 70.120239 -3.060000 -0.846000 4.288000 29.520000
0.029785 0.314453 -0.952637 0.000000 0.000000 0.000000 -62.440796 -1.735840 70.120239 -2.933000 -0.856000 4.283000 29.440000
0.030273 0.313477 -0.953125 0.000000 0.000000 0.000000 -62.440796 -1.735840 70.120239 -3.123000 -0.879000 4.283000 29.580000
0.029785 0.313965 -0.952637 0.000000 0.000000 0.000000 -62.440796 -1.735840 70.120239 -3.037000 -0.852000 4.289000 29.580000
0.029785 0.314941 -0.953125 0.000000 0.000000 0.000000 -62.440796 -1.741333 70.120239 -3.116000 -0.890000 4.296000 29.510000
0.029785 0.314941 -0.953613 0.000000 0.000000 0.000000 -62.440796 -1.741333 70.120239 -2.976000 -0.863000 4.284000 29.430000
0.030273 0.314453 -0.953613 0.000000 0.000000 0.000000 -62.440796 -1.735840 70.120239 -3.000000 -0.859000 4.275000 29.550000
0.030273 0.315430 -0.953125 0.000000 0.000000 0.000000 -62.440796 -1.735840 70.120239 -3.174000 -0.869000 4.289000 29.450000
0.030762 0.314941 -0.953613 0.000000 0.000000 0.000000 -62.440796 -1.735840 70.120239 -3.080000 -0.857000 4.272000 29.480000
0.029785 0.315430 -0.952637 0.000000 0.000000 0.000000 -62.440796 -1.735840 70.120239 -3.274000 -0.875000 4.276000 29.510000
0.029297 0.313965 -0.953125 0.000000 0.000000 0.000000 -62.440796 -1.735840 70.120239 -2.962000 -0.864000 4.279000 29.400000
0.029785 0.315430 -0.952637 0.000000 0.000000 0.000000 -62.440796 -1.735840 70.120239 -3.023000 -0.855000 4.286000 29.470000
0.029785 0.314941 -0.953125 0.000000 0.000000 0.000000 -62.440796 -1.735840 70.120239 -3.132000 -0.865000 4.281000 29.470000
0.030273 0.313965 -0.952148 0.000000 0.000000 0.000000 -62.440796 -1.735840 70.120239 -3.190000 -0.861000 4.280000 29.480000
0.029785 0.313477 -0.953613 0.000000 0.000000 0.000000 -62.440796 -1.735840 70.120239 -3.193000 -0.840000 4.276000 29.400000
0.029297 0.313477 -0.953125 0.000000 0.000000 0.000000 -62.435303 -1.735840 70.120239 -3.187000 -0.842000 4.282000 29.510000
0.029785 0.313965 -0.953613 0.000000 0.000000 0.000000 -62.435303 -1.735840 70.120239 -3.155000 -0.867000 4.284000 29.460000
0.030273 0.314941 -0.953613 0.000000 0.000000 0.000000 -62.429810 -1.735840 70.120239 -3.183000 -0.838000 4.286000 29.530000
0.029785 0.314941 -0.952148 0.000000 0.000000 0.000000 -62.429810 -1.735840 70.120239 -3.249000 -0.862000 4.281000 29.530000
0.029297 0.313965 -0.953125 0.000000 0.000000 0.000000 -62.424316 -1.735840 70.120239 -3.244000 -0.876000 4.274000 29.520000
0.030273 0.314453 -0.953125 0.000000 0.000000 0.000000 -62.424316 -1.735840 70.120239 -3.230000 -0.887000 4.283000 29.510000
0.029297 0.313965 -0.953125 0.000000 0.000000 0.000000 -62.424316 -1.735840 70.120239 -3.188000 -0.867000 4.292000 29.440000
0.030273 0.314453 -0.953613 0.000000 0.000000 0.000000 -62.424316 -1.735840 70.120239 -3.216000 -0.863000 4.288000 29.520000
0.030273 0.314941 -0.952637 0.000000 0.000000 0.000000 -62.424316 -1.735840 70.120239 -3.280000 -0.876000 4.285000 29.460000
0.029297 0.314941 -0.953125 0.000000 0.000000 0.000000 -62.424316 -1.735840 70.120239 -3.232000 -0.857000 4.290000 29.550000
0.029297 0.313965 -0.953613 0.000000 0.000000 0.000000 -62.429810 -1.735840 70.120239 -3.080000 -0.856000 4.291000 29.510000
0.030273 0.314453 -0.953125 0.000000 0.000000 0.000000 -62.429810 -1.735840 70.120239 -3.209000 -0.866000 4.285000 29.460000
0.029297 0.313965 -0.952637 0.000000 0.000000 0.000000 -62.429810 -1.730347 70.120239 -2.982000 -0.882000 4.306000 29.470000
0.029297 0.313965 -0.953125 0.000000 0.000000 0.000000 -62.429810 -1.730347 70.120239 -2.912000 -0.874000 4.290000 29.440000
0.029785 0.313477 -0.952637 0.000000 0.000000 0.000000 -62.429810 -1.730347 70.120239 -3.106000 -0.872000 4.298000 29.410000
0.030273 0.313965 -0.953125 0.000000 0.000000 0.000000 -62.429810 -1.730347 70.120239 -2.964000 -0.851000 4.292000 29.470000
0.029785 0.314941 -0.953613 0.000000 0.000000 0.000000 -62.429810 -1.730347 70.120239 -3.110000 -0.865000 4.298000 29.530000
0.029785 0.314453 -0.952637 0.000000 0.000000 0.000000 -62.429810 -1.730347 70.120239 -2.960000 -0.860000 4.313000 29.470000
0.029785 0.314453 -0.953613 0.000000 0.000000 0.000000 -62.429810 -1.730347 70.120239 -2.873000 -0.851000 4.301000 29.490000
0.028320 0.313965 -0.953125 0.000000 0.000000 0.000000 -62.429810 -1.730347 70.120239 -2.842000 -0.876000 4.312000 29.480000
0.029297 0.314453 -0.953613 0.000000 0.000000 0.000000 -62.429810 -1.730347 70.120239 -2.851000 -0.884000 4.312000 29.400000
0.029297 0.314453 -0.953125 0.000000 0.000000 0.000000 -62.429810 -1.730347 70.120239 -2.866000 -0.880000 4.318000 29.430000
0.028809 0.314941 -0.953125 0.000000 0.000000 0.000000 -62.429810 -1.730347 70.120239 -2.845000 -0.869000 4.302000 29.470000
0.030273 0.314453 -0.952637 0.000000 0.000000 0.000000 -62.429810 -1.730347 70.120239 -2.886000 -0.882000 4.311000 29.450000
0.029785 0.313477 -0.953125 0.000000 0.000000 0.000000 -62.429810 -1.730347 70.120239 -2.855000 -0.887000 4.309000 29.440000
0.030273 0.312988 -0.953125 0.000000 0.000000 0.000000 -62.429810 -1.730347 70.120239 -2.848000 -0.883000 4.307000 29.400000
0.029297 0.314941 -0.953125 0.000000 0.000000 0.000000 -62.429810 -1.730347 70.120239 -2.846000 -0.901000 4.315000 29.420000
0.029785 0.313477 -0.952637 0.000000 0.000000 0.000000 -62.429810 -1.730347 70.120239 -2.847000 -0.883000 4.305000 29.460000
0.029785 0.313965 -0.953125 0.000000 0.000000 0.000000 -62.424316 -1.735840 70.120239 -2.868000 -0.897000 4.319000 29.420000
0.030273 0.314453 -0.953613 0.000000 0.000000 0.000000 -62.424316 -1.735840 70.120239 -2.848000 -0.903000 4.306000 29.450000
0.029785 0.313965 -0.952637 0.000000 0.000000 0.000000 -62.424316 -1.735840 70.120239 -2.851000 -0.886000 4.311000 29.440000
0.028809 0.315430 -0.953125 0.000000 0.000000 0.000000 -62.424316 -1.735840 70.120239 -2.848000 -0.880000 4.303000 29.410000
0.029785 0.313965 -0.953125 0.000000 0.000000 0.000000 -62.424316 -1.735840 70.120239 -2.846000 -0.877000 4.309000 29.410000
