0.031250 0.318359 -0.952148 0.000000 0.000000 0.000000 -62.644043 -1.823730 70.757446 -0.454000 3.351000 5.251000 30.620000
0.030762 0.317871 -0.951172 0.000000 0.000000 0.000000 -62.644043 -1.823730 70.757446 -0.490000 3.364000 5.243000 30.660000
0.031738 0.318359 -0.953125 0.000000 0.000000 0.000000 -62.644043 -1.823730 70.757446 -0.479000 3.349000 5.249000 30.590000
0.031738 0.318359 -0.952148 0.000000 0.000000 0.000000 -62.644043 -1.823730 70.757446 -0.470000 3.351000 5.240000 30.600000
0.032227 0.317871 -0.952148 0.000000 0.000000 0.000000 -62.644043 -1.823730 70.757446 -0.469000 3.379000 5.235000 30.680000
0.031738 0.317383 -0.952148 0.000000 0.000000 0.000000 -62.644043 -1.823730 70.757446 -0.465000 3.357000 5.222000 30.630000
0.031250 0.318359 -0.951660 0.000000 0.000000 0.000000 -62.649536 -1.823730 70.757446 -0.472000 3.347000 5.238000 30.570000
0.030762 0.317871 -0.952637 0.000000 0.000000 0.000000 -62.644043 -1.829224 70.757446 -0.460000 3.335000 5.248000 30.670000
0.031250 0.318848 -0.952148 0.000000 0.000000 0.000000 -62.644043 -1.829224 70.757446 -0.477000 3.344000 5.239000 30.610000
0.031250 0.318359 -0.952637 0.000000 0.000000 0.000000 -62.644043 -1.829224 70.757446 -0.469000 3.344000 5.235000 30.740000
0.031738 0.318359 -0.952148 0.000000 0.000000 0.000000 -62.644043 -1.829224 70.757446 -0.466000 3.351000 5.243000 30.590000
0.031738 0.317383 -0.952148 0.000000 0.000000 0.000000 -62.644043 -1.829224 70.757446 -0.472000 3.349000 5.238000 30.650000
0.031250 0.317383 -0.952637 0.000000 0.000000 0.000000 -62.644043 -1.829224 70.757446 -0.479000 3.334000 5.235000 30.680000
0.031250 0.318359 -0.952637 0.000000 0.000000 0.000000 -62.644043 -1.829224 70.757446 -0.469000 3.339000 5.240000 30.650000
0.031738 0.317871 -0.952637 0.000000 0.000000 0.000000 -62.644043 -1.829224 70.757446 -0.480000 3.338000 5.251000 30.590000
0.031250 0.317871 -0.951660 0.000000 0.000000 0.000000 -62.644043 -1.829224 70.757446 -0.471000 3.338000 5.245000 30.520000
0.030762 0.318359 -0.951660 0.000000 0.000000 0.000000 -62.644043 -1.829224 70.757446 -0.472000 3.344000 5.241000 30.520000
0.031250 0.318359 -0.952637 0.000000 0.000000 0.000000 -62.644043 -1.829224 70.757446 -0.469000 3.354000 5.237000 30.590000
0.031250 0.318359 -0.951660 0.000000 0.000000 0.000000 -62.644043 -1.829224 70.757446 -0.476000 3.355000 5.245000 30.600000
0.031250 0.317871 -0.952148 0.000000 0.000000 0.000000 -62.644043 -1.823730 70.757446 -0.466000 3.354000 5.245000 30.680000
0.030762 0.318359 -0.952148 0.000000 0.000000 0.000000 -62.644043 -1.823730 70.757446 -0.470000 3.350000 5.240000 30.710000
0.031250 0.317871 -0.952148 0.000000 0.000000 0.000000 -62.644043 -1.823730 70.757446 -0.470000 3.367000 5.247000 30.650000
0.032227 0.318848 -0.953125 0.000000 0.000000 0.000000 -62.644043 -1.823730 70.757446 -0.482000 3.351000 5.247000 30.590000
0.031738 0.318848 -0.952148 0.000000 0.000000 0.000000 -62.644043 -1.823730 70.757446 -0.467000 3.346000 5.237000 30.480000
0.032227 0.318359 -0.952637 0.000000 0.000000 0.000000 -62.644043 -1.823730 70.757446 -0.469000 3.337000 5.252000 30.660000
0.031738 0.317383 -0.951660 0.000000 0.000000 0.000000 -62.644043 -1.823730 70.757446 -0.470000 3.341000 5.249000 30.590000
0.028809 0.312012 -0.955566 0.000000 0.000000 0.000000 -62.644043 -1.829224 70.757446 -0.490000 3.356000 5.241000 30.570000
0.030762 0.317383 -0.952637 -1.525879 0.549316 0.000000 -62.655029 -1.829224 70.757446 -0.435000 3.359000 5.244000 30.630000
0.032227 0.318359 -0.952148 0.061035 -0.122070 0.000000 -62.638550 -1.823730 70.735474 -0.471000 3.353000 5.235000 30.690000
0.033691 0.326172 -0.947754 -0.061035 0.000000 0.000000 -62.704468 -1.834717 70.735474 -0.473000 3.322000 5.235000 30.560000
0.031738 0.301270 -0.962402 -0.793457 0.061035 0.244141 -62.660522 -1.823730 70.735474 -0.469000 3.365000 5.242000 30.690000
0.030762 0.321289 -0.950684 0.000000 -0.122070 0.061035 -62.770386 -1.812744 70.460815 -0.235000 3.320000 5.234000 30.690000
0.030273 0.319824 -0.950684 4.882812 -1.525879 -0.122070 -62.583618 -1.746826 70.433350 -0.367000 3.300000 5.222000 30.660000
0.029297 0.314941 -0.954102 -1.037598 0.549316 0.122070 -62.583618 -1.752319 70.433350 -0.140000 3.337000 5.247000 30.620000
0.030762 0.317383 -0.953613 -1.403809 0.427246 0.061035 -62.720947 -1.796265 70.438843 -0.059000 3.306000 5.272000 30.620000
0.031250 0.322754 -0.949707 -0.610352 0.000000 0.000000 -62.759399 -1.801758 70.444336 -0.073000 3.245000 5.264000 30.730000
0.030762 0.317383 -0.953125 0.427246 -0.122070 0.000000 -62.731934 -1.790771 70.438843 -0.041000 3.251000 5.261000 30.680000
0.031250 0.320801 -0.951172 1.281738 -0.305176 0.000000 -62.797852 -1.796265 70.438843 -0.030000 3.271000 5.257000 30.680000
0.030762 0.319336 -0.951660 -0.427246 0.000000 0.000000 -62.775879 -1.790771 70.438843 -0.029000 3.251000 5.258000 30.530000
0.031250 0.320312 -0.950684 0.305176 -0.122070 0.000000 -62.781372 -1.785278 70.433350 -0.025000 3.248000 5.261000 30.620000
0.031250 0.320312 -0.951660 -0.244141 0.000000 0.000000 -62.781372 -1.779785 70.433350 -0.037000 3.239000 5.255000 30.590000
0.031250 0.319824 -0.950684 -0.183105 0.000000 0.000000 -62.786865 -1.774292 70.433350 -0.048000 3.252000 5.264000 30.670000
0.030273 0.319336 -0.951172 -0.549316 0.061035 0.000000 -62.814331 -1.779785 70.427856 -0.035000 3.261000 5.240000 30.550000
0.031250 0.320801 -0.950684 -0.183105 0.000000 0.000000 -62.830811 -1.785278 70.427856 -0.035000 3.239000 5.256000 30.630000
0.031250 0.320801 -0.952148 -2.319336 0.671387 0.000000 -62.918701 -1.807251 70.438843 -0.040000 3.242000 5.251000 30.560000
0.032715 0.324219 -0.950195 -1.159668 0.305176 0.000000 -63.088989 -1.862183 70.455322 -0.034000 3.175000 5.250000 30.560000
0.033203 0.326172 -0.949219 -0.366211 0.183105 0.000000 -63.171387 -1.884155 70.460815 -0.024000 3.188000 5.233000 30.610000
0.036621 0.337402 -0.946289 -3.906250 1.281738 0.000000 -63.561401 -1.988525 70.499268 -0.091000 3.125000 5.204000 30.660000
0.041504 0.351074 -0.932617 10.498047 -2.258301 -1.342773 -63.923950 -2.092896 70.537720 -0.362000 3.091000 5.182000 30.690000
0.033691 0.321289 -0.956055 6.774902 -1.098633 0.183105 -63.632812 -2.032471 70.581665 -0.378000 3.087000 5.185000 30.630000
0.036621 0.335938 -0.946777 -9.521484 2.014160 -0.061035 -63.413086 -1.999512 70.576172 -0.389000 3.118000 5.215000 30.530000
0.036133 0.331543 -0.946777 -21.850586 4.516602 -0.366211 -63.792114 -2.081909 70.603638 -0.317000 3.106000 5.194000 30.560000
0.026855 0.316895 -0.955566 22.705078 -5.676270 -1.342773 -62.484741 -1.708374 70.609131 -0.229000 3.167000 5.277000 30.630000
0.029297 0.314453 -0.954102 8.911133 -1.831055 -0.061035 -62.286987 -1.560059 70.702515 -0.129000 3.221000 5.319000 30.660000
0.023926 0.308594 -0.957031 0.793457 -0.488281 0.000000 -62.023315 -1.494141 70.686035 -0.148000 3.233000 5.349000 30.610000
0.023926 0.306152 -0.956055 1.647949 -0.488281 -0.061035 -61.880493 -1.455688 70.669556 -0.041000 3.277000 5.086000 30.730000
0.022949 0.303711 -0.956543 0.122070 0.000000 0.000000 -61.792603 -1.422729 70.664062 -0.028000 3.302000 4.939000 30.660000
0.023438 0.305664 -0.957031 -0.671387 0.244141 0.000000 -61.875000 -1.439209 70.664062 -0.128000 3.295000 4.910000 30.690000
0.023438 0.306152 -0.956543 0.000000 0.000000 0.000000 -61.902466 -1.439209 70.669556 -0.033000 3.290000 4.998000 30.650000
0.023926 0.304688 -0.956055 0.061035 0.000000 0.000000 -61.896973 -1.439209 70.669556 -0.015000 3.302000 5.102000 30.720000
0.023438 0.304688 -0.955566 -0.122070 0.000000 0.000000 -61.896973 -1.433716 70.664062 -0.049000 3.269000 5.084000 30.750000
0.023438 0.306641 -0.956543 0.000000 0.000000 0.000000 -61.891479 -1.428223 70.664062 -0.025000 3.273000 5.015000 30.670000
0.023926 0.306641 -0.956055 -0.427246 0.000000 0.000000 -61.946411 -1.417236 70.664062 -0.206000 3.282000 4.965000 30.640000
0.023926 0.305176 -0.956543 0.000000 0.000000 0.000000 -61.935425 -1.406250 70.658569 -0.295000 3.263000 5.064000 30.670000
0.024414 0.306152 -0.956055 0.000000 -0.061035 0.000000 -61.957397 -1.406250 70.658569 -0.095000 3.265000 4.996000 30.640000
0.024414 0.306641 -0.956055 0.000000 -0.061035 0.000000 -61.973877 -1.406250 70.658569 -0.120000 3.251000 5.224000 30.700000
0.024414 0.309082 -0.954590 -0.244141 0.000000 0.000000 -61.984863 -1.400757 70.658569 -0.025000 3.284000 4.933000 30.690000
0.024414 0.306152 -0.955078 1.220703 -0.244141 0.000000 -61.990356 -1.395264 70.653076 -0.219000 3.261000 5.288000 30.700000
0.024414 0.306641 -0.955566 0.305176 -0.061035 0.000000 -61.957397 -1.384277 70.653076 -0.129000 3.272000 5.261000 30.630000
0.023926 0.305664 -0.956543 -0.671387 0.061035 0.000000 -61.973877 -1.384277 70.647583 -0.220000 3.275000 5.109000 30.600000
0.023926 0.306152 -0.956543 0.366211 -0.183105 0.000000 -61.990356 -1.384277 70.647583 -0.224000 3.271000 5.031000 30.730000
0.023926 0.305664 -0.956055 0.000000 -0.061035 0.000000 -61.990356 -1.378784 70.647583 -0.106000 3.277000 4.998000 30.740000
0.023926 0.306641 -0.955078 0.244141 -0.061035 0.000000 -61.990356 -1.373291 70.642090 -0.028000 3.283000 5.154000 30.630000
0.024414 0.305664 -0.956543 -0.427246 0.000000 0.000000 -61.973877 -1.373291 70.642090 -0.106000 3.299000 5.182000 30.710000
0.024414 0.306641 -0.954590 0.549316 -0.122070 0.000000 -61.979370 -1.367798 70.642090 -0.184000 3.274000 5.121000 30.630000
0.023926 0.308105 -0.955566 -1.281738 0.305176 0.000000 -61.990356 -1.367798 70.636597 -0.049000 3.281000 5.170000 30.650000
0.023926 0.308594 -0.956055 1.220703 -0.244141 0.000000 -62.039795 -1.378784 70.642090 -0.169000 3.227000 5.074000 30.670000
0.023926 0.307617 -0.955566 -1.220703 0.183105 0.000000 -62.050781 -1.373291 70.636597 -0.291000 3.260000 5.234000 30.700000
0.022949 0.304199 -0.957520 0.427246 -0.122070 0.000000 -61.995850 -1.362305 70.631104 -0.156000 3.262000 5.145000 30.710000
0.024414 0.310059 -0.953613 -0.793457 0.183105 0.000000 -62.050781 -1.373291 70.636597 -0.192000 3.282000 5.070000 30.700000
0.024414 0.306641 -0.956055 -0.671387 0.061035 0.000000 -62.056274 -1.373291 70.636597 -0.187000 3.272000 5.264000 30.780000
0.024902 0.306152 -0.955078 0.671387 -0.122070 0.000000 -62.050781 -1.373291 70.631104 -0.036000 3.252000 5.279000 30.660000
0.022949 0.303711 -0.956543 0.122070 -0.061035 0.000000 -62.050781 -1.373291 70.631104 -0.152000 3.265000 5.215000 30.730000
0.023438 0.305176 -0.957031 -0.976562 0.183105 0.000000 -61.995850 -1.356812 70.625610 -0.031000 3.275000 5.334000 30.700000
0.024414 0.306641 -0.956543 0.427246 -0.061035 0.000000 -62.028809 -1.367798 70.625610 -0.134000 3.240000 5.353000 30.680000
0.025391 0.309082 -0.955566 -1.037598 0.183105 0.000000 -62.061768 -1.378784 70.631104 -0.181000 3.255000 5.234000 30.780000
0.024902 0.307617 -0.956055 0.366211 -0.061035 0.000000 -62.100220 -1.384277 70.631104 -0.329000 3.247000 5.312000 30.730000
0.024902 0.307617 -0.955078 -0.244141 0.061035 0.000000 -62.061768 -1.389771 70.631104 -0.170000 3.255000 5.188000 30.700000
0.024414 0.307617 -0.955078 0.000000 0.000000 0.000000 -62.067261 -1.389771 70.631104 -0.074000 3.266000 5.132000 30.710000
0.024414 0.306152 -0.957031 -0.244141 0.000000 0.000000 -62.056274 -1.389771 70.625610 -0.042000 3.266000 4.919000 30.680000
0.023438 0.309082 -0.954590 0.366211 -0.244141 0.366211 -62.078247 -1.389771 70.620117 -0.058000 3.239000 5.101000 30.620000
0.024414 0.306152 -0.956055 0.915527 -0.183105 0.000000 -62.028809 -1.378784 70.614624 -0.035000 3.255000 4.930000 30.750000
0.022949 0.304199 -0.956543 0.610352 -0.183105 0.000000 -61.880493 -1.351318 70.603638 -0.034000 3.250000 4.929000 30.780000
0.022461 0.302734 -0.957031 0.000000 -0.061035 0.000000 -61.836548 -1.340332 70.598145 -0.037000 3.254000 4.902000 30.680000
0.022949 0.304199 -0.955566 -0.183105 0.000000 0.000000 -61.831055 -1.334839 70.598145 -0.058000 3.257000 4.906000 30.740000
0.021973 0.303223 -0.957031 0.305176 -0.122070 0.000000 -61.836548 -1.329346 70.592651 -0.029000 3.242000 4.899000 30.710000
0.021484 0.300781 -0.957520 0.000000 -0.061035 0.000000 -61.792603 -1.318359 70.592651 -0.037000 3.256000 4.904000 30.670000
0.021484 0.301758 -0.956543 -0.244141 0.000000 0.000000 -61.743164 -1.296387 70.581665 -0.042000 3.265000 4.907000 30.760000
0.022461 0.301758 -0.956543 0.000000 -0.061035 0.000000 -61.737671 -1.290894 70.581665 -0.044000 3.285000 4.912000 30.720000
0.021973 0.301758 -0.957031 0.061035 0.000000 0.000000 -61.726685 -1.285400 70.581665 -0.040000 3.263000 4.899000 30.690000
0.021484 0.301270 -0.957031 -0.427246 0.000000 0.000000 -61.721191 -1.279907 70.576172 -0.043000 3.270000 4.906000 30.710000
0.022461 0.301758 -0.957031 0.366211 -0.183105 0.000000 -61.693726 -1.263428 70.570679 -0.037000 3.243000 4.924000 30.660000
0.013672 0.287109 -0.959961 3.784180 -2.502441 0.000000 -61.473999 -1.164551 70.559692 -0.049000 3.309000 4.929000 30.700000
0.013184 0.277832 -0.963379 11.230469 -3.967285 -0.488281 -60.693970 -0.834961 70.482788 -0.088000 3.343000 4.984000 30.670000
0.010742 0.273926 -0.964844 8.911133 -1.464844 -0.610352 -60.210571 -0.692139 70.482788 -0.113000 3.401000 5.051000 30.740000
0.011230 0.275391 -0.964355 -0.122070 0.000000 0.000000 -60.095215 -0.692139 70.504761 -0.111000 3.437000 5.078000 30.700000
0.011230 0.276855 -0.964355 -0.793457 0.244141 0.061035 -60.150146 -0.708618 70.504761 -0.099000 3.428000 5.068000 30.600000
0.013672 0.282227 -0.961426 -0.793457 0.122070 0.793457 -60.199585 -0.719604 70.493774 -0.089000 3.410000 5.060000 30.710000
0.010742 0.270996 -0.967773 5.859375 -1.647949 -0.366211 -60.287476 -0.752563 70.323486 -0.130000 3.408000 5.049000 30.710000
0.011719 0.273438 -0.966797 0.549316 -0.244141 0.000000 -60.243530 -0.736084 70.317993 -0.057000 3.375000 5.022000 30.710000
0.012207 0.277344 -0.963867 -0.305176 0.000000 0.000000 -60.238037 -0.730591 70.312500 -0.075000 3.363000 5.030000 30.730000
0.012207 0.277344 -0.963867 -0.122070 0.000000 0.000000 -60.243530 -0.730591 70.312500 0.085000 3.358000 5.019000 30.700000
0.012207 0.277832 -0.964355 0.000000 -0.061035 0.000000 -60.249023 -0.719604 70.307007 0.050000 3.359000 5.023000 30.700000
0.013184 0.277344 -0.964355 0.000000 -0.061035 0.000000 -60.243530 -0.714111 70.307007 -0.123000 3.372000 5.023000 30.620000
0.012695 0.277344 -0.962402 0.000000 -0.183105 0.000000 -60.249023 -0.708618 70.307007 -0.209000 3.340000 5.003000 30.690000
0.011719 0.278320 -0.964844 0.000000 -0.061035 0.000000 -60.249023 -0.703125 70.301514 -0.200000 3.370000 5.004000 30.790000
0.011230 0.277344 -0.963867 0.000000 0.000000 0.000000 -60.254517 -0.703125 70.301514 -0.212000 3.350000 4.997000 30.690000
0.011719 0.275879 -0.963379 -0.061035 0.000000 0.000000 -60.254517 -0.703125 70.301514 -0.082000 3.378000 5.007000 30.770000
0.012207 0.276855 -0.964844 0.061035 -0.122070 0.000000 -60.249023 -0.697632 70.296021 -0.218000 3.352000 4.988000 30.720000
0.011719 0.276367 -0.964844 0.000000 0.000000 0.000000 -60.249023 -0.697632 70.296021 -0.215000 3.380000 4.985000 30.690000
0.012695 0.275879 -0.964355 0.000000 -0.122070 0.000000 -60.249023 -0.692139 70.296021 -0.224000 3.376000 4.977000 30.700000
0.012207 0.276367 -0.964355 0.000000 -0.061035 0.000000 -60.243530 -0.692139 70.296021 -0.209000 3.383000 4.976000 30.740000
