0.029297 0.313965 -0.953125 0.000000 0.000000 0.000000 -62.446289 -1.724854 70.153198 0.693000 -0.148000 3.735000 29.910000
0.029785 0.314453 -0.953613 0.000000 0.000000 0.000000 -62.446289 -1.724854 70.153198 0.723000 -0.161000 3.600000 29.770000
0.029297 0.313965 -0.953125 0.000000 0.000000 0.000000 -62.446289 -1.724854 70.153198 0.741000 -0.148000 3.744000 29.860000
0.029297 0.314453 -0.953125 0.000000 0.000000 0.000000 -62.440796 -1.724854 70.153198 0.406000 -0.125000 3.775000 29.820000
0.030273 0.313477 -0.952637 0.000000 0.000000 0.000000 -62.440796 -1.724854 70.153198 0.298000 -0.132000 3.776000 29.780000
0.029785 0.314453 -0.952637 0.000000 0.000000 0.000000 -62.440796 -1.724854 70.153198 0.275000 -0.125000 3.769000 29.810000
0.029785 0.314453 -0.953125 0.000000 0.000000 0.000000 -62.440796 -1.724854 70.153198 0.290000 -0.117000 3.754000 29.750000
0.029297 0.313965 -0.953613 0.000000 0.000000 0.000000 -62.435303 -1.724854 70.153198 0.309000 -0.082000 3.729000 29.920000
0.029297 0.313965 -0.953125 0.000000 0.000000 0.000000 -62.429810 -1.724854 70.153198 0.298000 -0.075000 3.739000 29.760000
0.029297 0.313965 -0.953125 0.000000 0.000000 0.000000 -62.429810 -1.724854 70.153198 0.299000 -0.080000 3.736000 29.860000
0.029297 0.313477 -0.953125 0.000000 0.000000 0.000000 -62.429810 -1.724854 70.153198 0.305000 -0.090000 3.742000 29.850000
0.028809 0.314453 -0.953613 0.000000 0.000000 0.000000 -62.429810 -1.724854 70.153198 0.316000 -0.114000 3.739000 29.800000
0.029297 0.312988 -0.953125 0.000000 0.000000 0.000000 -62.424316 -1.724854 70.153198 0.300000 -0.100000 3.735000 29.810000
0.029297 0.313477 -0.953613 0.000000 0.000000 0.000000 -62.424316 -1.719360 70.153198 0.298000 -0.112000 3.737000 29.780000
0.029297 0.313965 -0.953613 0.000000 0.000000 0.000000 -62.418823 -1.719360 70.153198 0.292000 -0.099000 3.741000 29.870000
0.029297 0.313965 -0.953125 0.000000 0.000000 0.000000 -62.418823 -1.719360 70.153198 0.288000 -0.106000 3.734000 29.870000
0.029297 0.313965 -0.952637 0.000000 0.000000 0.000000 -62.418823 -1.719360 70.153198 0.293000 -0.082000 3.736000 29.760000
0.029297 0.313965 -0.953125 0.000000 0.000000 0.000000 -62.413330 -1.719360 70.153198 0.303000 -0.070000 3.741000 29.730000
0.029297 0.312988 -0.953125 0.000000 0.000000 0.000000 -62.413330 -1.719360 70.153198 0.304000 -0.109000 3.732000 29.840000
0.029785 0.313477 -0.953125 0.000000 0.000000 0.000000 -62.407837 -1.719360 70.153198 0.304000 -0.110000 3.734000 29.800000
0.029785 0.313477 -0.953613 0.000000 0.000000 0.000000 -62.407837 -1.719360 70.153198 0.311000 -0.104000 3.732000 29.790000
0.029297 0.313477 -0.953613 0.000000 0.000000 0.000000 -62.407837 -1.719360 70.153198 0.301000 -0.098000 3.732000 29.900000
0.029785 0.313965 -0.954102 0.000000 0.000000 0.000000 -62.407837 -1.719360 70.153198 0.305000 -0.084000 3.746000 29.790000
0.029785 0.312988 -0.953613 0.000000 0.000000 0.000000 -62.402344 -1.719360 70.153198 0.306000 -0.095000 3.735000 29.720000
0.028809 0.313965 -0.953613 0.000000 0.000000 0.000000 -62.402344 -1.719360 70.153198 0.300000 -0.085000 3.739000 29.770000
0.029297 0.313965 -0.954102 0.000000 0.000000 0.000000 -62.402344 -1.719360 70.153198 0.302000 -0.093000 3.739000 29.850000
0.030273 0.313477 -0.954102 0.000000 0.000000 0.000000 -62.396851 -1.719360 70.153198 0.299000 -0.105000 3.735000 29.730000
0.028809 0.313477 -0.954102 0.000000 0.000000 0.000000 -62.396851 -1.719360 70.153198 0.295000 -0.087000 3.743000 29.790000
0.029297 0.313477 -0.953125 0.000000 0.000000 0.000000 -62.396851 -1.719360 70.153198 0.297000 -0.087000 3.741000 29.810000
0.029297 0.313477 -0.953125 0.000000 0.000000 0.000000 -62.396851 -1.719360 70.153198 0.314000 -0.084000 3.736000 29.780000
0.029297 0.313477 -0.953613 0.000000 0.000000 0.000000 -62.391357 -1.719360 70.153198 0.308000 -0.112000 3.738000 29.820000
0.029785 0.314453 -0.953125 0.000000 0.000000 0.000000 -62.391357 -1.719360 70.153198 0.296000 -0.107000 3.771000 29.760000
0.029297 0.314453 -0.953613 0.000000 0.000000 0.000000 -62.396851 -1.719360 70.153198 0.306000 -0.111000 3.784000 29.700000
