0.010742 0.242188 -0.972656 0.000000 0.000000 0.000000 -58.134155 -0.642700 -1.955566 4.025000 0.555000 4.825000 29.800000
0.010742 0.241699 -0.973633 0.000000 0.000000 0.000000 -58.134155 -0.642700 -1.955566 4.020000 0.579000 4.831000 29.820000
0.010742 0.241211 -0.972168 0.000000 0.000000 0.000000 -58.134155 -0.637207 -1.955566 4.033000 0.567000 4.830000 29.850000
0.009766 0.241211 -0.973633 0.000000 0.000000 0.000000 -58.128662 -0.637207 -1.955566 4.012000 0.542000 4.834000 29.760000
0.010742 0.241699 -0.973145 0.000000 0.000000 0.000000 -58.128662 -0.637207 -1.955566 4.026000 0.564000 4.834000 29.810000
0.010254 0.242188 -0.973145 0.000000 0.000000 0.000000 -58.128662 -0.637207 -1.955566 4.017000 0.555000 4.827000 29.860000
0.010742 0.241699 -0.972656 0.000000 0.000000 0.000000 -58.128662 -0.637207 -1.955566 4.034000 0.560000 4.818000 29.820000
0.010254 0.240723 -0.972656 0.000000 0.000000 0.000000 -58.128662 -0.637207 -1.955566 4.022000 0.572000 4.819000 29.950000
0.010254 0.241699 -0.972656 0.000000 0.000000 0.000000 -58.128662 -0.637207 -1.955566 4.028000 0.597000 4.828000 29.790000
0.010254 0.241211 -0.972168 0.000000 0.000000 0.000000 -58.128662 -0.637207 -1.955566 4.034000 0.571000 4.826000 29.850000
0.010254 0.241211 -0.972656 0.000000 0.000000 0.000000 -58.128662 -0.637207 -1.955566 4.020000 0.562000 4.816000 29.730000
0.010254 0.242188 -0.974121 0.000000 0.000000 0.000000 -58.134155 -0.637207 -1.955566 4.027000 0.575000 4.813000 29.790000
0.010742 0.241211 -0.973145 0.000000 0.000000 0.000000 -58.134155 -0.637207 -1.955566 4.024000 0.582000 4.822000 29.820000
0.011230 0.242188 -0.972656 0.000000 0.000000 0.000000 -58.134155 -0.637207 -1.955566 4.023000 0.576000 4.822000 29.870000
0.010742 0.241211 -0.973145 0.000000 0.000000 0.000000 -58.134155 -0.637207 -1.955566 4.025000 0.565000 4.830000 29.840000
0.010254 0.242188 -0.972656 0.000000 0.000000 0.000000 -58.134155 -0.637207 -1.955566 4.029000 0.573000 4.816000 29.850000
0.011230 0.242188 -0.973145 0.000000 0.000000 0.000000 -58.134155 -0.637207 -1.955566 4.036000 0.576000 4.812000 29.790000
0.010254 0.242676 -0.972656 0.000000 0.000000 0.000000 -58.134155 -0.637207 -1.955566 4.031000 0.560000 4.826000 29.860000
0.010742 0.242676 -0.972656 0.000000 0.000000 0.000000 -58.134155 -0.637207 -1.955566 4.024000 0.584000 4.812000 29.870000
0.010742 0.241699 -0.973633 0.000000 0.000000 0.000000 -58.134155 -0.637207 -1.955566 4.021000 0.568000 4.811000 29.850000
0.011230 0.242676 -0.972656 0.000000 0.000000 0.000000 -58.134155 -0.637207 -1.955566 4.024000 0.571000 4.820000 29.840000
0.011230 0.242188 -0.972656 0.000000 0.000000 0.000000 -58.134155 -0.642700 -1.955566 4.041000 0.585000 4.817000 29.990000
0.010254 0.240723 -0.973145 0.000000 0.000000 0.000000 -58.134155 -0.642700 -1.955566 4.034000 0.580000 4.817000 29.890000
0.010254 0.241699 -0.973145 0.000000 0.000000 0.000000 -58.134155 -0.642700 -1.955566 4.018000 0.566000 4.812000 29.830000
0.011230 0.241211 -0.973633 0.000000 0.000000 0.000000 -58.134155 -0.642700 -1.955566 4.020000 0.550000 4.816000 29.830000
0.010254 0.242188 -0.972656 0.000000 0.000000 0.000000 -58.134155 -0.648193 -1.955566 4.027000 0.526000 4.829000 29.880000
0.010742 0.241699 -0.972656 0.000000 0.000000 0.000000 -58.134155 -0.648193 -1.955566 4.032000 0.561000 4.824000 29.850000
0.011230 0.242676 -0.973145 0.000000 0.000000 0.000000 -58.134155 -0.648193 -1.955566 4.028000 0.572000 4.828000 29.940000
0.010742 0.241699 -0.973145 0.000000 0.000000 0.000000 -58.134155 -0.648193 -1.955566 4.025000 0.591000 4.821000 29.770000
0.010742 0.241699 -0.973145 0.000000 0.000000 0.000000 -58.134155 -0.648193 -1.955566 4.031000 0.591000 4.818000 29.900000
0.011230 0.242188 -0.972656 0.000000 0.000000 0.000000 -58.134155 -0.648193 -1.955566 4.019000 0.577000 4.810000 29.810000
0.011230 0.241699 -0.972656 0.000000 0.000000 0.000000 -58.134155 -0.648193 -1.955566 4.025000 0.582000 4.814000 29.920000
0.010742 0.241211 -0.972168 0.000000 0.000000 0.000000 -58.134155 -0.648193 -1.955566 4.037000 0.586000 4.829000 29.810000
0.010254 0.241699 -0.973145 0.000000 0.000000 0.000000 -58.134155 -0.648193 -1.955566 4.029000 0.606000 4.839000 29.790000
0.010742 0.241699 -0.972168 0.000000 0.000000 0.000000 -58.134155 -0.648193 -1.955566 4.033000 0.595000 4.825000 29.850000
0.010254 0.241699 -0.973633 0.000000 0.000000 0.000000 -58.134155 -0.648193 -1.955566 4.031000 0.573000 4.803000 29.880000
0.010254 0.242188 -0.973633 0.000000 0.000000 0.000000 -58.134155 -0.648193 -1.955566 4.045000 0.569000 4.817000 29.820000
0.010254 0.242676 -0.972168 0.000000 0.000000 0.000000 -58.134155 -0.648193 -1.955566 4.046000 0.574000 4.823000 29.910000
0.010742 0.242676 -0.973145 0.000000 0.000000 0.000000 -58.134155 -0.648193 -1.955566 4.039000 0.590000 4.807000 29.870000
0.010742 0.242188 -0.973145 0.000000 0.000000 0.000000 -58.134155 -0.648193 -1.955566 4.027000 0.578000 4.817000 29.850000
0.010254 0.242188 -0.973633 0.000000 0.000000 0.000000 -58.134155 -0.648193 -1.955566 4.023000 0.571000 4.817000 29.860000
0.011719 0.242676 -0.972656 0.000000 0.000000 0.000000 -58.134155 -0.648193 -1.955566 4.040000 0.554000 4.814000 29.880000
0.010742 0.242676 -0.973145 0.000000 0.000000 0.000000 -58.134155 -0.648193 -1.955566 4.027000 0.573000 4.823000 29.920000
0.010254 0.241699 -0.973145 0.000000 0.000000 0.000000 -58.134155 -0.648193 -1.955566 4.026000 0.578000 4.817000 29.940000
0.010742 0.241211 -0.972656 0.000000 0.000000 0.000000 -58.134155 -0.648193 -1.955566 4.030000 0.570000 4.812000 29.820000
0.010742 0.242188 -0.972656 0.000000 0.000000 0.000000 -58.134155 -0.648193 -1.955566 4.029000 0.580000 4.813000 29.840000
0.010742 0.241699 -0.972656 0.000000 0.000000 0.000000 -58.134155 -0.648193 -1.955566 4.038000 0.596000 4.814000 29.840000
0.011230 0.242188 -0.972656 0.000000 0.000000 0.000000 -58.134155 -0.648193 -1.955566 4.026000 0.583000 4.808000 29.840000
0.010742 0.241699 -0.973145 0.000000 0.000000 0.000000 -58.134155 -0.648193 -1.955566 4.028000 0.587000 4.823000 29.780000
0.010742 0.243164 -0.972656 0.000000 0.000000 0.000000 -58.134155 -0.648193 -1.955566 4.023000 0.595000 4.805000 29.860000
0.011230 0.242676 -0.972168 0.000000 0.000000 0.000000 -58.139648 -0.648193 -1.955566 4.021000 0.578000 4.809000 29.880000
0.010742 0.243164 -0.972656 0.000000 0.000000 0.000000 -58.139648 -0.648193 -1.955566 4.025000 0.570000 4.811000 29.850000
0.010254 0.242676 -0.972656 0.000000 0.000000 0.000000 -58.145142 -0.648193 -1.955566 4.034000 0.559000 4.816000 29.840000
0.010742 0.242676 -0.972656 0.000000 0.000000 0.000000 -58.145142 -0.648193 -1.955566 4.035000 0.554000 4.812000 29.850000
0.010742 0.242676 -0.972168 0.000000 0.000000 0.000000 -58.145142 -0.648193 -1.955566 4.037000 0.580000 4.802000 29.830000
0.010742 0.242676 -0.973145 0.000000 0.000000 0.000000 -58.150635 -0.648193 -1.955566 4.026000 0.555000 4.820000 29.880000
0.010742 0.242676 -0.972656 0.000000 0.000000 0.000000 -58.150635 -0.648193 -1.955566 4.030000 0.577000 4.819000 29.830000
0.010742 0.242676 -0.972656 0.000000 0.000000 0.000000 -58.150635 -0.648193 -1.955566 4.035000 0.565000 4.819000 29.770000
0.010254 0.242676 -0.972168 0.000000 0.000000 0.000000 -58.156128 -0.648193 -1.955566 4.040000 0.545000 4.823000 29.870000
0.010742 0.242676 -0.973145 0.000000 0.000000 0.000000 -58.156128 -0.648193 -1.955566 4.033000 0.563000 4.836000 29.810000
0.010742 0.242676 -0.972168 0.000000 0.000000 0.000000 -58.156128 -0.648193 -1.955566 4.046000 0.547000 4.822000 29.860000
0.010254 0.242676 -0.973145 0.000000 0.000000 0.000000 -58.156128 -0.648193 -1.955566 4.048000 0.537000 4.828000 29.890000
0.010742 0.241211 -0.973145 0.000000 0.000000 0.000000 -58.156128 -0.648193 -1.955566 4.041000 0.539000 4.838000 29.840000
0.010254 0.242188 -0.972656 0.000000 0.000000 0.000000 -58.156128 -0.648193 -1.955566 4.023000 0.533000 4.846000 29.880000
0.010254 0.241211 -0.973633 0.000000 0.000000 0.000000 -58.156128 -0.648193 -1.955566 4.030000 0.550000 4.829000 29.890000
0.010742 0.241699 -0.972656 0.000000 0.000000 0.000000 -58.150635 -0.648193 -1.955566 4.029000 0.533000 4.825000 29.830000
0.010742 0.241211 -0.973145 0.000000 0.000000 0.000000 -58.145142 -0.648193 -1.955566 4.031000 0.544000 4.820000 29.850000
0.010742 0.240723 -0.973145 0.000000 0.000000 0.000000 -58.145142 -0.648193 -1.955566 4.036000 0.545000 4.829000 29.850000
0.011719 0.242188 -0.972656 0.000000 0.000000 0.000000 -58.145142 -0.648193 -1.955566 4.032000 0.544000 4.832000 29.910000
0.011230 0.241211 -0.972656 0.000000 0.000000 0.000000 -58.139648 -0.648193 -1.955566 4.025000 0.534000 4.827000 29.870000
0.010742 0.241211 -0.973145 0.000000 0.000000 0.000000 -58.139648 -0.648193 -1.955566 4.038000 0.540000 4.828000 29.860000
0.010742 0.241211 -0.974121 0.000000 0.000000 0.000000 -58.139648 -0.653687 -1.955566 4.052000 0.535000 4.835000 29.820000
0.010254 0.241699 -0.972656 0.000000 0.000000 0.000000 -58.134155 -0.653687 -1.955566 4.034000 0.565000 4.837000 29.880000
0.010742 0.241699 -0.973145 0.000000 0.000000 0.000000 -58.134155 -0.648193 -1.955566 4.036000 0.532000 4.835000 29.860000
0.011230 0.241211 -0.973145 0.000000 0.000000 0.000000 -58.134155 -0.648193 -1.955566 4.037000 0.550000 4.829000 29.920000
0.011230 0.240723 -0.972656 0.000000 0.000000 0.000000 -58.128662 -0.648193 -1.955566 4.030000 0.555000 4.833000 29.920000
0.011230 0.241211 -0.972168 0.000000 0.000000 0.000000 -58.123169 -0.648193 -1.955566 4.023000 0.532000 4.835000 29.840000
0.010254 0.240723 -0.972656 0.000000 0.000000 0.000000 -58.123169 -0.648193 -1.955566 4.042000 0.534000 4.829000 29.870000
0.010742 0.241211 -0.972656 0.000000 0.000000 0.000000 -58.117676 -0.653687 -1.955566 4.027000 0.557000 4.778000 29.860000
0.010742 0.240723 -0.972168 0.000000 0.000000 0.000000 -58.117676 -0.653687 -1.955566 4.032000 0.544000 4.821000 29.860000
0.011230 0.240723 -0.973633 0.000000 0.000000 0.000000 -58.106689 -0.653687 -1.955566 4.036000 0.527000 4.849000 29.840000
0.011230 0.240723 -0.973145 0.000000 0.000000 0.000000 -58.106689 -0.653687 -1.955566 4.036000 0.528000 4.847000 29.920000
0.011230 0.241211 -0.973145 0.000000 0.000000 0.000000 -58.106689 -0.653687 -1.955566 4.037000 0.556000 4.755000 29.760000
0.010742 0.240723 -0.972656 0.000000 0.000000 0.000000 -58.101196 -0.653687 -1.955566 4.048000 0.538000 4.819000 29.840000
0.011230 0.240723 -0.973145 0.000000 0.000000 0.000000 -58.101196 -0.653687 -1.955566 4.036000 0.542000 4.833000 29.880000
0.011230 0.240723 -0.972656 0.000000 0.000000 0.000000 -58.095703 -0.653687 -1.955566 4.030000 0.549000 4.830000 29.910000
0.011230 0.240723 -0.973145 0.000000 0.000000 0.000000 -58.095703 -0.653687 -1.955566 4.044000 0.528000 4.822000 29.800000
0.011230 0.241211 -0.973145 0.000000 0.000000 0.000000 -58.095703 -0.659180 -1.955566 4.034000 0.552000 4.833000 29.890000
0.010742 0.240723 -0.972656 0.000000 0.000000 0.000000 -58.095703 -0.659180 -1.955566 4.035000 0.537000 4.833000 29.860000
0.010742 0.240234 -0.973145 0.000000 0.000000 0.000000 -58.090210 -0.659180 -1.955566 4.047000 0.530000 4.830000 29.880000
0.010742 0.240234 -0.973633 0.000000 0.000000 0.000000 -58.090210 -0.659180 -1.955566 4.030000 0.546000 4.824000 29.910000
0.010742 0.240723 -0.972168 0.000000 0.000000 0.000000 -58.090210 -0.659180 -1.955566 4.040000 0.542000 4.820000 29.830000
0.010742 0.240234 -0.973633 0.000000 0.000000 0.000000 -58.084717 -0.659180 -1.955566 4.038000 0.545000 4.839000 29.880000
0.011230 0.240234 -0.973633 0.000000 0.000000 0.000000 -58.084717 -0.659180 -1.955566 4.048000 0.530000 4.823000 29.870000
0.011230 0.240723 -0.973145 0.000000 0.000000 0.000000 -58.084717 -0.659180 -1.955566 4.040000 0.521000 4.827000 29.910000
0.010254 0.241211 -0.973145 0.000000 0.000000 0.000000 -58.084717 -0.659180 -1.955566 4.037000 0.538000 4.613000 29.870000
0.011719 0.240234 -0.973145 0.000000 0.000000 0.000000 -58.084717 -0.659180 -1.955566 4.042000 0.543000 4.798000 29.880000
0.011230 0.240723 -0.973145 0.000000 0.000000 0.000000 -58.084717 -0.659180 -1.955566 4.042000 0.520000 4.824000 29.880000
0.011719 0.240234 -0.973145 0.000000 0.000000 0.000000 -58.084717 -0.659180 -1.955566 4.034000 0.525000 4.838000 29.880000
0.011719 0.241211 -0.972656 0.000000 0.000000 0.000000 -58.084717 -0.659180 -1.955566 4.040000 0.539000 4.725000 29.920000
0.010742 0.240723 -0.972656 0.000000 0.000000 0.000000 -58.084717 -0.659180 -1.955566 4.039000 0.539000 4.838000 29.930000
0.011230 0.240234 -0.973145 0.000000 0.000000 0.000000 -58.084717 -0.659180 -1.955566 4.041000 0.552000 4.834000 29.880000
0.011719 0.240723 -0.973145 0.000000 0.000000 0.000000 -58.084717 -0.659180 -1.955566 4.043000 0.557000 4.831000 29.870000
0.010254 0.241211 -0.973145 0.000000 0.000000 0.000000 -58.079224 -0.659180 -1.955566 4.034000 0.567000 4.821000 29.830000
0.011230 0.240723 -0.973145 0.000000 0.000000 0.000000 -58.084717 -0.659180 -1.955566 4.032000 0.536000 4.815000 29.850000
0.011230 0.240723 -0.973145 0.000000 0.000000 0.000000 -58.079224 -0.659180 -1.955566 4.044000 0.539000 4.823000 29.880000
0.011230 0.240234 -0.973145 0.000000 0.000000 0.000000 -58.079224 -0.659180 -1.955566 4.040000 0.536000 4.825000 29.840000
0.010254 0.240723 -0.973145 0.000000 0.000000 0.000000 -58.079224 -0.659180 -1.955566 4.046000 0.532000 4.837000 29.890000
0.010254 0.241211 -0.973145 0.000000 0.000000 0.000000 -58.079224 -0.659180 -1.955566 4.039000 0.547000 4.833000 29.930000
0.010742 0.241211 -0.972656 0.000000 0.000000 0.000000 -58.079224 -0.659180 -1.955566 4.039000 0.548000 4.835000 29.950000
0.010254 0.241211 -0.973145 0.000000 0.000000 0.000000 -58.084717 -0.664673 -1.955566 4.058000 0.536000 4.845000 29.880000
0.010742 0.241211 -0.973145 0.000000 0.000000 0.000000 -58.084717 -0.664673 -1.955566 4.051000 0.504000 4.679000 29.840000
0.011230 0.241699 -0.972656 0.000000 0.000000 0.000000 -58.084717 -0.664673 -1.955566 4.048000 0.500000 4.714000 29.850000
0.010254 0.240234 -0.972168 0.000000 0.000000 0.000000 -58.090210 -0.664673 -1.955566 4.048000 0.519000 4.779000 29.830000
0.010742 0.240723 -0.972656 0.000000 0.000000 0.000000 -58.090210 -0.664673 -1.955566 4.048000 0.516000 4.773000 29.960000
0.011719 0.241211 -0.973145 0.000000 0.000000 0.000000 -58.090210 -0.659180 -1.955566 4.036000 0.519000 4.836000 29.960000
0.011230 0.241211 -0.973145 0.000000 0.000000 0.000000 -58.090210 -0.659180 -1.955566 4.023000 0.517000 4.805000 29.960000
0.010742 0.240723 -0.972656 0.000000 0.000000 0.000000 -58.090210 -0.659180 -1.955566 4.034000 0.527000 4.730000 29.900000
0.010254 0.241211 -0.973145 0.000000 0.000000 0.000000 -58.090210 -0.659180 -1.955566 4.039000 0.519000 4.820000 29.950000
0.011230 0.241211 -0.972656 0.000000 0.000000 0.000000 -58.090210 -0.659180 -1.955566 4.037000 0.496000 4.561000 29.880000
0.010742 0.241211 -0.973145 0.000000 0.000000 0.000000 -58.095703 -0.659180 -1.955566 4.051000 0.532000 4.804000 29.880000
0.010742 0.240723 -0.972656 0.000000 0.000000 0.000000 -58.095703 -0.659180 -1.955566 4.040000 0.519000 4.844000 29.850000
0.011719 0.241211 -0.973145 0.000000 0.000000 0.000000 -58.095703 -0.659180 -1.955566 4.042000 0.518000 4.823000 29.870000
0.011230 0.241211 -0.972168 0.000000 0.000000 0.000000 -58.095703 -0.659180 -1.955566 4.048000 0.531000 4.832000 29.880000
0.010742 0.241699 -0.973145 0.000000 0.000000 0.000000 -58.095703 -0.659180 -1.955566 4.049000 0.532000 4.834000 29.880000
0.010742 0.241211 -0.972656 0.000000 0.000000 0.000000 -58.101196 -0.659180 -1.955566 4.050000 0.532000 4.836000 29.860000
0.010742 0.241211 -0.973145 0.000000 0.000000 0.000000 -58.101196 -0.659180 -1.955566 4.056000 0.512000 4.825000 29.850000
0.011230 0.241211 -0.972656 0.000000 0.000000 0.000000 -58.101196 -0.659180 -1.955566 4.052000 0.505000 4.830000 29.930000
0.011230 0.241211 -0.972656 0.000000 0.000000 0.000000 -58.101196 -0.659180 -1.955566 4.047000 0.508000 4.841000 29.810000
0.011230 0.240723 -0.972656 0.000000 0.000000 0.000000 -58.101196 -0.659180 -1.955566 4.052000 0.500000 4.827000 29.880000
0.010742 0.240234 -0.973145 0.000000 0.000000 0.000000 -58.106689 -0.659180 -1.955566 4.040000 0.493000 4.843000 29.810000
0.010742 0.240723 -0.973145 0.000000 0.000000 0.000000 -58.101196 -0.659180 -1.955566 3.753000 0.413000 4.399000 29.810000
0.010742 0.240723 -0.972656 0.000000 0.000000 0.000000 -58.101196 -0.659180 -1.955566 3.932000 0.394000 4.402000 29.850000
0.010742 0.240723 -0.972656 0.000000 0.000000 0.000000 -58.095703 -0.659180 -1.955566 3.845000 0.399000 4.406000 29.900000
0.011719 0.240723 -0.972168 0.000000 0.000000 0.000000 -58.095703 -0.659180 -1.955566 3.791000 0.402000 4.400000 29.870000
0.011230 0.239746 -0.972656 0.000000 0.000000 0.000000 -58.090210 -0.659180 -1.955566 3.754000 0.426000 4.406000 29.920000
0.010742 0.241211 -0.972656 0.000000 0.000000 0.000000 -58.084717 -0.659180 -1.955566 3.807000 0.401000 4.394000 29.900000
0.010742 0.240723 -0.973633 0.000000 0.000000 0.000000 -58.084717 -0.659180 -1.955566 3.768000 0.397000 4.396000 29.870000
0.011230 0.241211 -0.972168 -0.305176 0.061035 0.244141 -58.084717 -0.659180 -1.955566 3.724000 0.423000 4.400000 29.980000
0.005859 0.240234 -0.979004 -12.390137 5.798340 9.643555 -58.073730 -0.659180 -1.955566 3.868000 0.392000 4.403000 29.740000
0.169434 0.265137 -0.969727 -42.846680 10.314941 13.427734 -58.397827 -0.911865 -2.109375 3.680000 0.360000 4.539000 29.910000
0.327637 0.866699 -0.477051 -268.737793 79.162598 -23.254395 -97.564087 -7.811279 3.746338 1.054000 -1.155000 6.317000 29.890000
0.151367 0.733398 -0.646484 -93.750000 11.413574 2.868652 -98.585815 -8.047485 5.174561 0.265000 -1.814000 6.959000 29.890000
0.118652 0.881836 -0.500000 42.663574 -8.789062 1.281738 -101.618042 -8.404541 4.350586 0.158000 -2.319000 7.026000 29.880000
0.070312 0.514648 -0.849609 -30.395508 0.732422 9.338379 -90.054932 -6.525879 3.147583 0.519000 -1.376000 6.884000 29.900000
0.131836 0.882812 -0.384277 572.570801 -85.083008 -9.155273 -95.866699 -6.882935 4.246216 0.415000 -1.873000 6.927000 29.850000
0.064941 0.421387 -0.914062 -5.554199 0.793457 -0.183105 -68.049316 -3.422241 0.340576 0.888000 1.148000 5.803000 29.870000
0.067383 0.430664 -0.907715 -10.314941 1.770020 -0.488281 -68.604126 -3.504639 0.225220 0.913000 1.261000 5.794000 29.910000
0.067871 0.431641 -0.906250 -5.920410 0.854492 -0.305176 -68.829346 -3.532104 0.104370 0.919000 1.237000 5.781000 29.820000
0.066895 0.426758 -0.907227 -0.732422 0.000000 0.000000 -68.873291 -3.526611 -0.016479 0.916000 1.239000 5.783000 29.900000
0.052246 0.371094 -0.937012 9.094238 -2.197266 -0.244141 -68.626099 -3.471680 -0.175781 0.914000 1.283000 5.794000 29.890000
0.044922 0.365723 -0.934082 13.793945 -3.479004 -0.610352 -64.863281 -2.400513 -0.406494 0.877000 1.642000 5.531000 29.860000
0.040527 0.327637 -0.959961 -2.807617 0.488281 -0.732422 -63.720703 -2.015991 -0.439453 0.870000 1.697000 5.566000 29.850000
0.024902 0.302734 -0.958984 27.587891 -6.835938 -2.990723 -62.726440 -1.647949 -0.461426 0.871000 1.776000 5.250000 29.870000
0.040527 0.365234 -0.921387 -12.817383 2.868652 0.488281 -62.885742 -1.543579 -0.049438 0.847000 1.871000 5.212000 29.850000
0.033203 0.342285 -0.934570 -12.207031 2.380371 -0.183105 -62.501221 -1.455688 -0.170288 0.946000 1.999000 5.240000 29.860000
0.026855 0.314941 -0.953125 -10.864258 2.258301 0.549316 -62.259521 -1.373291 -0.346069 0.964000 2.062000 5.265000 29.900000
0.025879 0.314941 -0.953125 -8.666992 1.464844 -0.244141 -62.243042 -1.351318 -0.439453 0.971000 2.041000 5.256000 29.860000
0.027344 0.315430 -0.954102 -7.385254 1.342773 -0.061035 -62.237549 -1.340332 -0.499878 0.958000 2.033000 5.260000 29.880000
0.026367 0.312012 -0.957520 -15.197754 3.723145 0.244141 -62.402344 -1.389771 -0.571289 0.966000 2.044000 5.267000 29.950000
0.028320 0.316406 -0.953613 -6.958008 1.342773 0.000000 -62.556152 -1.433716 -0.620728 0.972000 2.035000 5.241000 29.920000
0.036133 0.338379 -0.944824 -2.624512 0.366211 0.061035 -63.649292 -1.757812 -0.730591 0.997000 2.004000 5.188000 29.860000
0.036133 0.331055 -0.949219 -8.422852 1.464844 -0.488281 -63.731689 -1.774292 -0.763550 0.908000 1.934000 5.160000 29.830000
0.031738 0.323242 -0.952148 -7.934570 1.342773 -0.122070 -63.270264 -1.653442 -0.796509 0.814000 1.934000 5.149000 29.900000
0.022461 0.301758 -0.961914 1.159668 -2.685547 -1.281738 -62.259521 -1.285400 -0.873413 0.749000 1.977000 5.164000 29.870000
0.022949 0.303223 -0.958496 -0.427246 -0.122070 0.000000 -62.089233 -1.175537 -0.895386 0.962000 2.040000 5.235000 29.930000
0.024414 0.306152 -0.957520 -1.098633 0.000000 -0.061035 -62.177124 -1.175537 -0.966797 0.980000 2.086000 5.294000 29.870000
0.034180 0.297363 -0.964844 -20.874023 9.887695 4.028320 -62.869263 -1.543579 -1.010742 0.783000 2.056000 5.233000 29.920000
0.024414 0.291504 -0.970215 -28.320312 7.141113 0.854492 -62.578125 -1.345825 -0.812988 0.745000 2.094000 5.225000 29.960000
0.023438 0.304199 -0.958496 -23.132324 4.638672 0.183105 -62.528687 -1.296387 -0.823975 0.771000 2.106000 5.237000 29.920000
0.047852 0.370605 -0.916016 -19.836426 3.601074 -1.342773 -63.858032 -1.669922 -0.944824 0.799000 2.054000 5.179000 29.880000
0.033203 0.331055 -0.944336 -9.704590 1.953125 -0.122070 -63.138428 -1.510620 -1.027222 0.833000 2.058000 5.195000 29.850000
0.032227 0.326172 -0.946289 -7.934570 1.403809 0.244141 -63.088989 -1.499634 -1.049194 0.735000 2.063000 5.200000 29.850000
0.098633 0.284180 -0.950684 -28.442383 6.286621 7.446289 -62.847290 -1.444702 -1.076660 0.918000 2.055000 5.197000 29.880000
-0.104004 0.429199 -0.927246 -3.112793 6.225586 -10.864258 -63.385620 -1.642456 -1.290894 0.917000 2.019000 5.177000 29.940000
0.049316 0.338379 -0.942871 20.935059 -21.972656 34.973145 -64.088745 -2.208252 -1.450195 1.408000 2.052000 5.436000 29.770000
0.024902 0.311523 -0.954590 0.549316 -0.366211 -0.122070 -62.385864 -1.389771 -4.185791 2.430000 1.739000 5.274000 29.960000
0.026367 0.309570 -0.955078 2.319336 -1.586914 0.610352 -62.243042 -1.307373 -4.185791 2.439000 1.761000 5.279000 29.810000
0.026855 0.309082 -0.954590 -0.122070 -0.183105 0.000000 -62.237549 -1.301880 -4.196777 2.437000 1.764000 5.281000 29.960000
0.026855 0.310059 -0.955078 -0.183105 -0.183105 -0.061035 -62.248535 -1.301880 -4.207764 2.437000 1.782000 5.277000 29.880000
0.026855 0.309570 -0.954102 -0.183105 -0.183105 -0.061035 -62.259521 -1.301880 -4.224243 2.430000 1.759000 5.287000 29.850000
0.028320 0.310547 -0.955566 -0.122070 -0.183105 0.000000 -62.276001 -1.296387 -4.268188 2.437000 1.767000 5.282000 29.840000
0.026367 0.309570 -0.954102 -0.061035 -0.122070 0.000000 -62.276001 -1.301880 -4.284668 2.434000 1.772000 5.279000 29.890000
0.026367 0.309570 -0.955078 -0.122070 -0.183105 0.000000 -62.281494 -1.301880 -4.301147 2.433000 1.763000 5.275000 29.930000
0.026855 0.310547 -0.954590 -0.122070 -0.183105 0.000000 -62.286987 -1.301880 -4.312134 2.430000 1.746000 5.278000 29.930000
0.028320 0.310059 -0.955566 -0.183105 -0.183105 0.000000 -62.286987 -1.301880 -4.328613 2.429000 1.737000 5.277000 29.900000
0.019043 0.340820 -0.945312 -25.329590 9.887695 -1.770020 -62.297974 -1.307373 -4.356079 2.414000 1.759000 5.286000 29.920000
0.081055 0.310059 -0.958008 -19.836426 12.695312 -16.052246 -63.160400 -1.669922 -4.136353 2.469000 1.729000 5.227000 29.930000
0.043945 0.342285 -0.940430 -9.033203 2.380371 2.502441 -63.072510 -1.576538 -2.636719 1.921000 1.957000 5.286000 29.880000
0.039062 0.334961 -0.946289 -3.051758 0.854492 0.000000 -63.138428 -1.647949 -2.010498 1.684000 2.178000 5.544000 29.930000
0.038574 0.333008 -0.946777 0.122070 -0.366211 -0.122070 -63.429565 -1.801758 -1.999512 1.750000 2.217000 5.548000 30.020000
0.038086 0.334473 -0.947266 0.610352 -0.488281 -0.305176 -63.599854 -1.840210 -1.977539 1.761000 2.232000 5.542000 29.900000
0.046387 0.334473 -0.945801 -0.366211 -0.183105 0.000000 -63.616333 -1.834717 -1.983032 1.757000 2.235000 5.536000 29.860000
0.036133 0.330078 -0.948242 2.563477 -1.037598 -0.793457 -63.550415 -1.796265 -1.944580 1.763000 2.201000 5.545000 29.830000
0.036133 0.329590 -0.949219 -0.122070 -0.183105 -0.061035 -63.446045 -1.757812 -1.939087 1.755000 2.255000 5.560000 29.890000
0.035156 0.322266 -0.953125 0.061035 -0.244141 -0.122070 -63.457031 -1.757812 -1.944580 1.762000 2.236000 5.562000 29.960000
0.031250 0.318359 -0.954590 -0.061035 -0.122070 -0.183105 -63.363647 -1.724854 -1.928101 1.761000 2.243000 5.543000 29.880000
0.037598 0.333984 -0.946289 0.122070 -0.366211 -0.122070 -63.374634 -1.719360 -1.928101 1.755000 2.258000 5.568000 29.840000
0.031738 0.334961 -0.946777 -11.230469 3.723145 2.014160 -63.495483 -1.763306 -1.939087 1.619000 2.264000 5.575000 29.890000
0.049316 0.366211 -0.927734 9.399414 -2.258301 -0.793457 -64.566650 -2.076416 -1.994019 1.745000 2.267000 5.557000 29.860000
0.041992 0.350098 -0.937988 14.465332 -3.295898 0.305176 -64.237061 -1.988525 -1.999512 1.394000 2.201000 5.484000 29.920000
0.028809 0.341797 -0.940918 4.821777 -1.220703 -0.122070 -64.050293 -1.944580 -2.026978 1.331000 2.193000 5.509000 29.850000
0.227051 0.370117 -0.904785 23.315430 -4.821777 -5.920410 -63.660278 -1.823730 -1.939087 1.330000 2.219000 5.521000 29.920000
0.014160 0.235352 -0.970703 26.733398 -5.737305 -30.212402 -63.248291 -1.554565 -0.065918 1.145000 2.481000 5.463000 29.970000
0.036621 0.236816 -0.977539 -2.624512 7.507324 0.000000 -58.732910 0.357056 0.170288 1.074000 2.918000 5.063000 29.810000
-0.095215 0.366211 -0.936035 1.403809 -3.601074 4.394531 -58.710938 0.285645 -0.329590 1.146000 2.979000 5.006000 29.870000
0.034180 0.337891 -0.946289 -3.967285 0.427246 3.723145 -64.066772 -2.125854 -3.460693 1.974000 2.193000 5.467000 29.950000
0.053223 0.352539 -0.938477 -5.615234 0.549316 3.967285 -64.566650 -2.296143 -3.729858 1.987000 2.083000 5.455000 29.950000
-0.000977 0.352051 -0.940430 9.582520 -2.502441 -9.948730 -64.857788 -2.356567 -3.383789 1.685000 2.047000 5.425000 29.860000
0.052246 0.397949 -0.912109 38.024902 -6.652832 -1.708984 -63.187866 -1.686401 -2.510376 1.624000 2.341000 5.478000 29.950000
0.033203 0.323730 -0.950684 0.000000 -0.305176 0.000000 -62.946167 -1.604004 -2.510376 1.618000 2.423000 5.546000 29.900000
0.230957 0.366699 -0.970703 -373.535156 87.524414 0.244141 -58.963623 0.170288 -6.701660 1.694000 2.558000 5.160000 29.890000
-0.978027 0.769531 -0.963379 57.678223 -6.286621 -588.745117 -73.465576 -4.691162 1.576538 0.022000 2.919000 6.243000 29.930000
-0.369629 -0.124023 -0.783203 694.091797 -130.615234 246.887207 -57.535400 14.040527 27.960205 -1.286000 5.374000 5.843000 29.950000
-1.112305 -0.116211 -0.467285 171.142578 -168.945312 -13.854980 -44.203491 27.092285 14.188843 -0.600000 5.518000 3.133000 30.000000
-0.578125 -0.547852 -0.295410 -164.306641 356.994629 -208.251953 -26.932983 42.467651 5.641479 1.047000 3.959000 0.026000 29.890000
-0.407715 -0.192871 -0.641602 501.220703 -34.545898 -328.186035 -13.595581 55.854492 43.247681 -0.776000 5.756000 -0.202000 29.920000
-1.026855 -0.351074 -0.425781 -1012.695312 422.302246 238.342285 -12.167358 26.141968 41.011963 -1.899000 6.600000 -2.700000 30.000000
-0.681641 -0.993164 -0.690430 -61.157227 -136.535645 185.058594 -42.780762 34.903564 7.393799 1.786000 3.263000 -0.199000 29.930000
-0.532227 0.070801 -0.861328 11.047363 228.210449 112.243652 -41.940308 25.444336 -2.817993 3.170000 0.863000 0.186000 29.880000
-1.098145 -0.540527 -0.295410 575.866699 -511.535645 -225.341797 -21.549683 45.016479 0.258179 4.939000 -0.404000 -2.058000 29.850000
-0.176758 -1.839355 -0.458008 -260.009766 282.104492 -89.050293 -0.939331 -25.372925 26.548462 -3.726000 4.896000 -2.114000 29.960000
-1.058594 0.775391 -0.249023 -390.563965 -36.743164 -677.551270 22.846069 -20.857544 25.675049 -4.746000 4.409000 -3.129000 29.970000
1.766602 -1.374023 1.033691 -570.800781 490.356445 342.773438 -30.388184 -55.014038 67.911987 -8.337000 2.333000 -2.544000 29.910000
0.239746 -0.216309 -0.024902 -1196.899414 -1044.921875 85.449219 -24.735718 -31.063843 -10.816040 -4.730000 3.880000 0.860000 29.940000
0.073242 0.561523 -0.765137 1970.031738 -356.445312 -275.085449 -49.108887 1.538086 -0.428467 0.000000 -0.090000 4.201000 29.920000
0.041504 0.339844 -0.945312 -0.244141 -0.305176 -0.061035 -37.963257 -6.207275 22.527466 -0.618000 4.870000 5.774000 29.970000
0.042480 0.340820 -0.944336 -0.488281 -0.305176 0.000000 -39.594727 -6.652222 25.482788 -0.621000 5.022000 5.741000 29.900000
0.227051 0.161621 -0.656738 61.950684 -68.054199 102.478027 -46.351318 -6.981812 24.235840 -0.376000 5.067000 5.708000 29.880000
0.024902 0.319336 -0.965332 -17.700195 4.028320 -0.183105 -42.863159 -4.312134 24.993896 -0.499000 4.418000 6.162000 29.880000
0.036133 0.356934 -0.940430 -17.883301 3.723145 -0.488281 -44.511108 -4.707642 27.476807 -0.239000 3.968000 5.852000 29.960000
0.037598 0.397461 -0.961914 139.953613 -23.742676 -19.531250 -47.081909 -5.564575 30.437622 -0.125000 3.869000 5.832000 29.950000
0.069824 0.427246 -0.933105 -31.921387 13.061523 4.699707 -48.587036 -6.751099 33.101807 -0.440000 4.034000 5.640000 29.950000
0.048340 0.508789 -0.858887 61.523438 -5.371094 -10.986328 -48.125610 -5.745850 35.733032 -0.661000 4.196000 5.607000 29.850000
0.179199 0.425781 -0.833984 191.406250 9.826660 -68.603516 -49.982300 -6.322632 38.496094 -0.596000 4.148000 5.689000 30.030000
0.125977 0.451172 -0.984863 74.951172 -33.386230 60.302734 -58.145142 -7.948608 36.947021 -0.492000 3.709000 6.144000 29.930000
0.034668 0.231445 -0.934082 -16.906738 4.211426 -9.765625 -52.470703 -7.877197 40.457153 -0.472000 4.101000 6.140000 30.010000
0.026855 0.273926 -0.984863 -164.916992 41.259766 3.295898 -49.229736 -2.971802 41.775513 0.273000 3.674000 5.282000 30.040000
0.029297 0.352539 -0.935059 -1.037598 -0.122070 -0.183105 -51.959839 -3.801270 43.802490 0.151000 3.636000 5.449000 30.190000
0.025391 0.336426 -0.947754 9.277344 -2.685547 -0.305176 -52.564087 -3.740845 45.087891 0.280000 3.660000 5.492000 30.040000
0.023926 0.336914 -0.944824 5.310059 -1.647949 -0.183105 -53.151855 -3.658447 46.301880 0.066000 3.694000 5.514000 30.120000
0.021484 0.326172 -0.952148 5.493164 -1.770020 -0.183105 -53.662720 -3.554077 47.438965 0.075000 3.694000 5.581000 30.070000
0.023438 0.330566 -0.948730 -3.662109 0.427246 -0.061035 -54.904175 -3.400269 49.531860 0.086000 3.698000 5.599000 30.170000
0.022461 0.326172 -0.950195 -0.122070 -0.427246 -0.122070 -55.404053 -3.301392 50.482178 0.081000 3.702000 5.602000 30.100000
0.021484 0.324219 -0.951660 1.586914 -0.793457 0.000000 -55.838013 -3.197021 51.366577 0.072000 3.695000 5.595000 30.230000
0.010742 0.162598 -0.475098 0.061035 -0.427246 0.000000 -56.288452 -3.098145 52.196045 0.078000 3.717000 5.585000 30.220000
0.022461 0.326660 -0.950684 -1.037598 -0.183105 0.000000 -56.733398 -3.004761 52.981567 0.067000 3.720000 5.588000 30.180000
