-0.018066 -1.002930 0.001953 0.000000 0.000000 0.000000 -1.713867 -0.247192 -0.241699 -3.742000 1.125000 19.634000 27.610000
-0.018066 -1.002441 0.002441 0.000000 0.000000 0.000000 -1.713867 -0.247192 -0.241699 -3.742000 1.150000 19.639000 27.610000
-0.017090 -1.002930 0.002441 0.000000 0.000000 0.000000 -1.719360 -0.247192 -0.241699 -3.757000 1.175000 19.634000 27.610000
-0.017578 -1.002930 0.002930 0.000000 0.000000 0.000000 -1.719360 -0.247192 -0.241699 -3.754000 1.127000 19.636000 27.640000
-0.017578 -1.003418 0.002930 0.000000 0.000000 0.000000 -1.719360 -0.247192 -0.241699 -3.763000 1.152000 19.641000 27.640000
-0.018066 -1.003418 0.001953 0.000000 0.000000 0.000000 -1.719360 -0.247192 -0.241699 -3.752000 1.145000 19.625000 27.620000
-0.017578 -1.002930 0.001465 0.000000 0.000000 0.000000 -1.719360 -0.247192 -0.241699 -3.761000 1.160000 19.632000 27.650000
-0.017578 -1.002930 0.001953 0.000000 0.000000 0.000000 -1.719360 -0.252686 -0.241699 -3.737000 1.163000 19.629000 27.660000
-0.017578 -1.003418 0.002441 0.000000 0.000000 0.000000 -1.719360 -0.252686 -0.241699 -3.757000 1.160000 19.645000 27.610000
-0.017090 -1.003418 0.002441 0.000000 0.000000 0.000000 -1.719360 -0.252686 -0.241699 -3.770000 1.140000 19.630000 27.660000
-0.017578 -1.003418 0.002441 0.000000 0.000000 0.000000 -1.719360 -0.252686 -0.241699 -3.756000 1.144000 19.621000 27.650000
-0.018066 -1.003418 0.002441 0.000000 0.000000 0.000000 -1.719360 -0.252686 -0.241699 -3.766000 1.153000 19.636000 27.680000
-0.018066 -1.003418 0.002930 0.000000 0.000000 0.000000 -1.719360 -0.247192 -0.241699 -3.764000 1.141000 19.635000 27.670000
-0.018555 -1.003906 0.001465 0.000000 0.000000 0.000000 -1.719360 -0.247192 -0.241699 -3.774000 1.150000 19.616000 27.680000
-0.017578 -1.002930 0.001953 0.000000 0.000000 0.000000 -1.719360 -0.247192 -0.241699 -3.757000 1.156000 19.629000 27.720000
-0.018066 -1.003906 0.002441 0.000000 0.000000 0.000000 -1.719360 -0.247192 -0.241699 -3.764000 1.158000 19.628000 27.720000
-0.018066 -1.003418 0.002441 0.000000 0.000000 0.000000 -1.719360 -0.247192 -0.241699 -3.741000 1.146000 19.639000 27.720000
-0.018066 -1.002930 0.001953 0.000000 0.000000 0.000000 -1.719360 -0.241699 -0.241699 -3.761000 1.158000 19.626000 27.740000
-0.018066 -1.003906 0.001953 0.000000 0.000000 0.000000 -1.719360 -0.241699 -0.241699 -3.769000 1.163000 19.639000 27.700000
-0.018555 -1.003906 0.002441 0.000000 0.000000 0.000000 -1.719360 -0.241699 -0.241699 -3.748000 1.154000 19.639000 27.700000
-0.018066 -1.002930 0.002441 0.000000 0.000000 0.000000 -1.719360 -0.241699 -0.241699 -3.759000 1.157000 19.617000 27.750000
-0.018066 -1.003906 0.002441 0.000000 0.000000 0.000000 -1.719360 -0.241699 -0.241699 -3.750000 1.148000 19.627000 27.690000
-0.017090 -1.004395 0.001465 0.000000 0.000000 0.000000 -1.719360 -0.241699 -0.241699 -3.744000 1.140000 19.627000 27.760000
-0.018066 -1.003418 0.001953 0.000000 0.000000 0.000000 -1.719360 -0.241699 -0.241699 -3.755000 1.161000 19.625000 27.790000
-0.017578 -1.003906 0.002930 0.000000 0.000000 0.000000 -1.724854 -0.236206 -0.241699 -3.750000 1.156000 19.638000 27.780000
-0.017578 -1.003418 0.001465 0.000000 0.000000 0.000000 -1.724854 -0.236206 -0.241699 -3.732000 1.135000 19.647000 27.720000
-0.018066 -1.004395 0.001953 0.000000 0.000000 0.000000 -1.724854 -0.236206 -0.241699 -3.753000 1.150000 19.629000 27.790000
-0.018066 -1.003418 0.002441 0.000000 0.000000 0.000000 -1.724854 -0.236206 -0.241699 -3.760000 1.157000 19.635000 27.760000
-0.017578 -1.004395 0.001953 0.000000 0.000000 0.000000 -1.719360 -0.236206 -0.241699 -3.760000 1.140000 19.646000 27.780000
-0.018066 -1.003906 0.002441 0.000000 0.000000 0.000000 -1.719360 -0.236206 -0.241699 -3.752000 1.131000 19.636000 27.810000
-0.017578 -1.003906 0.001953 0.000000 0.000000 0.000000 -1.719360 -0.236206 -0.241699 -3.757000 1.170000 19.630000 27.810000
-0.017578 -1.003906 0.002441 0.000000 0.000000 0.000000 -1.719360 -0.236206 -0.241699 -3.762000 1.166000 19.641000 27.810000
-0.017578 -1.003418 0.001465 0.000000 0.000000 0.000000 -1.719360 -0.236206 -0.241699 -3.761000 1.153000 19.622000 27.790000
-0.018555 -1.002930 0.001953 0.000000 0.000000 0.000000 -1.719360 -0.236206 -0.241699 -3.746000 1.126000 19.629000 27.810000
-0.018066 -1.002930 0.002441 0.000000 0.000000 0.000000 -1.719360 -0.236206 -0.241699 -3.759000 1.137000 19.637000 27.800000
-0.018066 -1.003418 0.001953 0.000000 0.000000 0.000000 -1.724854 -0.236206 -0.241699 -3.757000 1.138000 19.634000 27.800000
-0.018066 -1.003418 0.001953 0.000000 0.000000 0.000000 -1.719360 -0.236206 -0.241699 -3.753000 1.145000 19.624000 27.820000
-0.017578 -1.003906 0.001953 0.000000 0.000000 0.000000 -1.724854 -0.230713 -0.241699 -3.755000 1.166000 19.611000 27.830000
-0.017090 -1.003418 0.002441 0.000000 0.000000 0.000000 -1.724854 -0.230713 -0.241699 -3.752000 1.166000 19.637000 27.830000
-0.018555 -1.003418 0.001953 0.000000 0.000000 0.000000 -1.724854 -0.230713 -0.241699 -3.767000 1.142000 19.626000 27.830000
-0.017578 -1.003906 0.001953 0.000000 0.000000 0.000000 -1.724854 -0.230713 -0.241699 -3.759000 1.158000 19.630000 27.850000
-0.018066 -1.002930 0.001953 0.000000 0.000000 0.000000 -1.724854 -0.230713 -0.241699 -3.745000 1.142000 19.631000 27.830000
-0.018066 -1.003418 0.001953 0.000000 0.000000 0.000000 -1.724854 -0.230713 -0.241699 -3.762000 1.181000 19.622000 27.870000
-0.018066 -1.003418 0.001953 0.000000 0.000000 0.000000 -1.724854 -0.230713 -0.241699 -3.740000 1.150000 19.641000 27.840000
-0.018066 -1.003418 0.002441 0.000000 0.000000 0.000000 -1.724854 -0.230713 -0.241699 -3.757000 1.157000 19.633000 27.880000
-0.018555 -1.003906 0.001953 0.000000 0.000000 0.000000 -1.724854 -0.230713 -0.241699 -3.758000 1.160000 19.625000 27.910000
-0.018066 -1.003906 0.001953 0.000000 0.000000 0.000000 -1.724854 -0.230713 -0.241699 -3.764000 1.163000 19.625000 27.870000
-0.018066 -1.004395 0.001465 0.000000 0.000000 0.000000 -1.724854 -0.230713 -0.241699 -3.755000 1.161000 19.628000 27.880000
-0.017578 -1.003906 0.001465 0.000000 0.000000 0.000000 -1.724854 -0.230713 -0.241699 -3.739000 1.149000 19.625000 27.880000
-0.018066 -1.003906 0.002441 0.000000 0.000000 0.000000 -1.724854 -0.230713 -0.241699 -3.741000 1.124000 19.623000 27.880000
-0.018066 -1.004395 0.002441 0.000000 0.000000 0.000000 -1.724854 -0.230713 -0.241699 -3.761000 1.166000 19.630000 27.920000
-0.017578 -1.003418 0.002441 0.000000 0.000000 0.000000 -1.724854 -0.230713 -0.241699 -3.753000 1.157000 19.626000 27.890000
-0.018066 -1.003418 0.002441 0.000000 0.000000 0.000000 -1.724854 -0.230713 -0.241699 -3.757000 1.148000 19.643000 27.910000
-0.018066 -1.003906 0.001465 0.000000 0.000000 0.000000 -1.724854 -0.230713 -0.241699 -3.756000 1.139000 19.630000 27.940000
-0.018066 -1.004395 0.002441 0.000000 0.000000 0.000000 -1.724854 -0.230713 -0.241699 -3.758000 1.147000 19.634000 27.930000
-0.017578 -1.002930 0.002441 0.000000 0.000000 0.000000 -1.730347 -0.230713 -0.241699 -3.744000 1.156000 19.633000 27.940000
-0.019043 -1.003906 0.001465 0.000000 0.000000 0.000000 -1.724854 -0.230713 -0.241699 -3.752000 1.167000 19.644000 27.920000
-0.018555 -1.003906 0.000977 0.000000 0.000000 0.000000 -1.724854 -0.230713 -0.241699 -3.754000 1.163000 19.619000 27.940000
-0.018066 -1.003418 0.002441 0.000000 0.000000 0.000000 -1.724854 -0.230713 -0.241699 -3.759000 1.146000 19.631000 27.940000
-0.018066 -1.004395 0.001953 0.000000 0.000000 0.000000 -1.730347 -0.230713 -0.241699 -3.755000 1.163000 19.634000 27.940000
-0.017578 -1.004395 0.001953 0.000000 0.000000 0.000000 -1.730347 -0.230713 -0.241699 -3.762000 1.163000 19.632000 27.950000
-0.017578 -1.003418 0.002441 0.000000 0.000000 0.000000 -1.730347 -0.230713 -0.241699 -3.751000 1.165000 19.631000 27.940000
-0.017578 -1.002930 0.001953 0.000000 0.000000 0.000000 -1.724854 -0.230713 -0.241699 -3.765000 1.162000 19.640000 27.940000
-0.018555 -1.003906 0.001953 0.000000 0.000000 0.000000 -1.724854 -0.230713 -0.241699 -3.755000 1.173000 19.630000 27.960000
-0.018066 -1.003418 0.001953 0.000000 0.000000 0.000000 -1.724854 -0.230713 -0.241699 -3.761000 1.163000 19.623000 27.980000
-0.017578 -1.001953 0.001953 0.000000 0.000000 0.000000 -1.724854 -0.230713 -0.241699 -3.757000 1.136000 19.627000 27.960000
-0.017578 -1.003418 0.001953 0.000000 0.000000 0.000000 -1.724854 -0.230713 -0.241699 -3.759000 1.147000 19.621000 27.950000
-0.017578 -1.003906 0.002441 0.000000 0.000000 0.000000 -1.724854 -0.230713 -0.241699 -3.748000 1.146000 19.633000 27.990000
-0.018555 -1.003418 0.001953 0.000000 0.000000 0.000000 -1.724854 -0.230713 -0.241699 -3.764000 1.115000 19.630000 27.960000
-0.017578 -1.003418 0.002441 0.000000 0.000000 0.000000 -1.724854 -0.230713 -0.241699 -3.754000 1.137000 19.631000 28.000000
-0.019043 -1.002930 0.001953 0.000000 0.000000 0.000000 -1.724854 -0.230713 -0.241699 -3.757000 1.145000 19.630000 27.980000
-0.019043 -1.002930 0.001953 0.000000 0.000000 0.000000 -1.724854 -0.230713 -0.241699 -3.743000 1.143000 19.620000 28.020000
-0.018555 -1.002930 0.001953 0.000000 0.000000 0.000000 -1.724854 -0.230713 -0.241699 -3.754000 1.162000 19.633000 28.010000
-0.018066 -1.004395 0.001953 0.000000 0.000000 0.000000 -1.724854 -0.230713 -0.241699 -3.755000 1.154000 19.626000 28.010000
-0.018555 -1.000000 0.008301 1.525879 3.662109 -1.281738 -1.724854 -0.230713 -0.241699 -3.766000 1.152000 19.631000 28.030000
-0.015625 -1.001953 0.019531 -4.028320 -2.563477 1.708984 -1.549072 -0.296631 -0.318604 -3.714000 0.922000 19.380000 28.020000
-0.022461 -1.003906 0.004395 1.586914 1.098633 0.061035 -1.658936 -0.263672 -0.296631 -3.669000 0.857000 19.285000 27.970000
-0.024902 -1.002441 0.000488 1.403809 -0.244141 0.854492 -1.593018 -0.252686 -0.263672 -3.666000 1.089000 19.419000 27.990000
-0.020996 -1.003418 0.003418 -0.122070 0.061035 -0.061035 -1.658936 -0.258179 -0.269165 -3.653000 1.081000 19.665000 27.990000
-0.018555 -1.002441 0.002930 0.000000 0.122070 -0.122070 -1.664429 -0.258179 -0.274658 -3.636000 1.054000 19.669000 28.010000
0.095215 -0.903320 -0.072754 1.403809 -80.139160 3.845215 -1.505127 -1.252441 2.713623 -3.622000 1.065000 19.663000 28.030000
0.269043 -1.180664 -0.149414 226.318359 236.877441 237.121582 0.823975 13.458252 -2.384033 -4.225000 0.816000 19.555000 28.030000
-0.833496 -0.981445 -0.363770 -157.653809 -244.262695 -350.952148 -7.058716 1.334839 0.620728 -21.768000 2.054000 15.827000 28.030000
0.029785 -0.998047 -0.039551 -26.367188 -73.181152 68.542480 -0.142822 1.851196 5.454712 -8.437000 2.142000 12.162000 28.030000
-0.043457 -1.002441 0.025879 1.098633 -0.305176 -0.244141 -0.450439 1.285400 3.806763 1.639000 3.624000 13.019000 28.030000
-0.045898 -1.002930 0.026855 -0.122070 0.061035 0.000000 -0.379028 1.400757 3.718872 2.180000 3.770000 13.395000 28.030000
-0.044434 -1.002441 0.025879 0.000000 0.000000 0.122070 -0.351562 1.433716 3.619995 2.242000 3.804000 13.457000 28.050000
-0.040527 -1.004883 0.028320 0.732422 0.732422 -0.488281 -0.340576 1.444702 3.532104 2.238000 3.832000 13.453000 28.050000
-0.044922 -1.001465 0.029785 0.915527 0.671387 1.525879 -0.433960 1.137085 3.317871 2.261000 3.807000 13.428000 28.060000
-0.056641 -1.000977 0.023438 0.854492 1.770020 -0.488281 -0.346069 1.224976 2.933350 2.202000 3.867000 13.400000 28.060000
-0.041504 -1.002441 0.026855 -0.854492 0.671387 0.000000 -0.362549 1.230469 2.603760 2.246000 3.839000 13.357000 28.060000
-0.042480 -1.002930 0.026367 0.000000 0.000000 0.000000 -0.368042 1.219482 2.543335 1.967000 3.855000 13.660000 28.070000
-0.041992 -1.002441 0.026367 0.000000 0.000000 0.000000 -0.362549 1.213989 2.488403 1.998000 3.842000 13.669000 28.040000
-0.041504 -1.002930 0.025879 0.000000 0.000000 0.000000 -0.362549 1.208496 2.433472 1.988000 3.836000 13.696000 28.050000
-0.042480 -1.002930 0.026855 0.000000 0.000000 0.000000 -0.362549 1.203003 2.384033 1.849000 3.827000 13.691000 28.070000
-0.046387 -1.002441 0.026367 0.000000 0.305176 0.000000 -0.362549 1.197510 2.340088 1.953000 3.815000 13.706000 28.070000
-0.041504 -1.002441 0.025879 -0.061035 0.000000 0.000000 -0.362549 1.197510 2.290649 1.880000 3.836000 13.688000 28.080000
-0.060059 -1.008301 0.025391 1.708984 1.159668 -3.845215 -0.401001 1.181030 2.153320 1.835000 3.779000 13.665000 28.070000
-0.036133 -1.002930 0.025391 0.549316 -0.366211 0.244141 -0.527344 0.928345 2.087402 2.043000 3.843000 13.667000 28.090000
-0.036133 -1.001465 0.028809 -1.342773 -0.122070 -0.183105 -0.318604 0.928345 2.032471 2.134000 3.888000 13.699000 28.050000
-0.037598 -1.001953 0.027344 0.000000 0.000000 0.000000 -0.313110 0.922852 1.939087 2.012000 3.923000 13.722000 28.070000
-0.037598 -1.001953 0.026367 0.000000 0.000000 0.000000 -0.313110 0.922852 1.911621 2.158000 3.899000 13.742000 28.090000
-0.036621 -1.001953 0.027344 0.000000 0.000000 0.000000 -0.313110 0.917358 1.884155 2.240000 3.931000 13.726000 28.090000
-0.037109 -1.002441 0.026367 -0.305176 -0.061035 0.000000 -0.324097 0.911865 1.856689 1.924000 3.915000 13.712000 28.090000
-0.037109 -1.003418 0.026367 -0.366211 0.000000 0.000000 -0.368042 0.911865 1.834717 2.013000 3.914000 13.716000 28.110000
-0.036621 -1.002441 0.026367 0.061035 0.000000 0.000000 -0.362549 0.906372 1.790771 1.942000 3.882000 13.720000 28.110000
-0.036621 -1.002441 0.025391 0.183105 0.061035 0.000000 -0.373535 0.900879 1.774292 2.156000 3.890000 13.722000 28.130000
-0.036621 -1.002930 0.024902 0.000000 0.000000 0.000000 -0.411987 0.900879 1.752319 2.209000 3.906000 13.703000 28.130000
-0.037109 -1.002441 0.024902 -0.305176 0.000000 0.000000 -0.406494 0.895386 1.735840 2.169000 3.895000 13.709000 28.130000
-0.037109 -1.003906 0.023926 -0.061035 0.061035 0.000000 -0.455933 0.895386 1.719360 2.129000 3.911000 13.724000 28.110000
-0.036621 -1.003906 0.024414 0.671387 0.061035 0.000000 -0.406494 0.884399 1.664429 2.221000 3.875000 13.725000 28.110000
-0.036621 -1.001953 0.026367 0.732422 0.000000 0.000000 -0.351562 0.884399 1.647949 2.177000 3.885000 13.718000 28.140000
-0.037109 -1.001953 0.026855 0.061035 0.000000 0.000000 -0.329590 0.884399 1.636963 2.166000 3.895000 13.722000 28.130000
-0.037109 -1.002930 0.027344 -0.122070 0.000000 0.000000 -0.329590 0.878906 1.620483 2.223000 3.890000 13.727000 28.130000
-0.036621 -1.002930 0.023926 -3.723145 -0.244141 -0.366211 -0.428467 0.873413 1.620483 2.281000 3.896000 13.725000 28.190000
-0.036621 -1.002930 0.019043 0.122070 0.000000 0.000000 -0.714111 0.834961 1.598511 2.161000 3.827000 13.690000 28.150000
-0.036133 -1.002930 0.019531 0.183105 0.000000 0.000000 -0.714111 0.834961 1.593018 2.191000 3.810000 13.705000 28.160000
-0.036621 -1.001953 0.019043 -0.244141 -0.061035 0.000000 -0.697632 0.834961 1.582031 2.074000 3.837000 13.693000 28.140000
-0.036133 -1.002441 0.020020 -0.061035 0.000000 0.000000 -0.714111 0.834961 1.576538 1.928000 3.794000 13.696000 28.130000
-0.036621 -1.002930 0.020020 0.122070 0.000000 0.000000 -0.758057 0.834961 1.565552 2.154000 3.819000 13.689000 28.170000
-0.036133 -1.002441 0.019043 0.000000 0.000000 0.000000 -0.774536 0.829468 1.549072 2.182000 3.817000 13.686000 28.170000
-0.036133 -1.003906 0.019043 0.854492 0.183105 0.000000 -0.752563 0.829468 1.538086 2.267000 3.833000 13.680000 28.140000
-0.036133 -1.002930 0.019531 -0.976562 -0.183105 0.000000 -0.686646 0.829468 1.521606 2.111000 3.804000 13.695000 28.140000
-0.036621 -1.002930 0.019043 -0.732422 -0.061035 0.000000 -0.736084 0.823975 1.527100 2.071000 3.838000 13.692000 28.170000
-0.036133 -1.003906 0.019043 0.549316 0.061035 0.000000 -0.774536 0.823975 1.521606 2.254000 3.814000 13.686000 28.160000
-0.037109 -1.004395 0.015625 -4.028320 -0.610352 -0.427246 -0.659180 0.829468 1.499634 2.135000 3.816000 13.686000 28.190000
-0.035156 -1.001465 0.022949 0.793457 0.061035 0.244141 -0.807495 0.807495 1.510620 2.257000 3.805000 13.679000 28.160000
-0.037109 -1.001465 0.026855 0.915527 -0.183105 0.122070 -0.527344 0.840454 1.494141 2.141000 3.844000 13.677000 28.170000
-0.036133 -1.003418 0.024414 1.892090 0.305176 0.000000 -0.368042 0.851440 1.505127 2.140000 3.888000 13.703000 28.170000
-0.036133 -1.003418 0.025391 -2.258301 -0.305176 -0.244141 -0.444946 0.845947 1.516113 2.266000 3.876000 13.719000 28.160000
-0.037598 -1.002441 0.025391 -0.488281 -0.061035 0.000000 -0.395508 0.851440 1.499634 1.997000 3.897000 13.698000 28.190000
-0.037598 -1.002930 0.025879 -0.122070 0.000000 0.000000 -0.395508 0.851440 1.494141 2.042000 3.911000 13.708000 28.180000
-0.035645 -1.002930 0.024902 -1.525879 -0.244141 0.000000 -0.411987 0.851440 1.494141 2.236000 3.894000 13.727000 28.220000
-0.036621 -1.002930 0.025391 1.647949 0.244141 0.000000 -0.417480 0.851440 1.488647 2.152000 3.887000 13.712000 28.200000
-0.036621 -1.004883 0.022949 -0.061035 -0.061035 0.000000 -0.384521 0.851440 1.483154 2.185000 3.888000 13.715000 28.170000
-0.036621 -1.003418 0.025879 -0.427246 0.000000 0.000000 -0.390015 0.845947 1.477661 2.142000 3.871000 13.713000 28.230000
-0.036621 -1.002930 0.026367 -0.732422 -0.122070 0.000000 -0.401001 0.845947 1.477661 1.943000 3.898000 13.716000 28.230000
-0.036621 -1.002441 0.024902 0.427246 0.061035 0.000000 -0.390015 0.845947 1.477661 1.992000 3.900000 13.711000 28.180000
-0.036621 -1.002930 0.024902 -0.183105 0.000000 0.000000 -0.395508 0.845947 1.477661 2.190000 3.901000 13.738000 28.240000
-0.036621 -1.002441 0.025879 -0.366211 0.000000 0.000000 -0.406494 0.845947 1.477661 2.078000 3.886000 13.728000 28.200000
-0.037109 -1.002930 0.026367 -0.488281 -0.061035 0.000000 -0.411987 0.845947 1.472168 2.032000 3.898000 13.720000 28.240000
-0.037109 -1.002930 0.025391 -0.366211 -0.061035 0.000000 -0.401001 0.845947 1.466675 1.980000 3.863000 13.728000 28.190000
-0.037109 -1.002930 0.024902 0.305176 0.061035 0.000000 -0.395508 0.845947 1.461182 1.950000 3.885000 13.717000 28.220000
-0.037109 -1.002441 0.026367 0.671387 0.061035 0.000000 -0.406494 0.845947 1.461182 1.973000 3.857000 13.720000 28.210000
-0.037109 -1.002930 0.025879 0.183105 0.000000 0.000000 -0.395508 0.845947 1.461182 2.127000 3.882000 13.738000 28.240000
-0.036621 -1.002441 0.025879 0.000000 0.000000 0.000000 -0.395508 0.845947 1.461182 1.875000 3.907000 13.728000 28.200000
-0.037598 -1.003418 0.025879 0.488281 0.000000 0.000000 -0.406494 0.845947 1.461182 1.879000 3.865000 13.740000 28.240000
-0.036133 -1.002930 0.024414 -0.366211 -0.061035 0.000000 -0.406494 0.845947 1.461182 2.136000 3.865000 13.739000 28.260000
-0.036621 -1.003418 0.025391 -1.525879 -0.183105 0.000000 -0.422974 0.845947 1.461182 2.040000 3.866000 13.733000 28.230000
-0.037598 -1.002930 0.026367 -0.671387 -0.061035 0.000000 -0.433960 0.845947 1.461182 2.002000 3.892000 13.726000 28.240000
-0.037109 -1.001953 0.025879 -0.793457 -0.061035 0.000000 -0.433960 0.845947 1.461182 1.995000 3.903000 13.732000 28.240000
-0.036621 -1.002930 0.025391 -0.671387 0.000000 0.000000 -0.417480 0.845947 1.455688 2.091000 3.897000 13.740000 28.280000
-0.036621 -1.002441 0.024902 0.000000 0.000000 0.000000 -0.433960 0.845947 1.455688 2.046000 3.889000 13.728000 28.260000
-0.036133 -1.003418 0.024902 0.000000 0.000000 0.000000 -0.439453 0.845947 1.455688 1.863000 3.885000 13.745000 28.270000
-0.036621 -1.002930 0.025391 0.061035 0.000000 0.000000 -0.444946 0.845947 1.455688 1.817000 3.876000 13.727000 28.260000
-0.037109 -1.003418 0.025391 0.061035 0.000000 0.000000 -0.439453 0.845947 1.455688 1.913000 3.890000 13.725000 28.280000
-0.036621 -1.003418 0.024414 0.305176 0.061035 0.000000 -0.433960 0.845947 1.455688 1.861000 3.868000 13.720000 28.260000
-0.037598 -1.002441 0.025879 -0.244141 0.000000 0.000000 -0.444946 0.845947 1.455688 1.958000 3.866000 13.727000 28.260000
-0.037109 -1.002930 0.024902 -0.122070 0.000000 0.000000 -0.450439 0.840454 1.455688 1.947000 3.879000 13.734000 28.280000
-0.036133 -1.002441 0.023926 -0.122070 0.000000 0.000000 -0.444946 0.840454 1.455688 1.908000 3.871000 13.729000 28.280000
-0.037109 -1.003418 0.024902 -0.366211 -0.061035 0.000000 -0.444946 0.845947 1.455688 1.900000 3.872000 13.733000 28.270000
-0.036621 -1.003418 0.024902 -0.122070 0.000000 0.000000 -0.444946 0.845947 1.455688 1.881000 3.862000 13.733000 28.300000
-0.036621 -1.003418 0.023926 -0.427246 -0.061035 0.000000 -0.439453 0.845947 1.450195 1.987000 3.866000 13.736000 28.300000
-0.037598 -1.001953 0.026367 -0.122070 0.000000 0.000000 -0.439453 0.840454 1.450195 2.059000 3.866000 13.735000 28.290000
-0.036621 -1.001953 0.024902 -0.183105 0.000000 0.000000 -0.439453 0.840454 1.450195 2.009000 3.866000 13.742000 28.300000
-0.036621 -1.002930 0.024902 -0.122070 0.000000 0.000000 -0.428467 0.840454 1.450195 1.971000 3.870000 13.732000 28.320000
-0.036621 -1.002930 0.025391 -0.183105 0.000000 0.000000 -0.428467 0.840454 1.450195 2.002000 3.880000 13.727000 28.300000
-0.036621 -1.003906 0.025391 -0.122070 0.000000 0.000000 -0.428467 0.845947 1.450195 1.853000 3.905000 13.733000 28.300000
-0.036621 -1.002930 0.025391 -0.610352 -0.061035 0.000000 -0.428467 0.845947 1.450195 1.967000 3.895000 13.741000 28.290000
-0.036621 -1.002441 0.025391 0.244141 0.000000 0.000000 -0.433960 0.845947 1.455688 2.127000 3.889000 13.741000 28.300000
-0.036621 -1.002930 0.025391 0.183105 0.000000 0.000000 -0.422974 0.845947 1.450195 2.003000 3.880000 13.733000 28.310000
-0.036133 -1.003906 0.025391 -0.061035 0.000000 0.000000 -0.428467 0.845947 1.450195 1.950000 3.878000 13.728000 28.310000
-0.037109 -1.003906 0.024902 0.122070 0.000000 0.000000 -0.422974 0.840454 1.450195 1.946000 3.882000 13.722000 28.290000
-0.036133 -1.002930 0.024414 0.000000 0.000000 0.000000 -0.428467 0.840454 1.450195 1.901000 3.866000 13.731000 28.350000
-0.036621 -1.002441 0.024414 -0.183105 0.000000 0.000000 -0.439453 0.840454 1.450195 2.005000 3.889000 13.721000 28.300000
-0.036133 -1.002930 0.025391 0.000000 0.000000 0.000000 -0.439453 0.840454 1.455688 1.914000 3.898000 13.727000 28.320000
-0.036621 -1.002930 0.024902 0.000000 0.000000 0.000000 -0.439453 0.840454 1.450195 1.924000 3.881000 13.725000 28.360000
-0.036621 -1.002930 0.024902 -0.244141 0.000000 0.000000 -0.455933 0.840454 1.455688 1.939000 3.869000 13.717000 28.320000
-0.036621 -1.002441 0.024902 -0.427246 -0.061035 0.000000 -0.455933 0.840454 1.455688 1.992000 3.877000 13.732000 28.340000
-0.036133 -1.002930 0.025391 0.000000 0.000000 0.000000 -0.461426 0.840454 1.450195 2.088000 3.863000 13.736000 28.350000
-0.036621 -1.002930 0.023926 0.000000 0.000000 0.000000 -0.461426 0.840454 1.450195 1.859000 3.892000 13.735000 28.350000
-0.036621 -1.003418 0.024902 0.000000 0.000000 0.000000 -0.450439 0.840454 1.450195 1.840000 3.867000 13.722000 28.370000
-0.036133 -1.002441 0.024902 -0.183105 0.000000 0.000000 -0.461426 0.840454 1.450195 1.949000 3.866000 13.729000 28.320000
-0.037109 -1.001953 0.025391 -0.244141 0.000000 0.000000 -0.461426 0.840454 1.450195 1.922000 3.870000 13.744000 28.330000
-0.037109 -1.002441 0.025391 0.061035 0.000000 0.000000 -0.466919 0.840454 1.450195 2.000000 3.884000 13.733000 28.340000
-0.036621 -1.002930 0.024414 -0.122070 0.000000 0.000000 -0.466919 0.840454 1.450195 1.933000 3.864000 13.740000 28.350000
-0.036621 -1.003418 0.024902 0.061035 0.000000 0.000000 -0.472412 0.840454 1.450195 1.872000 3.856000 13.730000 28.350000
-0.036621 -1.002930 0.025391 0.000000 0.000000 0.000000 -0.461426 0.840454 1.450195 1.904000 3.871000 13.717000 28.350000
-0.036621 -1.003418 0.024902 -0.061035 0.000000 0.000000 -0.455933 0.840454 1.444702 1.940000 3.870000 13.724000 28.350000
-0.036621 -1.002441 0.025391 0.000000 0.000000 0.000000 -0.461426 0.840454 1.444702 1.887000 3.868000 13.726000 28.390000
-0.037109 -1.002441 0.025391 -0.122070 0.000000 0.000000 -0.455933 0.840454 1.444702 1.949000 3.863000 13.725000 28.390000
-0.036621 -1.002930 0.024414 0.122070 0.000000 0.000000 -0.450439 0.840454 1.444702 1.963000 3.889000 13.725000 28.370000
-0.036621 -1.002930 0.024902 -0.183105 0.000000 0.000000 -0.455933 0.840454 1.439209 2.023000 3.855000 13.726000 28.390000
-0.036621 -1.002441 0.024414 0.732422 0.061035 0.000000 -0.477905 0.840454 1.444702 1.898000 3.865000 13.726000 28.390000
-0.036621 -1.000488 0.024414 1.098633 0.122070 0.000000 -0.477905 0.834961 1.444702 1.994000 3.859000 13.726000 28.390000
-0.037109 -1.001953 0.024902 -0.488281 0.000000 0.000000 -0.499878 0.834961 1.444702 2.056000 3.856000 13.736000 28.380000
-0.036621 -1.000488 0.023926 -0.366211 0.000000 0.000000 -0.549316 0.834961 1.450195 1.989000 3.865000 13.743000 28.400000
-0.037109 -1.000977 0.023438 0.488281 0.061035 0.000000 -0.543823 0.834961 1.444702 1.938000 3.864000 13.727000 28.400000
-0.036621 -1.000000 0.023926 0.305176 0.061035 0.000000 -0.554810 0.834961 1.444702 2.029000 3.838000 13.725000 28.400000
-0.036621 -1.001953 0.023438 0.061035 0.000000 0.000000 -0.549316 0.834961 1.444702 1.939000 3.827000 13.750000 28.380000
-0.036133 -1.001465 0.022949 0.122070 0.000000 0.000000 -0.549316 0.834961 1.444702 2.147000 3.864000 13.729000 28.390000
-0.036133 -1.002441 0.023438 0.122070 0.000000 0.000000 -0.543823 0.834961 1.444702 1.869000 3.882000 13.719000 28.470000
-0.036621 -1.002441 0.022949 -0.183105 0.000000 0.000000 -0.527344 0.834961 1.444702 1.839000 3.859000 13.727000 28.430000
-0.037109 -1.002930 0.023438 -1.220703 -0.122070 0.000000 -0.565796 0.834961 1.444702 2.007000 3.847000 13.714000 28.420000
-0.037109 -1.002441 0.025391 -0.732422 -0.061035 0.000000 -0.527344 0.834961 1.439209 2.026000 3.860000 13.731000 28.430000
-0.036621 -1.001953 0.024414 0.183105 0.000000 0.000000 -0.554810 0.834961 1.444702 1.954000 3.853000 13.726000 28.410000
-0.036133 -1.002930 0.022949 0.854492 0.122070 0.000000 -0.549316 0.840454 1.439209 2.008000 3.840000 13.731000 28.410000
-0.036133 -1.003418 0.023438 0.000000 0.000000 0.000000 -0.538330 0.840454 1.439209 2.028000 3.855000 13.730000 28.430000
-0.036621 -1.002441 0.024902 -1.281738 -0.122070 0.000000 -0.532837 0.840454 1.439209 2.011000 3.836000 13.738000 28.420000
-0.037109 -1.002930 0.024414 0.244141 0.000000 0.000000 -0.538330 0.834961 1.439209 2.189000 3.851000 13.732000 28.430000
-0.036133 -1.002930 0.024414 -0.549316 -0.061035 0.000000 -0.499878 0.834961 1.439209 2.034000 3.872000 13.736000 28.470000
-0.035645 -1.003418 0.023438 0.488281 0.000000 0.000000 -0.505371 0.834961 1.439209 1.914000 3.869000 13.724000 28.430000
-0.036621 -1.002441 0.024902 -0.366211 0.000000 0.000000 -0.521851 0.834961 1.439209 1.825000 3.885000 13.743000 28.440000
-0.037109 -1.002441 0.025391 -0.305176 -0.061035 0.000000 -0.488892 0.834961 1.433716 1.821000 3.867000 13.737000 28.460000
-0.036621 -1.002930 0.024902 -0.549316 0.000000 0.000000 -0.494385 0.834961 1.433716 1.904000 3.868000 13.744000 28.430000
-0.036133 -1.003418 0.024902 0.122070 0.000000 0.000000 -0.494385 0.834961 1.433716 1.943000 3.870000 13.753000 28.460000
-0.037598 -1.002930 0.024902 -0.427246 -0.061035 0.000000 -0.505371 0.834961 1.433716 1.849000 3.865000 13.756000 28.450000
-0.037109 -1.002441 0.024414 0.183105 0.000000 0.000000 -0.532837 0.834961 1.433716 1.821000 3.847000 13.748000 28.470000
-0.037109 -1.000488 0.021484 -2.441406 -0.244141 0.000000 -0.637207 0.834961 1.433716 1.814000 3.830000 13.753000 28.440000
-0.036133 -1.001465 0.021973 -0.488281 -0.061035 0.000000 -0.681152 0.834961 1.433716 1.817000 3.829000 13.730000 28.490000
-0.036133 -1.000488 0.020996 -0.793457 -0.122070 0.000000 -0.708618 0.834961 1.433716 1.823000 3.811000 13.742000 28.470000
-0.035645 -1.001465 0.020020 -0.244141 0.000000 0.000000 -0.708618 0.834961 1.433716 1.814000 3.809000 13.739000 28.480000
-0.036133 -1.001465 0.020020 0.000000 0.000000 0.000000 -0.708618 0.834961 1.433716 1.811000 3.828000 13.732000 28.460000
-0.036133 -1.001465 0.021973 1.281738 0.183105 0.000000 -0.648193 0.834961 1.422729 1.848000 3.825000 13.733000 28.500000
-0.038574 -1.003906 0.020020 1.525879 0.244141 0.000000 -0.576782 0.834961 1.417236 1.913000 3.820000 13.732000 28.500000
-0.036621 -1.002930 0.021484 0.793457 0.122070 -0.183105 -0.549316 0.840454 1.411743 1.829000 3.853000 13.743000 28.480000
-0.036621 -1.001953 0.023926 0.488281 0.122070 -0.305176 -0.532837 0.845947 1.411743 1.806000 3.836000 13.741000 28.510000
-0.037109 -1.000000 0.024414 0.488281 0.122070 0.000000 -0.516357 0.845947 1.411743 1.831000 3.849000 13.743000 28.500000
-0.036621 -1.000488 0.023926 -0.244141 0.000000 0.122070 -0.521851 0.845947 1.411743 1.812000 3.850000 13.744000 28.500000
-0.036621 -1.000000 0.024902 0.061035 0.000000 0.000000 -0.516357 0.840454 1.411743 1.811000 3.875000 13.743000 28.530000
-0.036133 -1.001465 0.024414 0.000000 0.000000 0.000000 -0.510864 0.840454 1.411743 1.909000 3.837000 13.747000 28.500000
-0.036621 -1.000977 0.023926 0.061035 0.000000 0.000000 -0.510864 0.840454 1.411743 1.903000 3.864000 13.734000 28.490000
-0.036133 -1.001465 0.024414 0.122070 0.000000 0.000000 -0.510864 0.840454 1.411743 1.972000 3.869000 13.749000 28.500000
-0.036133 -1.000000 0.025391 -2.502441 -0.366211 0.000000 -0.510864 0.834961 1.406250 1.994000 3.859000 13.729000 28.520000
-0.035156 -1.001465 0.024414 -0.427246 -0.061035 0.000000 -0.516357 0.834961 1.411743 1.924000 3.864000 13.720000 28.540000
-0.036133 -1.001465 0.023438 0.000000 0.000000 0.000000 -0.516357 0.834961 1.411743 2.175000 3.883000 13.721000 28.520000
-0.036621 -1.002441 0.024414 -0.183105 0.000000 0.000000 -0.510864 0.834961 1.411743 2.188000 3.880000 13.722000 28.540000
-0.035156 -1.000977 0.022949 0.000000 0.000000 0.000000 -0.516357 0.834961 1.411743 2.189000 3.884000 13.711000 28.490000
-0.036133 -1.001465 0.024414 -0.183105 0.000000 0.000000 -0.532837 0.834961 1.411743 2.030000 3.868000 13.719000 28.540000
-0.036621 -1.000488 0.024902 0.244141 0.000000 0.000000 -0.532837 0.834961 1.411743 1.916000 3.841000 13.732000 28.550000
-0.036621 -1.002441 0.023926 0.000000 0.000000 0.000000 -0.527344 0.834961 1.411743 2.200000 3.863000 13.725000 28.540000
-0.037598 -1.001465 0.023438 0.000000 0.000000 0.000000 -0.521851 0.834961 1.411743 2.160000 3.867000 13.734000 28.530000
-0.037109 -1.001953 0.022949 0.000000 0.000000 0.000000 -0.521851 0.834961 1.411743 2.185000 3.881000 13.731000 28.540000
-0.037109 -1.001465 0.022949 0.000000 -0.061035 0.000000 -0.516357 0.834961 1.411743 1.928000 3.882000 13.716000 28.540000
-0.037109 -1.000977 0.023926 0.000000 0.000000 0.000000 -0.521851 0.834961 1.411743 2.081000 3.881000 13.708000 28.520000
-0.036621 -1.000977 0.024414 0.000000 0.000000 0.000000 -0.516357 0.834961 1.411743 2.026000 3.835000 13.720000 28.580000
-0.036621 -1.001465 0.024902 -0.183105 0.000000 0.000000 -0.516357 0.834961 1.411743 2.095000 3.877000 13.719000 28.530000
-0.036133 -1.001953 0.023926 -0.122070 0.061035 0.000000 -0.516357 0.834961 1.411743 2.228000 3.885000 13.718000 28.580000
-0.036133 -1.001465 0.023438 0.000000 0.000000 0.000000 -0.516357 0.834961 1.411743 2.115000 3.864000 13.717000 28.540000
-0.036621 -1.001465 0.023926 0.000000 0.000000 0.000000 -0.510864 0.834961 1.411743 2.104000 3.875000 13.720000 28.540000
-0.036621 -1.001465 0.023926 0.000000 0.000000 0.000000 -0.510864 0.840454 1.411743 1.989000 3.882000 13.723000 28.580000
-0.036621 -1.000977 0.024414 0.000000 0.000000 0.000000 -0.505371 0.840454 1.411743 2.124000 3.876000 13.718000 28.590000
-0.037109 -1.001953 0.024414 0.000000 0.000000 0.000000 -0.505371 0.840454 1.411743 2.141000 3.877000 13.716000 28.580000
-0.036621 -1.001465 0.023926 0.000000 0.000000 0.000000 -0.499878 0.840454 1.411743 2.087000 3.864000 13.724000 28.590000
-0.036621 -1.001465 0.023926 0.000000 0.000000 0.000000 -0.499878 0.840454 1.411743 2.154000 3.873000 13.716000 28.570000
-0.036621 -1.000977 0.023926 0.000000 0.000000 0.000000 -0.494385 0.840454 1.411743 2.086000 3.869000 13.721000 28.600000
-0.036133 -1.001465 0.023926 0.000000 0.000000 0.000000 -0.494385 0.840454 1.411743 2.034000 3.869000 13.717000 28.560000
-0.036621 -1.001465 0.023926 0.000000 0.000000 0.000000 -0.494385 0.840454 1.411743 2.027000 3.878000 13.719000 28.570000
-0.036133 -1.000977 0.024414 0.000000 0.000000 0.000000 -0.488892 0.840454 1.411743 1.999000 3.871000 13.700000 28.610000
-0.036621 -1.001953 0.023926 0.000000 0.000000 0.000000 -0.488892 0.840454 1.411743 2.167000 3.897000 13.700000 28.590000
-0.036621 -1.000977 0.024414 0.000000 0.000000 0.000000 -0.488892 0.840454 1.411743 2.119000 3.898000 13.717000 28.580000
-0.037109 -1.000977 0.024414 0.000000 0.000000 0.000000 -0.488892 0.840454 1.411743 1.953000 3.887000 13.718000 28.570000
-0.037109 -1.000977 0.024414 0.000000 0.000000 0.000000 -0.488892 0.834961 1.411743 2.057000 3.878000 13.714000 28.580000
-0.037109 -1.000488 0.024414 -0.305176 -0.061035 0.000000 -0.483398 0.834961 1.411743 2.132000 3.875000 13.718000 28.600000
-0.037109 -1.000977 0.024414 -0.122070 0.000000 0.000000 -0.477905 0.834961 1.411743 2.187000 3.887000 13.708000 28.590000
-0.036133 -1.001465 0.022949 -0.061035 0.000000 0.000000 -0.472412 0.834961 1.411743 2.042000 3.890000 13.709000 28.610000
-0.036621 -1.001953 0.023438 0.000000 0.000000 0.000000 -0.472412 0.834961 1.411743 2.077000 3.887000 13.691000 28.610000
-0.036621 -1.001953 0.023438 0.000000 0.000000 0.000000 -0.472412 0.840454 1.411743 2.203000 3.880000 13.715000 28.620000
-0.037109 -1.001953 0.023926 0.000000 0.000000 0.000000 -0.466919 0.840454 1.411743 2.250000 3.865000 13.715000 28.610000
-0.036133 -1.000977 0.023926 0.000000 0.000000 0.000000 -0.472412 0.840454 1.411743 2.128000 3.890000 13.722000 28.610000
-0.036621 -1.001953 0.023438 0.000000 0.000000 0.000000 -0.472412 0.840454 1.411743 2.012000 3.869000 13.714000 28.600000
-0.036621 -1.001953 0.024414 0.000000 0.000000 0.000000 -0.466919 0.840454 1.411743 1.996000 3.872000 13.731000 28.650000
-0.036133 -1.001953 0.024902 0.061035 0.000000 0.000000 -0.466919 0.840454 1.411743 2.010000 3.852000 13.709000 28.640000
-0.037598 -1.001465 0.022949 0.000000 0.000000 0.000000 -0.466919 0.840454 1.411743 2.182000 3.861000 13.731000 28.630000
-0.035645 -1.000977 0.024414 0.000000 0.000000 0.000000 -0.466919 0.840454 1.411743 2.184000 3.873000 13.730000 28.610000
-0.036621 -1.000977 0.024414 0.000000 0.000000 0.000000 -0.466919 0.840454 1.411743 2.177000 3.872000 13.719000 28.610000
-0.036621 -1.000977 0.022949 0.000000 0.000000 0.000000 -0.466919 0.840454 1.411743 2.162000 3.854000 13.715000 28.620000
-0.036621 -1.000488 0.023926 0.000000 0.000000 0.000000 -0.466919 0.840454 1.411743 2.197000 3.872000 13.711000 28.610000
-0.036621 -1.001953 0.023438 0.000000 0.000000 0.000000 -0.466919 0.840454 1.411743 2.177000 3.877000 13.729000 28.610000
-0.036621 -1.001465 0.024414 0.000000 0.000000 0.000000 -0.466919 0.840454 1.411743 2.185000 3.865000 13.717000 28.610000
-0.036133 -1.000977 0.023926 0.000000 0.000000 0.000000 -0.466919 0.840454 1.411743 2.224000 3.864000 13.716000 28.640000
-0.035645 -1.001465 0.024414 0.000000 0.000000 0.000000 -0.466919 0.840454 1.411743 2.231000 3.901000 13.726000 28.650000
-0.037109 -1.000977 0.023926 0.000000 0.000000 0.000000 -0.466919 0.834961 1.411743 2.110000 3.878000 13.734000 28.650000
-0.037109 -1.001465 0.023926 0.000000 0.000000 0.000000 -0.466919 0.834961 1.411743 2.068000 3.870000 13.714000 28.650000
-0.036621 -1.000000 0.023438 0.000000 0.000000 0.000000 -0.466919 0.834961 1.411743 2.012000 3.864000 13.707000 28.690000
-0.036621 -1.001953 0.023926 0.000000 0.000000 0.000000 -0.466919 0.834961 1.411743 1.918000 3.846000 13.720000 28.640000
-0.036133 -1.000977 0.023438 -0.183105 -0.122070 0.000000 -0.466919 0.834961 1.411743 2.083000 3.890000 13.719000 28.660000
-0.036621 -1.000977 0.024902 -0.061035 0.000000 0.000000 -0.466919 0.834961 1.411743 2.150000 3.882000 13.732000 28.650000
-0.036621 -1.002930 0.023926 0.000000 -0.061035 0.000000 -0.466919 0.840454 1.411743 2.203000 3.884000 13.713000 28.690000
-0.036133 -1.002441 0.024414 0.000000 0.000000 0.000000 -0.466919 0.840454 1.411743 2.018000 3.869000 13.710000 28.650000
-0.036621 -1.002441 0.022949 0.061035 0.000000 0.000000 -0.466919 0.840454 1.411743 1.959000 3.888000 13.720000 28.670000
-0.036621 -1.002930 0.024414 0.000000 0.000000 0.000000 -0.466919 0.840454 1.411743 2.028000 3.903000 13.716000 28.650000
-0.036621 -1.002930 0.024414 0.000000 0.000000 0.000000 -0.466919 0.840454 1.411743 2.165000 3.861000 13.730000 28.690000
-0.036621 -1.002441 0.023926 0.000000 0.000000 0.000000 -0.466919 0.840454 1.411743 2.108000 3.876000 13.723000 28.650000
-0.036621 -1.002930 0.023926 0.000000 0.000000 0.000000 -0.466919 0.840454 1.411743 2.109000 3.888000 13.721000 28.680000
-0.037109 -1.002441 0.024414 0.000000 0.000000 0.000000 -0.466919 0.840454 1.411743 2.018000 3.878000 13.707000 28.680000
-0.036621 -1.002930 0.023926 0.000000 0.000000 0.000000 -0.466919 0.840454 1.411743 2.032000 3.883000 13.712000 28.690000
-0.036621 -1.001953 0.024414 0.183105 0.122070 0.000000 -0.466919 0.840454 1.411743 2.092000 3.882000 13.722000 28.710000
-0.036621 -1.002930 0.024414 0.000000 0.000000 0.000000 -0.461426 0.834961 1.411743 2.187000 3.868000 13.714000 28.680000
-0.036621 -1.002441 0.024414 0.061035 0.000000 0.000000 -0.461426 0.834961 1.411743 2.183000 3.867000 13.708000 28.690000
-0.036133 -1.001953 0.023926 0.000000 0.000000 0.000000 -0.461426 0.834961 1.411743 2.036000 3.868000 13.727000 28.660000
-0.037109 -1.003418 0.024414 0.000000 0.000000 0.000000 -0.461426 0.834961 1.411743 2.109000 3.886000 13.720000 28.690000
-0.036621 -1.003418 0.023926 0.000000 0.000000 0.000000 -0.461426 0.834961 1.411743 2.143000 3.864000 13.712000 28.730000
-0.036621 -1.000977 0.023926 0.000000 0.000000 0.000000 -0.461426 0.834961 1.411743 2.146000 3.852000 13.729000 28.700000
-0.037109 -1.000977 0.022949 0.000000 0.000000 0.000000 -0.461426 0.834961 1.411743 2.011000 3.889000 13.707000 28.700000
-0.037109 -1.001465 0.023926 0.000000 0.000000 0.000000 -0.461426 0.840454 1.411743 2.176000 3.892000 13.706000 28.700000
-0.037109 -1.000000 0.023438 0.000000 0.000000 0.000000 -0.466919 0.840454 1.411743 2.052000 3.872000 13.718000 28.700000
-0.037109 -1.000488 0.023926 0.000000 0.000000 0.000000 -0.466919 0.840454 1.411743 2.003000 3.872000 13.704000 28.690000
-0.036133 -1.001465 0.023438 0.000000 0.000000 0.000000 -0.466919 0.840454 1.411743 2.074000 3.843000 13.724000 28.650000
-0.036621 -1.001465 0.023926 0.000000 0.000000 0.000000 -0.466919 0.834961 1.411743 2.113000 3.865000 13.717000 28.690000
-0.036133 -1.001953 0.023438 0.000000 0.000000 0.000000 -0.466919 0.834961 1.411743 2.105000 3.864000 13.709000 28.730000
-0.036621 -1.000977 0.024902 0.000000 0.000000 0.000000 -0.466919 0.834961 1.411743 1.993000 3.873000 13.700000 28.690000
-0.036133 -1.001465 0.023926 0.000000 0.000000 0.000000 -0.466919 0.834961 1.411743 2.021000 3.870000 13.718000 28.730000
-0.037109 -1.001465 0.023438 0.000000 0.000000 0.000000 -0.466919 0.834961 1.411743 2.065000 3.895000 13.727000 28.710000
-0.037109 -1.001465 0.023926 0.000000 0.000000 0.000000 -0.466919 0.834961 1.411743 2.060000 3.892000 13.727000 28.700000
-0.036621 -1.001465 0.023926 0.000000 0.000000 0.000000 -0.466919 0.834961 1.411743 1.961000 3.889000 13.725000 28.730000
-0.036621 -1.000977 0.023438 0.000000 0.000000 0.000000 -0.466919 0.834961 1.411743 2.204000 3.872000 13.728000 28.750000
-0.037109 -1.000977 0.023926 0.000000 0.000000 0.000000 -0.466919 0.834961 1.411743 2.042000 3.870000 13.719000 28.730000
-0.037109 -1.001465 0.023926 0.000000 0.000000 0.000000 -0.466919 0.834961 1.411743 1.982000 3.873000 13.714000 28.740000
-0.036621 -1.002930 0.023926 0.000000 0.000000 0.000000 -0.466919 0.834961 1.411743 1.980000 3.888000 13.719000 28.740000
-0.037109 -1.001953 0.023438 0.000000 0.000000 0.000000 -0.466919 0.834961 1.411743 2.027000 3.869000 13.717000 28.760000
-0.037109 -1.001953 0.023438 0.000000 0.000000 0.000000 -0.466919 0.834961 1.411743 2.209000 3.873000 13.701000 28.720000
-0.037109 -1.002930 0.024414 0.000000 0.000000 0.000000 -0.466919 0.834961 1.411743 1.904000 3.889000 13.723000 28.720000
-0.036133 -1.002441 0.024414 0.000000 0.000000 0.000000 -0.466919 0.840454 1.411743 2.095000 3.866000 13.727000 28.720000
-0.036621 -1.003418 0.024414 0.000000 0.000000 0.000000 -0.466919 0.834961 1.411743 2.146000 3.877000 13.726000 28.730000
-0.037109 -1.001953 0.023926 0.000000 0.000000 0.000000 -0.466919 0.834961 1.411743 2.112000 3.858000 13.724000 28.760000
-0.036621 -1.002441 0.024414 0.000000 0.000000 0.000000 -0.466919 0.834961 1.411743 2.128000 3.873000 13.723000 28.750000
-0.037598 -1.002930 0.023926 0.000000 0.000000 0.000000 -0.472412 0.840454 1.411743 1.950000 3.882000 13.707000 28.760000
-0.037109 -1.004395 0.024414 0.000000 0.000000 0.000000 -0.472412 0.840454 1.411743 1.975000 3.867000 13.715000 28.770000
-0.036133 -1.002930 0.023926 0.000000 0.000000 0.000000 -0.472412 0.840454 1.411743 2.111000 3.870000 13.712000 28.730000
-0.036621 -1.002930 0.024414 0.000000 0.000000 0.000000 -0.472412 0.834961 1.411743 2.165000 3.853000 13.718000 28.760000
-0.037109 -1.002930 0.024414 0.000000 0.000000 0.000000 -0.472412 0.834961 1.411743 2.193000 3.869000 13.723000 28.740000
-0.036133 -1.002930 0.023438 0.000000 0.000000 0.000000 -0.472412 0.834961 1.411743 2.053000 3.854000 13.718000 28.770000
-0.036621 -1.002441 0.023926 0.000000 0.000000 0.000000 -0.472412 0.834961 1.411743 1.999000 3.846000 13.715000 28.740000
-0.036621 -1.002930 0.024414 0.000000 0.000000 0.000000 -0.472412 0.840454 1.411743 2.035000 3.870000 13.714000 28.780000
-0.036133 -1.002930 0.023926 0.000000 0.000000 0.000000 -0.472412 0.834961 1.411743 2.204000 3.882000 13.721000 28.760000
-0.037109 -1.001953 0.023926 0.000000 0.000000 0.000000 -0.466919 0.834961 1.411743 2.227000 3.891000 13.709000 28.750000
-0.036621 -1.002441 0.024414 0.000000 0.000000 0.000000 -0.466919 0.834961 1.411743 2.187000 3.904000 13.719000 28.740000
-0.037109 -1.002441 0.023438 0.000000 0.000000 0.000000 -0.466919 0.834961 1.411743 2.067000 3.886000 13.720000 28.800000
-0.036621 -1.003906 0.024414 0.000000 0.000000 0.000000 -0.466919 0.834961 1.411743 2.102000 3.860000 13.717000 28.750000
-0.036133 -1.002441 0.023926 0.000000 0.000000 0.000000 -0.472412 0.834961 1.411743 2.127000 3.881000 13.709000 28.800000
-0.035645 -1.003418 0.023926 0.000000 0.000000 0.000000 -0.472412 0.829468 1.411743 2.120000 3.876000 13.710000 28.770000
-0.035645 -1.002930 0.023926 0.000000 0.000000 0.000000 -0.472412 0.829468 1.411743 1.949000 3.879000 13.721000 28.800000
-0.036133 -1.002441 0.024414 0.000000 0.000000 0.000000 -0.472412 0.829468 1.411743 2.073000 3.876000 13.725000 28.760000
-0.035645 -1.003418 0.024414 0.000000 0.000000 0.000000 -0.472412 0.829468 1.411743 2.062000 3.878000 13.709000 28.810000
-0.036133 -1.002930 0.024414 0.000000 0.000000 0.000000 -0.472412 0.829468 1.411743 2.110000 3.897000 13.701000 28.780000
-0.035645 -1.001465 0.024414 0.000000 0.000000 0.000000 -0.472412 0.823975 1.411743 2.258000 3.905000 13.719000 28.780000
-0.036621 -1.001465 0.024414 0.000000 0.000000 0.000000 -0.472412 0.823975 1.411743 2.081000 3.885000 13.714000 28.760000
-0.037109 -1.001465 0.024902 0.000000 0.000000 0.000000 -0.472412 0.823975 1.411743 2.090000 3.859000 13.710000 28.820000
-0.036133 -1.001953 0.024902 0.000000 0.000000 0.000000 -0.472412 0.823975 1.411743 2.104000 3.877000 13.699000 28.810000
-0.037109 -1.001465 0.024414 0.000000 0.000000 0.000000 -0.472412 0.823975 1.411743 2.019000 3.873000 13.699000 28.760000
-0.035645 -1.000977 0.024414 0.000000 0.000000 0.000000 -0.472412 0.823975 1.411743 2.132000 3.885000 13.723000 28.800000
-0.036621 -1.001465 0.023438 0.000000 0.000000 0.000000 -0.472412 0.823975 1.411743 2.143000 3.863000 13.728000 28.810000
-0.036133 -1.001465 0.024414 0.000000 0.000000 0.000000 -0.472412 0.818481 1.411743 2.225000 3.882000 13.722000 28.800000
-0.036621 -1.001465 0.023926 0.000000 0.000000 0.000000 -0.472412 0.818481 1.411743 2.037000 3.855000 13.731000 28.810000
-0.035645 -1.001465 0.023438 0.000000 0.000000 0.000000 -0.472412 0.818481 1.411743 2.065000 3.889000 13.717000 28.800000
-0.036621 -1.002441 0.023438 0.000000 0.000000 0.000000 -0.472412 0.818481 1.411743 1.941000 3.868000 13.711000 28.800000
-0.035645 -1.001465 0.024902 0.000000 0.000000 0.000000 -0.472412 0.818481 1.411743 1.980000 3.880000 13.708000 28.860000
-0.035645 -1.000977 0.023926 0.000000 0.000000 0.000000 -0.472412 0.818481 1.411743 2.032000 3.876000 13.712000 28.800000
