-0.021973 -0.950684 -0.321777 0.000000 0.000000 0.000000 -113.230591 0.126343 -43.154297 -4.284000 -0.892000 4.627000 33.560000
-0.021973 -0.950684 -0.321289 0.000000 0.000000 0.000000 -113.230591 0.126343 -43.154297 -4.284000 -0.887000 4.650000 33.540000
-0.021973 -0.951660 -0.322266 0.000000 0.000000 0.000000 -113.230591 0.126343 -43.154297 -4.289000 -0.885000 4.641000 33.520000
-0.021973 -0.951660 -0.321777 0.000000 0.000000 0.000000 -113.230591 0.126343 -43.154297 -4.279000 -0.872000 4.679000 33.570000
-0.021973 -0.950684 -0.322266 0.000000 0.000000 0.000000 -113.230591 0.126343 -43.154297 -4.296000 -0.875000 4.667000 33.470000
-0.022949 -0.950684 -0.322266 0.000000 0.000000 0.000000 -113.230591 0.126343 -43.154297 -4.295000 -0.891000 4.648000 33.470000
-0.021484 -0.951172 -0.321777 0.000000 0.000000 0.000000 -113.230591 0.126343 -43.154297 -4.298000 -0.883000 4.642000 33.480000
-0.022461 -0.951172 -0.322754 0.000000 0.000000 0.000000 -113.230591 0.126343 -43.154297 -4.288000 -0.888000 4.658000 33.530000
-0.021973 -0.951172 -0.322266 0.000000 0.000000 0.000000 -113.230591 0.126343 -43.154297 -4.286000 -0.868000 4.646000 33.580000
-0.021484 -0.950195 -0.321777 0.000000 0.000000 0.000000 -113.230591 0.126343 -43.154297 -4.295000 -0.881000 4.635000 33.470000
-0.021484 -0.950684 -0.321289 0.000000 0.000000 0.000000 -113.230591 0.126343 -43.154297 -4.281000 -0.889000 4.639000 33.540000
-0.021973 -0.950684 -0.321777 0.000000 0.000000 0.000000 -113.225098 0.126343 -43.154297 -4.276000 -0.877000 4.645000 33.500000
-0.021973 -0.951172 -0.321289 0.000000 0.000000 0.000000 -113.225098 0.131836 -43.154297 -4.289000 -0.879000 4.665000 33.480000
-0.021973 -0.951172 -0.321777 0.000000 0.000000 0.000000 -113.225098 0.131836 -43.154297 -4.284000 -0.885000 4.670000 33.430000
-0.021973 -0.951660 -0.321777 0.000000 0.000000 0.000000 -113.225098 0.131836 -43.154297 -4.286000 -0.882000 4.676000 33.430000
-0.022461 -0.951172 -0.321289 0.000000 0.000000 0.000000 -113.225098 0.131836 -43.154297 -4.286000 -0.876000 4.634000 33.500000
-0.022949 -0.951172 -0.320801 0.000000 0.000000 0.000000 -113.219604 0.131836 -43.154297 -4.293000 -0.877000 4.656000 33.370000
-0.022461 -0.951172 -0.322266 0.000000 0.000000 0.000000 -113.219604 0.131836 -43.154297 -4.282000 -0.879000 4.642000 33.440000
-0.021484 -0.951172 -0.321777 0.000000 0.000000 0.000000 -113.219604 0.131836 -43.154297 -4.290000 -0.876000 4.655000 33.470000
-0.021484 -0.952148 -0.321289 0.000000 0.000000 0.000000 -113.219604 0.131836 -43.154297 -4.281000 -0.887000 4.656000 33.410000
-0.021973 -0.951172 -0.321777 0.000000 0.000000 0.000000 -113.214111 0.131836 -43.154297 -4.294000 -0.879000 4.651000 33.350000
-0.021973 -0.950684 -0.320801 0.000000 0.000000 0.000000 -113.214111 0.131836 -43.154297 -4.298000 -0.877000 4.669000 33.430000
-0.004883 -0.944336 -0.343262 0.000000 0.000000 0.000000 -113.214111 0.131836 -43.154297 -4.274000 -0.880000 4.641000 33.390000
-0.304199 -0.952148 -0.199707 0.915527 0.915527 -1.098633 -114.175415 -0.494385 -43.950806 -4.250000 -0.833000 4.616000 33.380000
0.135254 -0.953125 -0.052734 91.491699 23.010254 36.254883 -111.494751 0.516357 -43.560791 -4.252000 -0.819000 4.642000 33.370000
0.027832 -1.019043 0.422363 104.309082 -225.769043 8.544922 -84.023438 -5.465698 -42.379761 -4.428000 0.514000 4.214000 33.390000
-0.097656 -0.865723 0.675293 190.551758 -123.840332 29.052734 -66.610107 -5.877686 -28.328247 -3.721000 1.525000 3.555000 33.430000
0.235352 -0.500977 0.799805 104.003906 -250.610352 -46.264648 -56.288452 -11.409302 -18.363647 -3.172000 2.181000 2.675000 33.380000
0.575684 -0.397461 0.617188 183.654785 16.357422 -75.500488 -46.164551 -23.186646 -8.569336 -3.007000 2.696000 1.650000 33.400000
0.681641 -0.073242 0.834473 287.414551 -34.362793 14.953613 -32.085571 -35.529785 -9.190063 -3.455000 2.846000 0.682000 33.300000
0.568359 0.593750 0.529297 82.336426 -1.464844 -16.357422 28.855591 -40.885620 -17.825317 -4.232000 1.076000 -2.817000 33.340000
0.581543 0.618652 0.545410 7.141113 15.808105 -44.921875 34.639893 -35.870361 -23.796387 -4.182000 0.731000 -3.066000 33.320000
0.565430 0.683594 0.462402 37.780762 23.864746 -34.729004 37.677612 -32.426147 -25.449829 -4.237000 0.451000 -3.144000 33.320000
0.565918 0.660156 0.224609 52.490234 -95.947266 -7.385254 44.813232 -33.953247 -31.239624 -4.344000 0.232000 -3.214000 33.350000
0.476074 0.889648 0.298340 65.490723 16.357422 -36.621094 56.612549 -38.501587 -37.886353 -4.827000 -0.324000 -3.292000 33.430000
0.473633 0.796387 0.421387 29.357910 -6.042480 27.526855 53.223267 -27.680054 -28.339233 -4.454000 -0.660000 -3.426000 33.500000
0.500488 0.779297 0.379883 11.901855 16.723633 -3.112793 55.524902 -28.460083 -27.910767 -3.990000 -0.651000 -3.395000 33.390000
0.480469 0.835938 0.287109 46.569824 4.211426 -8.666992 61.072998 -27.723999 -27.795410 -3.908000 -0.889000 -3.394000 33.450000
0.400879 0.871094 0.222656 47.302246 49.438477 -3.417969 63.709717 -25.988159 -27.009888 -3.996000 -1.161000 -3.371000 33.480000
0.371094 0.960938 0.232910 8.972168 48.828125 2.075195 63.209839 -23.296509 -23.917236 -3.745000 -1.450000 -3.340000 33.520000
0.369629 0.864258 0.417969 -59.631348 -6.042480 35.705566 54.607544 -22.148438 -14.551392 -2.759000 -1.328000 -3.059000 33.470000
0.282715 0.776367 0.446777 -62.744141 291.992188 -106.567383 47.543335 -15.573120 -8.876953 -2.306000 -0.938000 -2.901000 33.420000
-0.040039 0.811523 0.551758 -320.312500 -65.612793 -223.144531 39.396973 -4.010010 -10.250244 -1.592000 -0.195000 -2.352000 33.510000
0.152832 0.701660 0.932129 1.159668 -12.207031 134.765625 32.025146 -3.554077 -10.008545 -1.429000 0.500000 -2.001000 33.490000
0.017578 0.578125 0.694336 50.964355 -69.396973 57.067871 39.133301 -13.688965 -3.999023 -1.370000 -0.191000 -2.006000 33.500000
0.430664 0.815918 -0.188965 285.644531 -48.522949 12.390137 63.017578 -24.483032 -4.592285 -1.494000 -1.974000 -1.925000 33.580000
0.552734 0.676758 -0.577637 328.552246 -21.179199 69.213867 93.394775 -29.130249 -9.503174 -1.795000 -3.272000 -1.097000 33.520000
0.461914 0.083984 -0.630859 -64.819336 -224.914551 248.229980 124.650879 -31.168213 -17.314453 -2.139000 -4.166000 0.225000 33.500000
0.449707 0.218750 -0.906738 9.948730 -2.319336 4.394531 161.092529 -29.256592 -31.970215 -2.816000 -4.370000 2.043000 33.550000
0.397461 0.050293 -0.958984 34.729004 -3.112793 9.033203 159.966431 -25.861816 -36.842651 -3.212000 -4.462000 2.073000 33.580000
0.400879 -0.012695 -0.943359 21.240234 -4.333496 1.647949 171.282349 -24.977417 -35.974731 -3.163000 -4.553000 2.711000 33.590000
0.393555 -0.029297 -0.937500 15.136719 2.258301 -0.732422 172.567749 -24.933472 -35.216675 -3.154000 -4.324000 2.803000 33.540000
0.404785 -0.015137 -0.939453 -23.681641 -0.793457 -1.037598 171.958008 -25.026855 -34.260864 -3.143000 -4.478000 2.792000 33.550000
0.389648 0.024902 -0.945312 -19.104004 2.807617 -3.112793 169.535522 -24.647827 -33.200684 -3.156000 -4.506000 2.649000 33.560000
0.392578 0.136719 -0.920410 -78.491211 12.512207 3.662109 164.871826 -24.785156 -32.085571 -3.192000 -4.545000 2.382000 33.450000
0.295898 0.479980 0.723145 -77.087402 22.705078 -5.371094 83.891602 -28.839111 -25.839844 -2.980000 -3.692000 -1.082000 33.610000
0.280762 0.240723 0.857422 -8.911133 -22.766113 13.244629 36.584473 -16.891479 -28.306274 -3.054000 1.158000 -1.968000 33.560000
0.015625 0.059082 1.183105 -58.654785 91.735840 27.648926 32.717285 -15.144653 -27.185669 -2.932000 2.062000 -1.882000 33.530000
0.062012 -0.025391 1.065430 -218.383789 -8.361816 -62.316895 18.116455 -13.255005 -24.851074 -2.804000 2.494000 -1.371000 33.630000
0.353516 -0.007324 1.041016 85.083008 -49.804688 -60.913086 13.721924 -12.337646 -23.549194 -2.440000 2.714000 -0.935000 33.590000
0.559570 -0.491699 0.484375 149.902344 9.155273 71.105957 -24.829102 -32.239380 -57.612305 -5.317000 2.894000 2.497000 33.570000
0.633301 -0.562988 0.768555 -2.990723 28.564453 8.056641 -23.109741 -28.152466 -55.706177 -5.253000 2.888000 2.373000 33.580000
0.545898 -0.735352 0.383789 -191.101074 22.644043 -129.943848 -43.319092 -31.728516 -60.012817 -5.326000 2.379000 3.228000 33.580000
0.679688 -0.466309 0.493652 -119.506836 -5.126953 -62.561035 -52.338867 -33.667603 -66.159668 -5.649000 1.626000 3.906000 33.670000
0.821289 -0.548828 0.056641 -82.824707 -31.188965 -27.343750 -72.432861 -39.858398 -64.544678 -5.787000 0.282000 4.549000 33.600000
0.794434 -0.397949 -0.335938 -416.259766 55.297852 18.615723 -92.955322 -42.055664 -65.994873 -5.807000 -1.152000 4.689000 33.680000
0.870117 -0.078125 -0.589844 -182.739258 -60.607910 3.356934 -122.382202 -44.077148 -65.560913 -6.013000 -3.004000 3.955000 33.580000
0.715820 0.056641 -0.754395 -326.293945 12.023926 75.378418 -156.571655 -39.990234 -61.155396 -5.547000 -4.189000 2.558000 33.570000
0.673828 0.246582 -0.874512 -108.154297 -3.295898 -13.610840 -174.754028 -38.820190 -60.183105 -5.446000 -4.714000 1.256000 33.610000
0.460938 0.278809 -0.972656 -71.655273 -97.534180 -9.338379 171.787720 -32.382202 -59.271240 -5.457000 -4.585000 0.481000 33.580000
0.499023 0.425781 -0.799316 -80.932617 7.324219 32.226562 159.406128 -26.932983 -60.545654 -5.981000 -4.444000 -0.181000 33.700000
0.508789 0.526367 -0.729492 -54.077148 -33.081055 42.663574 154.451294 -27.268066 -62.534180 -5.972000 -4.266000 -0.507000 33.670000
0.582031 0.553223 -0.654785 -106.079102 56.701660 60.791016 144.453735 -32.014160 -65.753174 -6.213000 -3.743000 -1.115000 33.610000
0.679199 0.557617 -0.391602 -86.242676 98.937988 64.147949 134.313354 -41.160278 -66.527710 -6.243000 -3.065000 -1.814000 33.750000
0.797363 0.391602 -0.476074 61.828613 -7.995605 26.550293 146.409302 -45.609741 -71.262817 -6.389000 -2.962000 -1.796000 33.720000
0.887695 0.403320 -0.381348 -98.693848 36.254883 28.869629 148.425293 -46.620483 -72.471313 -6.476000 -3.082000 -1.471000 33.690000
0.743164 0.335449 -0.327637 159.667969 -17.395020 -9.216309 141.828003 -54.376831 -71.817627 -6.389000 -2.639000 -1.941000 33.760000
0.776855 -0.686523 -0.646973 615.417480 -115.417480 7.141113 140.103149 -55.310669 -70.246582 -6.232000 -2.317000 -2.153000 33.730000
0.760742 -0.922363 0.264648 97.534180 -8.422852 8.178711 -137.334595 -34.365234 -79.595947 -7.020000 -3.085000 0.623000 33.670000
0.525391 -0.914062 -0.138184 -55.541992 -56.518555 42.236328 -98.283691 -26.932983 -74.031372 -7.289000 -1.700000 3.054000 33.660000
0.636719 -1.961914 -0.302246 -343.750000 -28.686523 -23.803711 -119.509277 -2.186279 -37.963257 -4.713000 -1.389000 4.554000 33.760000
-0.041016 -0.886230 -0.437988 -91.796875 6.225586 -29.113770 -117.762451 -0.214233 -37.446899 -3.916000 -1.453000 4.620000 33.690000
-0.017090 -0.893066 -0.469238 0.061035 0.000000 0.000000 -119.108276 -0.653687 -37.501831 -3.970000 -1.345000 4.629000 33.670000
-0.016113 -0.893066 -0.470215 0.061035 0.000000 0.000000 -119.251099 -0.648193 -37.644653 -4.036000 -1.331000 4.635000 33.730000
-0.016602 -0.893066 -0.470703 0.061035 0.000000 0.000000 -119.415894 -0.626221 -37.831421 -4.074000 -1.322000 4.619000 33.730000
-0.016602 -0.892578 -0.470215 0.000000 0.000000 0.000000 -119.734497 -0.576782 -38.100586 -3.977000 -1.337000 4.621000 33.660000
-0.016602 -0.893066 -0.470215 0.000000 0.000000 0.000000 -119.877319 -0.549316 -38.199463 -3.989000 -1.328000 4.618000 33.720000
-0.016602 -0.892578 -0.469238 0.000000 -0.061035 0.000000 -120.020142 -0.527344 -38.292847 -3.879000 -1.324000 4.628000 33.740000
-0.016113 -0.892090 -0.470215 0.000000 0.000000 0.000000 -120.151978 -0.505371 -38.402710 -4.010000 -1.315000 4.594000 33.730000
-0.015137 -0.893555 -0.469238 0.000000 0.000000 0.000000 -120.278320 -0.488892 -38.545532 -3.993000 -1.321000 4.610000 33.730000
-0.015137 -0.892578 -0.469238 0.000000 0.000000 0.000000 -120.607910 -0.433960 -38.737793 -3.928000 -1.329000 4.589000 33.710000
-0.015625 -0.893066 -0.469238 0.000000 0.000000 0.000000 -120.706787 -0.422974 -38.765259 -3.908000 -1.324000 4.627000 33.710000
-0.016602 -0.893555 -0.469238 0.000000 0.000000 0.000000 -120.794678 -0.411987 -38.787231 -3.994000 -1.330000 4.603000 33.740000
-0.015137 -0.893555 -0.469238 0.000000 0.000000 0.000000 -120.882568 -0.395508 -38.809204 -4.001000 -1.324000 4.600000 33.580000
-0.016113 -0.892578 -0.470215 0.000000 0.000000 0.000000 -120.964966 -0.384521 -38.831177 -4.054000 -1.333000 4.604000 33.710000
