-0.024414 -0.996582 -0.010742 0.000000 0.000000 0.000000 -2.499390 0.142822 16.836548 0.038000 1.898000 4.171000 30.380000
-0.024414 -0.997559 -0.011719 0.000000 0.000000 0.000000 -2.499390 0.142822 16.836548 0.043000 1.903000 4.158000 30.380000
-0.023926 -0.996094 -0.011230 0.000000 0.000000 0.000000 -2.499390 0.142822 16.836548 0.048000 1.879000 4.177000 30.400000
-0.024902 -0.997070 -0.011230 0.000000 0.000000 0.000000 -2.499390 0.142822 16.836548 0.043000 1.889000 4.167000 30.390000
-0.023926 -0.996582 -0.010742 0.000000 0.000000 0.000000 -2.499390 0.142822 16.836548 0.041000 1.914000 4.173000 30.400000
-0.023926 -0.996094 -0.011719 0.000000 0.000000 0.000000 -2.499390 0.142822 16.836548 0.048000 1.895000 4.156000 30.400000
-0.024902 -0.997070 -0.011230 0.000000 0.000000 0.000000 -2.499390 0.148315 16.836548 0.040000 1.894000 4.167000 30.360000
-0.024902 -0.998047 -0.011230 0.000000 0.000000 0.000000 -2.499390 0.148315 16.836548 0.050000 1.909000 4.169000 30.370000
-0.023438 -0.996582 -0.011230 0.000000 0.000000 0.000000 -2.499390 0.148315 16.836548 0.044000 1.920000 4.175000 30.370000
-0.024902 -0.996582 -0.010742 0.000000 0.000000 0.000000 -2.499390 0.148315 16.836548 0.042000 1.904000 4.170000 30.400000
-0.024414 -0.996582 -0.011230 0.000000 0.000000 0.000000 -2.499390 0.148315 16.836548 0.048000 1.903000 4.173000 30.370000
-0.024414 -0.996094 -0.010742 0.000000 0.000000 0.000000 -2.499390 0.142822 16.836548 0.036000 1.902000 4.169000 30.370000
-0.023926 -0.997070 -0.011230 0.000000 0.000000 0.000000 -2.499390 0.142822 16.836548 0.048000 1.899000 4.163000 30.400000
-0.024902 -0.997070 -0.011230 0.000000 0.000000 0.000000 -2.499390 0.148315 16.836548 0.049000 1.871000 4.187000 30.410000
-0.024414 -0.997559 -0.011230 0.000000 0.000000 0.000000 -2.499390 0.148315 16.836548 0.059000 1.882000 4.170000 30.410000
-0.024414 -0.997070 -0.010742 0.000000 0.000000 0.000000 -2.499390 0.148315 16.836548 0.050000 1.898000 4.175000 30.380000
-0.023926 -0.998047 -0.010742 0.000000 0.000000 0.000000 -2.499390 0.148315 16.836548 0.053000 1.898000 4.180000 30.380000
-0.024902 -0.997559 -0.011230 0.000000 0.000000 0.000000 -2.499390 0.148315 16.836548 0.055000 1.893000 4.160000 30.380000
-0.023926 -0.998047 -0.011230 0.000000 0.000000 0.000000 -2.499390 0.142822 16.836548 0.048000 1.886000 4.170000 30.360000
-0.023926 -0.997070 -0.011719 0.000000 0.000000 0.000000 -2.499390 0.142822 16.836548 0.040000 1.887000 4.184000 30.390000
-0.024414 -0.996582 -0.011719 0.000000 0.000000 0.000000 -2.499390 0.142822 16.836548 0.043000 1.888000 4.172000 30.370000
-0.023926 -0.998047 -0.011230 0.000000 0.000000 0.000000 -2.499390 0.142822 16.836548 0.042000 1.857000 4.173000 30.370000
-0.023438 -0.997559 -0.010742 0.000000 0.000000 0.000000 -2.499390 0.142822 16.836548 0.054000 1.870000 4.178000 30.380000
-0.024414 -0.996582 -0.011230 0.000000 0.000000 0.000000 -2.499390 0.142822 16.836548 0.053000 1.895000 4.174000 30.350000
-0.024902 -0.997559 -0.011719 0.000000 0.000000 0.000000 -2.499390 0.142822 16.836548 0.055000 1.904000 4.159000 30.370000
-0.024902 -0.997070 -0.011230 0.000000 0.000000 0.000000 -2.499390 0.142822 16.836548 0.055000 1.901000 4.180000 30.370000
-0.023926 -0.997559 -0.010742 0.000000 0.000000 0.000000 -2.499390 0.142822 16.836548 0.044000 1.908000 4.176000 30.400000
-0.024902 -0.997559 -0.011230 0.183105 0.000000 0.000000 -2.493896 0.142822 16.836548 0.043000 1.901000 4.171000 30.380000
-0.024414 -0.997070 -0.010742 0.000000 0.000000 0.000000 -2.499390 0.142822 16.836548 0.046000 1.906000 4.168000 30.390000
-0.024902 -0.997070 -0.010742 0.000000 0.000000 0.061035 -2.488403 0.137329 16.836548 0.053000 1.900000 4.169000 30.410000
-0.024902 -0.998047 -0.012207 0.122070 0.061035 0.000000 -2.708130 0.318604 17.083740 0.025000 1.895000 4.153000 30.350000
-0.024902 -0.997070 -0.011719 0.000000 0.000000 0.000000 -2.532349 0.186768 16.979370 0.035000 1.902000 4.150000 30.370000
-0.024902 -0.997559 -0.012207 0.000000 0.000000 0.000000 -2.537842 0.186768 16.979370 0.038000 1.900000 4.153000 30.360000
-0.024902 -0.998047 -0.012207 0.061035 0.000000 0.000000 -2.537842 0.186768 16.979370 0.043000 1.898000 4.154000 30.400000
-0.024414 -0.997559 -0.011719 0.000000 0.000000 0.000000 -2.537842 0.186768 16.979370 0.041000 1.898000 4.164000 30.370000
-0.024902 -0.998047 -0.012207 0.000000 0.000000 0.000000 -2.537842 0.192261 16.979370 0.038000 1.880000 4.161000 30.370000
-0.024902 -0.996582 -0.011719 0.000000 0.000000 0.000000 -2.537842 0.186768 16.979370 0.027000 1.862000 4.166000 30.400000
-0.024414 -0.997070 -0.012207 0.000000 0.000000 0.000000 -2.537842 0.186768 16.979370 0.041000 1.889000 4.148000 30.380000
-0.024902 -0.998047 -0.012695 0.000000 0.000000 0.000000 -2.537842 0.186768 16.979370 0.037000 1.898000 4.167000 30.410000
-0.024414 -0.996094 -0.012207 0.000000 0.000000 0.000000 -2.537842 0.186768 16.979370 0.031000 1.883000 4.150000 30.370000
-0.024902 -0.996582 -0.011719 0.000000 0.000000 0.000000 -2.543335 0.186768 16.979370 0.023000 1.874000 4.163000 30.370000
-0.024414 -0.996094 -0.011719 0.000000 0.000000 0.000000 -2.543335 0.181274 16.979370 0.039000 1.883000 4.162000 30.370000
-0.024902 -0.997070 -0.011719 0.000000 0.000000 0.000000 -2.543335 0.181274 16.979370 0.043000 1.889000 4.155000 30.370000
-0.024902 -0.996582 -0.012207 0.000000 0.000000 0.000000 -2.543335 0.181274 16.979370 0.037000 1.870000 4.161000 30.370000
-0.024414 -0.997070 -0.012207 0.000000 0.000000 0.000000 -2.543335 0.181274 16.979370 0.039000 1.887000 4.160000 30.390000
-0.025391 -0.997070 -0.010742 0.427246 0.244141 -0.305176 -2.510376 0.170288 16.962891 0.036000 1.894000 4.164000 30.370000
-0.025391 -0.997070 -0.011230 -0.061035 0.061035 0.122070 -2.504883 0.164795 16.946411 0.044000 1.902000 4.164000 30.390000
-0.021973 -0.999023 0.006348 0.244141 -4.272461 -0.305176 -2.208252 -0.065918 17.149658 0.038000 1.858000 4.170000 30.360000
-0.020508 -0.996582 -0.006348 0.610352 0.000000 -0.488281 -2.180786 -0.071411 17.490234 0.037000 1.848000 4.175000 30.350000
-0.019531 -0.996582 -0.005371 -0.793457 -0.366211 0.732422 -2.186279 -0.065918 17.501221 0.050000 1.835000 4.156000 30.370000
-0.019043 -0.997070 0.014648 0.000000 0.000000 0.000000 -2.252197 -0.016479 17.556152 0.042000 1.851000 4.150000 30.370000
-0.019531 -0.997559 -0.008789 1.342773 14.221191 -0.122070 -2.202759 -0.082397 17.017822 0.052000 1.854000 4.154000 30.380000
-0.020020 -0.998047 -0.005859 0.305176 0.671387 -0.183105 -2.285156 0.000000 16.171875 0.062000 1.906000 4.171000 30.360000
-0.019531 -0.997559 -0.005859 0.000000 0.000000 0.000000 -2.224731 -0.038452 16.034546 0.075000 1.912000 4.191000 30.340000
-0.019531 -0.997559 -0.005371 0.244141 0.122070 -0.183105 -2.202759 -0.054932 16.023560 0.086000 1.915000 4.187000 30.390000
-0.021484 -0.998047 -0.004395 -0.366211 -0.061035 0.366211 -2.175293 -0.071411 15.996094 0.074000 1.903000 4.197000 30.370000
-0.019531 -0.997070 -0.005859 0.244141 0.122070 -0.122070 -2.186279 -0.060425 15.990601 0.082000 1.888000 4.206000 30.390000
-0.018555 -0.997070 -0.008301 0.000000 0.000000 0.000000 -2.202759 -0.049438 15.979614 0.078000 1.912000 4.183000 30.370000
-0.020020 -0.997070 -0.005371 0.000000 0.000000 0.000000 -2.197266 -0.054932 15.979614 0.063000 1.903000 4.190000 30.400000
-0.020508 -0.997559 -0.006836 -0.122070 -0.061035 0.122070 -2.208252 -0.049438 15.979614 0.077000 1.910000 4.191000 30.370000
-0.020996 -0.997559 -0.006836 -0.244141 -0.122070 0.244141 -2.224731 -0.038452 15.985107 0.068000 1.900000 4.198000 30.370000
-0.020508 -0.997559 -0.007812 0.000000 0.000000 0.061035 -2.241211 -0.021973 15.996094 0.061000 1.896000 4.196000 30.390000
-0.020996 -0.997070 -0.006836 -0.061035 -0.061035 0.122070 -2.241211 -0.021973 15.996094 0.060000 1.919000 4.190000 30.350000
-0.020508 -0.997559 -0.007324 0.305176 0.000000 -0.183105 -2.235718 -0.021973 16.001587 0.055000 1.907000 4.205000 30.390000
-0.020020 -0.997070 -0.006836 0.000000 0.000000 0.061035 -2.224731 -0.032959 16.001587 0.064000 1.896000 4.190000 30.380000
-0.020996 -0.996582 -0.006836 0.244141 0.000000 0.000000 -2.224731 -0.032959 16.001587 0.060000 1.922000 4.191000 30.370000
-0.020996 -0.997070 -0.005859 0.122070 0.000000 0.000000 -2.224731 -0.038452 15.996094 0.068000 1.904000 4.187000 30.360000
-0.020508 -0.997559 -0.006836 -0.183105 0.000000 0.000000 -2.213745 -0.038452 15.996094 0.071000 1.875000 4.198000 30.350000
-0.020020 -0.998047 -0.006836 -0.061035 0.000000 0.061035 -2.213745 -0.043945 15.996094 0.068000 1.913000 4.198000 30.400000
-0.020508 -0.997070 -0.007324 0.000000 0.000000 0.061035 -2.235718 -0.027466 15.996094 0.069000 1.904000 4.200000 30.370000
-0.021484 -0.996582 -0.006836 -0.122070 0.000000 0.122070 -2.235718 -0.021973 15.996094 0.064000 1.925000 4.178000 30.380000
-0.020020 -0.997070 -0.006836 0.305176 0.000000 -0.183105 -2.235718 -0.027466 15.996094 0.067000 1.895000 4.190000 30.360000
-0.020996 -0.997070 -0.006836 0.000000 0.061035 0.000000 -2.230225 -0.032959 15.996094 0.069000 1.911000 4.188000 30.410000
-0.021973 -0.997559 -0.006348 0.732422 0.000000 -0.549316 -2.219238 -0.038452 15.996094 0.066000 1.927000 4.200000 30.340000
-0.023926 -0.996582 -0.018066 0.061035 -0.671387 0.000000 -2.235718 -0.016479 16.045532 0.073000 1.905000 4.190000 30.390000
-0.020996 -0.996094 -0.006836 0.244141 0.000000 -0.122070 -2.213745 -0.032959 16.045532 0.059000 1.914000 4.200000 30.390000
-0.021484 -0.997070 -0.006836 0.122070 0.000000 0.000000 -2.202759 -0.038452 16.045532 0.065000 1.921000 4.191000 30.390000
-0.020996 -0.997070 -0.006836 0.061035 0.000000 0.000000 -2.202759 -0.038452 16.045532 0.063000 1.901000 4.203000 30.380000
-0.020508 -0.996582 -0.006348 0.000000 0.000000 0.000000 -2.186279 -0.043945 16.040039 0.067000 1.899000 4.183000 30.390000
-0.020020 -0.996582 -0.005371 0.000000 0.000000 0.000000 -2.169800 -0.060425 16.040039 0.059000 1.924000 4.193000 30.380000
-0.019531 -0.997070 -0.008789 1.037598 0.366211 -0.793457 -2.136841 -0.093384 15.979614 0.070000 1.921000 4.200000 30.370000
-0.032715 -0.996582 -0.059082 3.906250 28.442383 -2.624512 -2.026978 -0.186768 14.990845 0.078000 1.955000 4.211000 30.370000
-0.036133 -0.985352 -0.046875 -4.455566 -5.737305 3.112793 -2.180786 -0.065918 13.980103 0.065000 2.050000 4.280000 30.370000
-0.020996 -0.996582 -0.006836 -0.244141 -0.061035 0.244141 -2.219238 -0.027466 14.051514 0.065000 2.025000 4.267000 30.380000
-0.019043 -0.996582 -0.005859 0.000000 0.061035 0.000000 -2.208252 -0.032959 14.051514 0.058000 2.042000 4.254000 30.410000
-0.020020 -0.997559 -0.005859 0.183105 0.061035 -0.122070 -2.197266 -0.049438 14.051514 0.067000 2.033000 4.261000 30.400000
-0.019531 -0.997070 -0.005859 0.000000 0.000000 0.000000 -2.186279 -0.060425 14.051514 0.049000 2.029000 4.265000 30.370000
-0.019531 -0.997559 -0.005859 -0.061035 0.000000 0.000000 -2.186279 -0.060425 14.051514 0.064000 2.007000 4.268000 30.390000
-0.020508 -0.997559 -0.005859 -0.061035 -0.122070 0.000000 -2.186279 -0.065918 14.051514 0.065000 2.018000 4.264000 30.410000
-0.020508 -0.998535 -0.006348 0.061035 -0.183105 0.000000 -2.197266 -0.065918 14.062500 0.065000 2.018000 4.264000 30.360000
-0.020020 -0.997559 -0.006836 0.000000 0.000000 0.000000 -2.230225 -0.038452 14.194336 0.049000 2.000000 4.259000 30.410000
-0.020996 -0.996582 -0.007812 -0.061035 -0.183105 0.122070 -2.235718 -0.027466 14.205322 0.051000 2.018000 4.256000 30.350000
-0.021484 -0.997070 -0.006836 -0.061035 -0.183105 0.122070 -2.241211 -0.021973 14.210815 0.060000 2.018000 4.241000 30.350000
-0.021484 -0.996582 -0.007324 0.000000 -0.061035 0.000000 -2.241211 -0.021973 14.227295 0.056000 2.010000 4.236000 30.380000
-0.020996 -0.997070 -0.007324 0.000000 -0.122070 0.000000 -2.241211 -0.021973 14.238281 0.044000 2.014000 4.253000 30.380000
-0.021484 -0.997559 -0.007812 0.000000 -0.061035 0.000000 -2.246704 -0.021973 14.254761 0.060000 2.021000 4.250000 30.380000
-0.020996 -0.996582 -0.007812 0.061035 0.000000 0.000000 -2.246704 -0.021973 14.260254 0.046000 2.010000 4.265000 30.400000
-0.021484 -0.997559 -0.006836 0.000000 0.000000 0.000000 -2.246704 -0.021973 14.260254 0.049000 2.027000 4.251000 30.370000
-0.021484 -0.997070 -0.007324 0.000000 -0.061035 0.000000 -2.252197 -0.021973 14.260254 0.055000 2.013000 4.253000 30.380000
-0.021484 -0.996582 -0.007812 -0.122070 -0.122070 0.000000 -2.257690 -0.021973 14.271240 0.044000 2.013000 4.267000 30.370000
-0.026855 -0.998047 0.018555 -5.859375 -34.912109 3.540039 -2.449951 0.126343 15.281982 0.030000 1.965000 4.237000 30.380000
-0.019531 -0.997559 -0.018066 -4.943848 -5.187988 3.723145 -2.680664 0.307617 16.935425 0.030000 1.896000 4.158000 30.360000
-0.019043 -1.000000 -0.024414 6.713867 -7.751465 -5.615234 -2.850952 0.455933 17.369385 0.067000 2.049000 4.164000 30.370000
-0.028809 -0.998047 -0.011230 2.136230 1.892090 -1.525879 -2.543335 0.219727 17.451782 0.106000 2.110000 4.186000 30.380000
-0.026855 -0.997559 -0.014648 -0.671387 0.915527 0.427246 -2.581787 0.247192 17.369385 0.114000 2.108000 4.184000 30.380000
-0.025391 -0.997559 -0.009277 -0.610352 0.549316 0.549316 -2.603760 0.263672 17.352905 0.112000 2.091000 4.182000 30.440000
-0.025879 -0.996582 -0.014160 0.244141 -0.061035 -0.183105 -2.570801 0.230713 17.232056 0.116000 2.107000 4.179000 30.370000
-0.026367 -0.997070 -0.012207 -0.732422 0.061035 0.671387 -2.576294 0.241699 17.226562 0.121000 2.108000 4.174000 30.400000
-0.024902 -0.997070 -0.013672 0.061035 0.000000 0.000000 -2.526855 0.203247 17.188110 0.148000 2.113000 4.161000 30.390000
-0.025391 -0.997070 -0.012695 0.000000 0.000000 0.000000 -2.537842 0.214233 17.193604 0.132000 2.105000 4.163000 30.380000
-0.025391 -0.998047 -0.013184 0.000000 0.000000 0.000000 -2.554321 0.219727 17.193604 0.147000 2.094000 4.162000 30.380000
-0.025879 -0.996582 -0.013184 0.000000 0.000000 0.000000 -2.559814 0.219727 17.193604 0.145000 2.114000 4.156000 30.380000
-0.025879 -0.996582 -0.013184 0.000000 0.000000 0.000000 -2.559814 0.219727 17.193604 0.153000 2.114000 4.157000 30.410000
-0.025391 -0.997070 -0.013184 0.000000 0.000000 0.000000 -2.565308 0.225220 17.193604 0.149000 2.094000 4.151000 30.370000
-0.025391 -0.995605 -0.012207 0.000000 0.000000 0.000000 -2.565308 0.225220 17.193604 0.157000 2.117000 4.161000 30.410000
-0.026367 -0.997070 -0.013672 0.000000 0.000000 0.000000 -2.570801 0.225220 17.193604 0.158000 2.115000 4.172000 30.410000
-0.025879 -0.997559 -0.012695 0.000000 0.000000 0.000000 -2.576294 0.225220 17.193604 0.144000 2.116000 4.162000 30.410000
-0.025879 -0.997070 -0.013184 0.000000 0.000000 0.000000 -2.576294 0.225220 17.193604 0.164000 2.097000 4.162000 30.370000
-0.026367 -0.997070 -0.013672 0.000000 0.000000 0.000000 -2.581787 0.225220 17.193604 0.140000 2.107000 4.158000 30.370000
-0.026367 -0.997070 -0.013672 0.000000 0.000000 0.000000 -2.581787 0.225220 17.193604 0.150000 2.095000 4.153000 30.380000
