0.022949 -0.146484 0.992188 -0.122070 0.000000 -0.427246 -8.283691 -12.200317 34.244385 2.195000 3.718000 -2.803000 29.300000
0.023438 -0.145996 0.994629 0.000000 0.000000 -0.427246 -8.272705 -12.200317 34.249878 2.255000 3.724000 -2.777000 29.340000
0.023438 -0.146484 0.993164 0.122070 0.061035 -0.488281 -8.283691 -12.205811 34.145508 1.937000 3.719000 -2.801000 29.320000
0.022949 -0.145996 0.994629 0.305176 0.122070 -0.488281 -8.272705 -12.205811 34.041138 2.068000 3.734000 -2.805000 29.300000
0.023438 -0.145508 0.993652 -0.061035 0.000000 -0.366211 -8.272705 -12.205811 34.019165 2.244000 3.727000 -2.792000 29.360000
0.023438 -0.145508 0.993652 -0.061035 0.061035 -0.366211 -8.272705 -12.205811 34.030151 2.151000 3.721000 -2.805000 29.310000
0.022949 -0.145996 0.993652 0.244141 0.061035 -0.488281 -8.272705 -12.205811 34.041138 2.142000 3.730000 -2.804000 29.380000
0.022949 -0.145508 0.994629 -0.183105 0.000000 -0.366211 -8.272705 -12.205811 34.041138 2.198000 3.732000 -2.796000 29.330000
0.022949 -0.145996 0.994141 0.549316 0.183105 -0.549316 -8.272705 -12.205811 34.046631 2.136000 3.723000 -2.799000 29.350000
0.022949 -0.145508 0.993652 -0.427246 -0.061035 -0.366211 -8.267212 -12.205811 34.041138 2.109000 3.730000 -2.782000 29.390000
0.022461 -0.146484 0.994629 0.976562 0.305176 -0.671387 -8.272705 -12.211304 34.041138 2.097000 3.724000 -2.787000 29.390000
0.022949 -0.145508 0.995117 -0.549316 -0.122070 -0.305176 -8.261719 -12.211304 34.030151 2.222000 3.718000 -2.792000 29.410000
0.022461 -0.146484 0.994141 -0.122070 0.000000 -0.427246 -8.272705 -12.205811 33.986206 2.159000 3.728000 -2.801000 29.390000
0.022949 -0.145508 0.995605 0.366211 0.122070 -0.549316 -8.256226 -12.200317 33.964233 2.197000 3.721000 -2.788000 29.410000
0.022461 -0.146973 0.994141 -0.671387 0.000000 -0.244141 -8.272705 -12.205811 33.947754 2.081000 3.717000 -2.768000 29.430000
0.022461 -0.145996 0.994141 0.610352 0.244141 -0.610352 -8.256226 -12.200317 33.920288 2.163000 3.717000 -2.791000 29.400000
0.021973 -0.145996 0.994629 -0.549316 -0.122070 -0.305176 -8.267212 -12.205811 33.903809 2.221000 3.718000 -2.787000 29.420000
0.022461 -0.145508 0.994629 -0.244141 0.000000 -0.366211 -8.267212 -12.205811 33.854370 2.275000 3.725000 -2.785000 29.470000
0.022949 -0.145996 0.994141 0.610352 0.244141 -0.549316 -8.250732 -12.200317 33.826904 2.251000 3.721000 -2.773000 29.410000
0.022461 -0.145996 0.994141 -0.732422 -0.061035 -0.244141 -8.261719 -12.200317 33.804932 2.192000 3.724000 -2.798000 29.420000
0.022461 -0.145996 0.995605 0.732422 0.183105 -0.610352 -8.256226 -12.200317 33.771973 2.125000 3.723000 -2.848000 29.460000
0.022949 -0.145996 0.992188 -0.244141 0.000000 -0.427246 -8.250732 -12.200317 33.744507 2.069000 3.726000 -2.810000 29.430000
0.022949 -0.146484 0.993164 0.183105 0.122070 -0.488281 -8.256226 -12.205811 33.651123 2.273000 3.721000 -2.789000 29.470000
0.023438 -0.145508 0.994141 0.183105 0.122070 -0.427246 -8.245239 -12.205811 33.623657 2.226000 3.718000 -2.803000 29.430000
0.023438 -0.145508 0.993652 -0.122070 0.000000 -0.427246 -8.250732 -12.205811 33.590698 2.229000 3.720000 -2.795000 29.450000
0.022461 -0.145508 0.994141 0.061035 0.061035 -0.427246 -8.245239 -12.205811 33.557739 2.261000 3.736000 -2.783000 29.480000
0.022949 -0.145508 0.995117 0.305176 0.122070 -0.549316 -8.234253 -12.205811 33.519287 2.066000 3.727000 -2.793000 29.470000
0.021973 -0.145996 0.993652 0.366211 0.183105 -0.488281 -8.234253 -12.205811 33.447876 2.188000 3.717000 -2.791000 29.480000
0.022949 -0.145508 0.995117 -0.061035 0.061035 -0.427246 -8.239746 -12.205811 33.414917 2.138000 3.723000 -2.795000 29.450000
0.022461 -0.146484 0.994141 0.183105 0.122070 -0.488281 -8.234253 -12.200317 33.376465 2.069000 3.713000 -2.774000 29.520000
0.022461 -0.145996 0.994629 -0.183105 0.000000 -0.366211 -8.239746 -12.200317 33.338013 2.261000 3.729000 -2.788000 29.490000
0.022949 -0.146484 0.993652 0.610352 0.183105 -0.549316 -8.234253 -12.200317 33.299561 2.155000 3.727000 -2.781000 29.520000
0.023438 -0.144531 0.995117 -0.366211 -0.061035 -0.366211 -8.234253 -12.194824 33.178711 2.202000 3.723000 -2.814000 29.510000
0.022461 -0.146484 0.992676 0.305176 0.122070 -0.488281 -8.239746 -12.194824 33.140259 2.232000 3.728000 -2.793000 29.530000
0.022949 -0.144531 0.994629 0.122070 0.061035 -0.488281 -8.228760 -12.194824 33.096313 2.234000 3.724000 -2.813000 29.510000
0.022461 -0.145996 0.993164 -0.122070 0.061035 -0.427246 -8.234253 -12.194824 33.057861 2.279000 3.718000 -2.790000 29.510000
0.022949 -0.144531 0.995117 0.305176 0.061035 -0.488281 -8.228760 -12.189331 33.019409 2.281000 3.728000 -2.786000 29.570000
0.022461 -0.146484 0.995117 0.488281 0.183105 -0.549316 -8.239746 -12.189331 32.937012 2.280000 3.725000 -2.808000 29.540000
0.022461 -0.146484 0.993652 -0.305176 -0.061035 -0.366211 -8.234253 -12.189331 32.893066 2.283000 3.725000 -2.795000 29.540000
0.022949 -0.145508 0.995117 0.305176 0.122070 -0.488281 -8.239746 -12.194824 32.849121 2.216000 3.720000 -2.802000 29.530000
0.022461 -0.145508 0.994629 0.244141 0.122070 -0.488281 -8.234253 -12.194824 32.810669 2.130000 3.731000 -2.785000 29.530000
0.023438 -0.145508 0.995117 -0.244141 0.000000 -0.366211 -8.239746 -12.200317 32.766724 2.267000 3.725000 -2.787000 29.530000
0.023438 -0.146484 0.994629 0.244141 0.122070 -0.488281 -8.239746 -12.200317 32.684326 2.278000 3.714000 -2.799000 29.550000
0.022949 -0.145508 0.997070 0.122070 0.122070 -0.427246 -8.239746 -12.200317 32.640381 2.207000 3.719000 -2.801000 29.560000
0.023438 -0.145020 0.993652 -0.183105 0.000000 -0.366211 -8.234253 -12.200317 32.596436 2.181000 3.728000 -2.801000 29.550000
0.022461 -0.145508 0.993652 0.122070 0.061035 -0.488281 -8.245239 -12.205811 32.557983 2.275000 3.720000 -2.799000 29.580000
0.022461 -0.146484 0.994141 0.305176 0.122070 -0.549316 -8.239746 -12.205811 32.514038 2.210000 3.717000 -2.810000 29.530000
0.022949 -0.146484 0.993652 0.549316 0.183105 -0.549316 -8.239746 -12.200317 32.382202 2.181000 3.732000 -2.795000 29.580000
0.022949 -0.145020 0.994629 -0.305176 0.000000 -0.366211 -8.239746 -12.200317 32.338257 2.236000 3.721000 -2.812000 29.550000
0.022461 -0.145996 0.993652 0.427246 0.122070 -0.549316 -8.234253 -12.200317 32.294312 2.246000 3.716000 -2.796000 29.580000
0.022461 -0.145020 0.995117 0.000000 0.000000 -0.427246 -8.228760 -12.200317 32.250366 2.112000 3.722000 -2.784000 29.600000
0.022461 -0.146973 0.992676 0.061035 0.061035 -0.427246 -8.234253 -12.205811 32.211914 2.255000 3.727000 -2.810000 29.600000
0.022461 -0.145020 0.994629 0.000000 0.061035 -0.427246 -8.228760 -12.205811 32.124023 2.027000 3.723000 -2.813000 29.600000
0.023438 -0.145996 0.993652 0.000000 0.061035 -0.427246 -8.228760 -12.205811 32.080078 2.042000 3.720000 -2.786000 29.570000
0.022461 -0.145508 0.995117 0.366211 0.122070 -0.549316 -8.228760 -12.205811 32.041626 2.231000 3.718000 -2.800000 29.580000
0.022461 -0.145996 0.993652 -0.244141 0.000000 -0.366211 -8.217773 -12.200317 31.997681 2.055000 3.730000 -2.789000 29.590000
0.021973 -0.145020 0.995117 0.488281 0.122070 -0.549316 -8.228760 -12.205811 31.953735 2.234000 3.722000 -2.781000 29.610000
0.022949 -0.145020 0.994629 0.671387 0.122070 -0.610352 -8.217773 -12.205811 31.816406 2.171000 3.719000 -2.806000 29.620000
0.022461 -0.146484 0.994629 -0.366211 -0.061035 -0.366211 -8.212280 -12.205811 31.772461 2.213000 3.721000 -2.789000 29.570000
0.023438 -0.145996 0.994629 0.366211 0.183105 -0.488281 -8.212280 -12.205811 31.728516 2.226000 3.723000 -2.804000 29.610000
0.022461 -0.145508 0.994141 0.061035 0.000000 -0.427246 -8.212280 -12.205811 31.679077 2.119000 3.723000 -2.809000 29.620000
0.022461 -0.145996 0.994629 0.000000 0.122070 -0.488281 -8.212280 -12.205811 31.635132 2.271000 3.725000 -2.783000 29.600000
0.022949 -0.145996 0.993652 -0.244141 0.000000 -0.427246 -8.212280 -12.200317 31.536255 2.255000 3.716000 -2.809000 29.620000
0.022461 -0.144531 0.995605 0.427246 0.122070 -0.549316 -8.212280 -12.200317 31.492310 2.207000 3.715000 -2.793000 29.630000
0.022461 -0.146973 0.993164 -0.366211 0.000000 -0.366211 -8.206787 -12.205811 31.442871 2.222000 3.724000 -2.776000 29.590000
0.022461 -0.145020 0.995605 0.244141 0.122070 -0.427246 -8.217773 -12.205811 31.398926 2.202000 3.724000 -2.785000 29.620000
0.022461 -0.145996 0.993652 0.366211 0.122070 -0.488281 -8.206787 -12.205811 31.354980 2.143000 3.712000 -2.790000 29.620000
0.023438 -0.145020 0.995117 -0.610352 -0.061035 -0.244141 -8.201294 -12.205811 31.217651 2.264000 3.734000 -2.795000 29.670000
0.022461 -0.145996 0.993652 0.610352 0.183105 -0.610352 -8.217773 -12.211304 31.173706 2.193000 3.722000 -2.784000 29.630000
0.023438 -0.144531 0.995117 -0.366211 0.000000 -0.366211 -8.201294 -12.211304 31.124268 2.197000 3.718000 -2.781000 29.650000
0.022949 -0.146484 0.994141 0.305176 0.061035 -0.549316 -8.217773 -12.211304 31.080322 2.274000 3.714000 -2.802000 29.660000
0.022461 -0.145020 0.995605 -0.122070 0.000000 -0.427246 -8.206787 -12.211304 31.030884 2.245000 3.717000 -2.823000 29.660000
0.022949 -0.146484 0.993652 0.183105 0.061035 -0.488281 -8.206787 -12.216797 30.937500 1.991000 3.721000 -2.797000 29.620000
0.022949 -0.145508 0.994629 -0.122070 0.061035 -0.427246 -8.212280 -12.216797 30.893555 2.238000 3.736000 -2.802000 29.630000
0.022461 -0.144531 0.994629 0.427246 0.183105 -0.549316 -8.201294 -12.216797 30.838623 2.228000 3.715000 -2.815000 29.660000
0.022949 -0.145508 0.994141 -0.244141 0.061035 -0.366211 -8.212280 -12.211304 30.800171 2.223000 3.707000 -2.801000 29.660000
0.022949 -0.145020 0.994629 0.366211 0.061035 -0.549316 -8.206787 -12.216797 30.750732 2.104000 3.725000 -2.785000 29.680000
0.023438 -0.145996 0.994629 -0.061035 0.061035 -0.366211 -8.212280 -12.216797 30.613403 2.259000 3.733000 -2.803000 29.650000
0.023926 -0.145508 0.994141 0.305176 0.122070 -0.549316 -8.206787 -12.216797 30.563965 2.206000 3.717000 -2.797000 29.660000
0.023438 -0.145020 0.995117 0.000000 0.000000 -0.488281 -8.206787 -12.216797 30.509033 2.202000 3.728000 -2.775000 29.670000
0.023438 -0.145020 0.995605 0.366211 0.183105 -0.488281 -8.201294 -12.216797 30.465088 2.214000 3.718000 -2.768000 29.660000
0.022949 -0.145508 0.994629 -0.366211 -0.061035 -0.427246 -8.206787 -12.216797 30.421143 2.204000 3.715000 -2.804000 29.690000
0.023438 -0.145020 0.996094 -0.122070 0.061035 -0.366211 -8.201294 -12.222290 30.322266 2.193000 3.725000 -2.795000 29.660000
0.022949 -0.146484 0.994141 0.366211 0.183105 -0.549316 -8.195801 -12.216797 30.272827 2.178000 3.717000 -2.802000 29.670000
0.022461 -0.145020 0.995117 -0.244141 -0.061035 -0.366211 -8.201294 -12.216797 30.228882 2.249000 3.723000 -2.792000 29.690000
0.022461 -0.145508 0.994629 0.427246 0.183105 -0.549316 -8.190308 -12.222290 30.184937 2.285000 3.723000 -2.789000 29.690000
0.022949 -0.145508 0.994629 0.000000 0.061035 -0.427246 -8.195801 -12.222290 30.135498 2.128000 3.713000 -2.801000 29.660000
0.022461 -0.145020 0.994629 0.305176 0.122070 -0.488281 -8.190308 -12.222290 29.987183 2.239000 3.728000 -2.801000 29.720000
0.022461 -0.145508 0.993652 -0.183105 0.061035 -0.366211 -8.201294 -12.222290 29.943237 2.252000 3.732000 -2.806000 29.730000
0.022461 -0.145020 0.995605 0.427246 0.122070 -0.549316 -8.190308 -12.216797 29.893799 2.081000 3.714000 -2.794000 29.750000
0.022461 -0.145996 0.994141 -0.305176 0.000000 -0.366211 -8.195801 -12.216797 29.849854 2.079000 3.719000 -2.800000 29.690000
0.021973 -0.145508 0.994629 0.671387 0.183105 -0.610352 -8.190308 -12.216797 29.800415 2.194000 3.733000 -2.824000 29.700000
0.022461 -0.145020 0.995605 0.610352 0.183105 -0.549316 -8.190308 -12.211304 29.712524 2.193000 3.723000 -2.797000 29.720000
0.023438 -0.145996 0.994629 -0.122070 0.000000 -0.427246 -8.179321 -12.211304 29.663086 2.270000 3.727000 -2.805000 29.710000
0.022949 -0.145020 0.995117 -0.122070 0.000000 -0.427246 -8.184814 -12.211304 29.619141 2.224000 3.719000 -2.785000 29.730000
0.022461 -0.145020 0.994141 0.305176 0.122070 -0.549316 -8.184814 -12.205811 29.569702 2.242000 3.727000 -2.810000 29.770000
0.023438 -0.145508 0.994629 -0.244141 0.061035 -0.366211 -8.184814 -12.211304 29.525757 2.198000 3.733000 -2.798000 29.740000
0.022949 -0.145996 0.994629 -0.305176 0.000000 -0.305176 -8.184814 -12.216797 29.382935 2.197000 3.719000 -2.810000 29.660000
0.023438 -0.145508 0.994141 0.610352 0.122070 -0.610352 -8.184814 -12.216797 29.338989 2.068000 3.723000 -2.789000 29.700000
0.022949 -0.144531 0.995117 -0.732422 -0.122070 -0.305176 -8.173828 -12.211304 29.289551 2.222000 3.728000 -2.795000 29.720000
0.022949 -0.145508 0.994629 0.854492 0.305176 -0.610352 -8.184814 -12.216797 29.240112 2.171000 3.727000 -2.801000 29.710000
0.022949 -0.144531 0.996094 -0.488281 -0.122070 -0.366211 -8.173828 -12.211304 29.190674 2.112000 3.721000 -2.800000 29.770000
0.022461 -0.145508 0.995117 0.915527 0.244141 -0.671387 -8.173828 -12.222290 29.097290 1.998000 3.733000 -2.768000 29.730000
0.022949 -0.146484 0.991699 -1.098633 -0.122070 -0.183105 -8.190308 -12.222290 29.058838 2.242000 3.717000 -2.773000 29.740000
0.022949 -0.144043 0.997070 1.342773 0.366211 -0.732422 -8.179321 -12.205811 29.278564 2.263000 3.723000 -2.793000 29.770000
0.022461 -0.146484 0.990723 0.122070 0.061035 -0.488281 -8.162842 -12.205811 29.569702 2.180000 3.719000 -2.803000 29.740000
0.021973 -0.145508 0.995605 -0.671387 -0.061035 -0.244141 -8.195801 -12.205811 29.734497 2.046000 3.719000 -2.795000 29.730000
0.022949 -0.146484 0.994629 0.732422 0.183105 -0.610352 -8.184814 -12.205811 30.162964 2.271000 3.724000 -2.790000 29.730000
0.023438 -0.145508 0.995117 -0.610352 -0.061035 -0.305176 -8.168335 -12.205811 30.415649 2.117000 3.731000 -2.793000 29.760000
0.022461 -0.146484 0.993652 1.647949 0.427246 -0.854492 -8.173828 -12.205811 30.552979 2.065000 3.722000 -2.795000 29.790000
0.021973 -0.143555 0.998047 -0.793457 -0.122070 -0.305176 -8.168335 -12.205811 30.679321 2.151000 3.723000 -2.780000 29.740000
0.022461 -0.146484 0.993164 0.183105 0.122070 -0.488281 -8.162842 -12.205811 30.871582 2.195000 3.725000 -2.787000 29.770000
-0.605957 0.026367 -0.801758 384.765625 -36.254883 -139.221191 -2.389526 -12.903442 29.382935 2.090000 3.507000 -2.943000 29.770000
0.036133 -0.152344 1.002930 17.761230 0.671387 184.020996 -0.472412 -15.029297 22.022095 1.286000 2.680000 -3.330000 29.760000
0.084961 -0.035156 0.889160 -2.136230 -92.773438 -7.324219 -0.900879 -20.720215 17.913208 0.470000 2.693000 -3.419000 29.790000
-0.338379 -0.783691 0.242676 54.809570 -40.161133 57.983398 -3.400269 -12.310181 16.924438 0.666000 2.621000 -3.586000 29.740000
0.083496 -0.001953 1.024902 -43.334961 -20.568848 -70.922852 -1.697388 -13.419800 9.409790 0.405000 2.398000 -3.897000 29.770000
0.244629 -0.865723 0.125000 -385.925293 -64.514160 -74.035645 -39.259644 -18.440552 -1.203003 -0.318000 3.944000 -1.894000 29.810000
0.214844 -0.979004 -0.116699 -221.313477 -80.871582 12.207031 -76.470337 -24.021606 5.031738 -0.508000 3.963000 1.060000 29.770000
0.271484 -1.002930 -0.104492 -53.344727 -55.541992 -15.258789 -91.565552 -26.180420 11.145630 -0.383000 3.408000 2.852000 29.800000
0.261230 -0.939941 -0.224609 -41.320801 -5.676270 -3.234863 -93.054199 -26.152954 12.359619 -0.446000 3.162000 3.389000 29.810000
0.276367 -0.918457 -0.293457 -77.026367 -23.925781 -16.845703 -98.783569 -26.812134 13.540649 -0.184000 2.860000 3.662000 29.810000
0.229004 -1.004883 -0.181641 63.293457 -20.996094 10.498047 -92.724609 -26.372681 15.606079 -0.101000 2.902000 3.729000 29.800000
0.245117 -0.964844 -0.099609 14.282227 -5.432129 2.746582 -92.005005 -25.900269 16.847534 -0.175000 3.097000 3.624000 29.840000
0.237305 -0.957520 -0.112793 0.061035 -5.004883 -1.281738 -92.982788 -25.697021 17.199097 -0.212000 3.127000 3.679000 29.880000
0.244141 -0.943848 -0.134766 -24.963379 -6.774902 0.061035 -94.103394 -25.521240 16.649780 -0.225000 3.167000 3.724000 29.890000
0.240234 -0.967285 -0.141602 1.281738 -3.479004 1.770020 -95.234985 -25.460815 16.825562 0.010000 3.233000 3.772000 29.950000
0.228516 -0.957520 -0.120117 8.239746 8.422852 3.845215 -94.971313 -25.493774 17.325439 0.231000 3.177000 3.750000 29.920000
0.229004 -0.953613 -0.099609 13.427734 0.488281 0.183105 -93.828735 -25.252075 16.902466 0.204000 3.252000 3.731000 29.890000
0.225586 -0.962402 -0.087891 25.634766 5.371094 1.831055 -93.131104 -25.191650 17.215576 0.145000 3.477000 3.683000 29.970000
0.230957 -0.974121 -0.052246 9.033203 -3.845215 0.000000 -92.785034 -24.933472 17.171631 0.095000 3.456000 3.644000 29.960000
0.217773 -0.969238 0.019531 34.790039 5.737305 2.807617 -91.093140 -24.840088 16.754150 -0.052000 3.474000 3.591000 29.980000
0.083984 -0.702148 0.697754 14.160156 2.502441 -1.098633 -45.093384 -16.325684 8.926392 -0.136000 4.662000 2.125000 29.980000
0.056152 -0.811523 0.438477 52.917480 -60.485840 39.001465 -56.508179 -16.633301 13.974609 -0.114000 5.097000 -0.039000 30.010000
0.069336 -0.862305 0.490723 -11.962891 -10.681152 6.103516 -55.623779 -16.710205 17.830811 0.116000 5.457000 0.300000 30.050000
0.071289 -0.826660 0.550781 -28.198242 -6.042480 3.723145 -54.755859 -16.638794 17.418823 0.568000 5.556000 0.613000 30.010000
0.071777 -0.826172 0.551270 -9.338379 -1.892090 0.854492 -54.547119 -16.572876 17.199097 0.680000 5.537000 0.532000 30.030000
0.072754 -0.808594 0.590332 12.207031 2.746582 -2.258301 -54.080200 -16.463013 16.776123 0.686000 5.553000 0.544000 30.060000
0.072754 -0.802734 0.600098 11.962891 2.807617 -2.258301 -53.964844 -16.408081 16.605835 0.684000 5.551000 0.500000 30.090000
0.072266 -0.803223 0.600586 6.347656 1.525879 -1.464844 -53.887939 -16.358643 16.452026 0.672000 5.553000 0.506000 30.080000
0.072266 -0.805664 0.596191 -0.549316 -0.061035 -0.427246 -53.882446 -16.320190 16.320190 0.680000 5.548000 0.518000 30.090000
0.072266 -0.809082 0.587402 -5.126953 -1.037598 0.244141 -53.920898 -16.276245 16.210327 0.685000 5.555000 0.504000 30.100000
0.072754 -0.811035 0.583008 1.342773 0.488281 -0.488281 -53.893433 -16.166382 15.902710 0.691000 5.555000 0.510000 30.110000
0.072266 -0.809570 0.588867 3.845215 1.037598 -1.098633 -53.822021 -16.133423 15.798340 0.677000 5.546000 0.508000 30.110000
0.072754 -0.805664 0.595215 3.723145 0.915527 -1.098633 -53.756104 -16.105957 15.693970 0.690000 5.552000 0.525000 30.120000
0.073242 -0.804199 0.597656 0.976562 0.366211 -0.610352 -53.728638 -16.072998 15.606079 0.681000 5.554000 0.514000 30.140000
0.072266 -0.805176 0.593750 -1.342773 -0.244141 -0.366211 -53.734131 -16.045532 15.540161 0.684000 5.550000 0.515000 30.110000
0.072754 -0.808594 0.588867 -0.366211 0.000000 -0.488281 -53.734131 -15.996094 15.408325 0.691000 5.559000 0.502000 30.130000
0.072266 -0.807617 0.590332 1.220703 0.366211 -0.671387 -53.717651 -15.974121 15.347900 0.696000 5.556000 0.523000 30.110000
0.072266 -0.807129 0.591797 2.014160 0.549316 -0.793457 -53.690186 -15.952148 15.292969 0.695000 5.553000 0.492000 30.130000
0.071777 -0.807129 0.592285 1.281738 0.427246 -0.732422 -53.662720 -15.930176 15.232544 0.690000 5.555000 0.495000 30.150000
0.071777 -0.806641 0.591797 0.427246 0.244141 -0.549316 -53.646240 -15.913696 15.172119 0.688000 5.552000 0.511000 30.170000
0.071289 -0.808105 0.590820 -0.366211 0.061035 -0.427246 -53.618774 -15.858765 15.029297 0.686000 5.557000 0.506000 30.150000
0.072266 -0.808594 0.590820 0.000000 0.122070 -0.488281 -53.602295 -15.842285 14.985352 0.694000 5.552000 0.503000 30.140000
0.072266 -0.808105 0.590820 0.000000 0.061035 -0.488281 -53.591309 -15.831299 14.946899 0.688000 5.542000 0.519000 30.160000
0.072266 -0.807129 0.591309 0.122070 0.183105 -0.488281 -53.574829 -15.814819 14.924927 0.694000 5.550000 0.479000 30.150000
0.072754 -0.807129 0.591797 -0.183105 0.061035 -0.427246 -53.563843 -15.809326 14.891968 0.701000 5.547000 0.489000 30.170000
0.073242 -0.807617 0.592773 -0.183105 0.061035 -0.488281 -53.536377 -15.787354 14.837036 0.690000 5.553000 0.498000 30.120000
0.072754 -0.806641 0.592285 -0.122070 0.061035 -0.427246 -53.536377 -15.776367 14.804077 0.685000 5.560000 0.509000 30.180000
0.073730 -0.807617 0.593262 -0.061035 0.122070 -0.549316 -53.525391 -15.770874 14.765625 0.686000 5.548000 0.491000 30.150000
0.072754 -0.806641 0.592285 0.183105 0.183105 -0.549316 -53.514404 -15.759888 14.727173 0.686000 5.540000 0.487000 30.180000
0.072754 -0.806641 0.590820 0.549316 0.305176 -0.610352 -53.503418 -15.754395 14.688721 0.688000 5.550000 0.487000 30.160000
0.072754 -0.808105 0.591797 0.549316 0.183105 -0.549316 -53.486938 -15.732422 14.578857 0.696000 5.557000 0.486000 30.180000
0.073242 -0.807129 0.592285 0.488281 0.244141 -0.549316 -53.481445 -15.726929 14.540405 0.688000 5.559000 0.475000 30.200000
0.072266 -0.807129 0.592773 0.183105 0.183105 -0.488281 -53.475952 -15.715942 14.501953 0.681000 5.539000 0.510000 30.150000
0.072266 -0.807129 0.592773 -0.183105 0.061035 -0.488281 -53.475952 -15.710449 14.463501 0.679000 5.567000 0.497000 30.180000
0.072754 -0.808105 0.592285 -0.305176 0.122070 -0.488281 -53.475952 -15.704956 14.430542 0.679000 5.553000 0.515000 30.160000
0.072754 -0.807129 0.593262 0.366211 0.183105 -0.549316 -53.470459 -15.693970 14.348145 0.695000 5.559000 0.480000 30.180000
0.072754 -0.807129 0.592285 0.610352 0.244141 -0.610352 -53.459473 -15.688477 14.309692 0.696000 5.558000 0.496000 30.170000
0.072754 -0.807617 0.592285 0.427246 0.305176 -0.549316 -53.453979 -15.682983 14.271240 0.685000 5.565000 0.490000 30.190000
0.072266 -0.807617 0.591309 0.122070 0.183105 -0.549316 -53.448486 -15.677490 14.227295 0.683000 5.556000 0.517000 30.210000
0.072266 -0.806641 0.590820 -0.061035 0.122070 -0.488281 -53.448486 -15.671997 14.188843 0.691000 5.553000 0.500000 30.180000
0.072754 -0.806641 0.591797 0.122070 0.122070 -0.427246 -53.437500 -15.661011 14.073486 0.690000 5.545000 0.495000 30.210000
0.072754 -0.806641 0.592773 0.061035 0.122070 -0.549316 -53.432007 -15.661011 14.035034 0.698000 5.545000 0.498000 30.180000
0.072754 -0.807129 0.592285 -0.122070 0.061035 -0.488281 -53.432007 -15.661011 13.991089 0.699000 5.549000 0.502000 30.170000
0.072754 -0.806152 0.592285 0.000000 0.122070 -0.488281 -53.426514 -15.655518 13.952637 0.691000 5.554000 0.510000 30.180000
0.072754 -0.807617 0.590820 0.183105 0.122070 -0.549316 -53.426514 -15.655518 13.914185 0.688000 5.554000 0.498000 30.220000
0.072754 -0.807617 0.592285 0.488281 0.183105 -0.549316 -53.421021 -15.655518 13.831787 0.691000 5.559000 0.521000 30.200000
0.072266 -0.807617 0.591797 0.366211 0.183105 -0.549316 -53.421021 -15.655518 13.787842 0.692000 5.547000 0.496000 30.180000
0.072266 -0.806641 0.591309 0.366211 0.183105 -0.610352 -53.415527 -15.655518 13.743896 0.694000 5.554000 0.490000 30.180000
0.072754 -0.805664 0.590820 0.488281 0.183105 -0.610352 -53.415527 -15.655518 13.699951 0.701000 5.558000 0.499000 30.200000
0.073242 -0.806641 0.592285 0.671387 0.244141 -0.610352 -53.415527 -15.655518 13.661499 0.693000 5.556000 0.504000 30.220000
0.072266 -0.807129 0.590820 0.000000 0.122070 -0.549316 -53.404541 -15.644531 13.540649 0.683000 5.565000 0.498000 30.230000
0.072754 -0.807129 0.591309 0.122070 0.122070 -0.488281 -53.404541 -15.644531 13.496704 0.691000 5.556000 0.492000 30.200000
0.072754 -0.807129 0.591797 0.244141 0.122070 -0.488281 -53.404541 -15.644531 13.452759 0.693000 5.562000 0.483000 30.220000
0.072754 -0.806641 0.592285 0.305176 0.183105 -0.549316 -53.404541 -15.639038 13.414307 0.698000 5.557000 0.504000 30.180000
0.071777 -0.807129 0.591797 0.183105 0.122070 -0.549316 -53.399048 -15.639038 13.370361 0.686000 5.543000 0.481000 30.220000
0.071777 -0.807129 0.591797 0.122070 0.061035 -0.488281 -53.399048 -15.639038 13.331909 0.693000 5.557000 0.476000 30.220000
0.071289 -0.806641 0.591797 0.122070 0.122070 -0.549316 -53.399048 -15.633545 13.293457 0.699000 5.546000 0.507000 30.220000
0.071777 -0.807617 0.591797 0.000000 0.061035 -0.488281 -53.404541 -15.633545 13.249512 0.698000 5.567000 0.517000 30.220000
0.072754 -0.806641 0.592285 -0.244141 0.000000 -0.427246 -53.399048 -15.633545 13.211060 0.692000 5.563000 0.534000 30.240000
0.073242 -0.806641 0.592285 0.427246 0.183105 -0.488281 -53.399048 -15.628052 13.172607 0.693000 5.566000 0.492000 30.220000
0.072266 -0.807129 0.593262 0.976562 0.305176 -0.671387 -53.388062 -15.622559 13.134155 0.691000 5.562000 0.476000 30.260000
0.072266 -0.806152 0.592773 -0.244141 0.000000 -0.427246 -53.382568 -15.617065 13.002319 0.688000 5.560000 0.513000 30.220000
0.071777 -0.806641 0.592285 -0.549316 -0.061035 -0.427246 -53.388062 -15.617065 12.963867 0.692000 5.554000 0.494000 30.250000
0.072266 -0.807617 0.590820 0.244141 0.183105 -0.549316 -53.388062 -15.617065 12.919922 0.681000 5.554000 0.521000 30.230000
0.072754 -0.806152 0.590332 0.915527 0.366211 -0.549316 -53.366089 -15.611572 12.870483 0.683000 5.551000 0.505000 30.240000
0.071777 -0.807129 0.592285 0.915527 0.183105 -0.732422 -53.360596 -15.611572 12.826538 0.683000 5.556000 0.518000 30.220000
0.071777 -0.807617 0.591309 -0.183105 0.061035 -0.427246 -53.366089 -15.606079 12.749634 0.687000 5.563000 0.523000 30.260000
0.072266 -0.807617 0.591797 0.061035 0.122070 -0.488281 -53.366089 -15.606079 12.705688 0.695000 5.563000 0.508000 30.240000
0.071289 -0.807617 0.590820 0.366211 0.122070 -0.549316 -53.366089 -15.611572 12.667236 0.685000 5.563000 0.493000 30.240000
0.072266 -0.806641 0.593262 0.610352 0.183105 -0.610352 -53.366089 -15.611572 12.623291 0.692000 5.556000 0.525000 30.250000
0.072266 -0.806641 0.592773 0.183105 0.061035 -0.488281 -53.355103 -15.611572 12.579346 0.690000 5.550000 0.497000 30.220000
