0.125488 0.044434 -0.987793 0.000000 0.000000 0.000000 -28.317261 1.422729 147.991333 0.932000 -0.585000 2.085000 32.120000
0.125488 0.043945 -0.987793 0.000000 0.000000 0.000000 -28.317261 1.422729 147.991333 0.924000 -0.599000 2.116000 32.140000
0.125488 0.043945 -0.987305 0.000000 0.000000 0.000000 -28.317261 1.417236 147.991333 0.933000 -0.614000 2.126000 32.140000
0.125000 0.043945 -0.986816 0.000000 0.000000 0.000000 -28.317261 1.417236 147.991333 0.928000 -0.613000 2.123000 32.120000
0.125488 0.043945 -0.987305 0.000000 0.000000 0.000000 -28.317261 1.417236 147.991333 0.937000 -0.601000 2.078000 32.110000
0.124512 0.044434 -0.986816 0.000000 0.000000 0.000000 -28.317261 1.417236 147.991333 0.929000 -0.603000 2.091000 32.120000
0.125000 0.043945 -0.987305 0.000000 0.000000 0.000000 -28.311768 1.417236 147.991333 0.943000 -0.617000 2.080000 32.130000
0.125000 0.043457 -0.987305 0.000000 0.000000 0.000000 -28.311768 1.417236 147.991333 0.929000 -0.613000 2.064000 32.130000
0.125000 0.044434 -0.987305 0.000000 0.000000 0.000000 -28.311768 1.417236 147.991333 0.925000 -0.613000 2.105000 32.130000
0.125488 0.043945 -0.987305 0.000000 0.000000 0.000000 -28.311768 1.417236 147.991333 0.932000 -0.620000 2.078000 32.140000
0.125000 0.043945 -0.986816 0.000000 0.000000 0.000000 -28.311768 1.417236 147.991333 0.941000 -0.627000 2.077000 32.150000
0.125977 0.043457 -0.987305 0.000000 0.000000 0.000000 -28.306274 1.411743 147.991333 0.926000 -0.597000 2.161000 32.120000
0.125488 0.043945 -0.987305 0.000000 0.000000 0.000000 -28.306274 1.411743 147.991333 0.935000 -0.609000 2.126000 32.130000
0.125977 0.044434 -0.987793 0.000000 0.000000 0.000000 -28.306274 1.411743 147.991333 0.932000 -0.593000 2.076000 32.090000
0.125488 0.043945 -0.987305 0.000000 0.000000 0.000000 -28.306274 1.411743 147.991333 0.926000 -0.601000 2.099000 32.120000
0.125000 0.043457 -0.987793 0.000000 0.000000 0.000000 -28.306274 1.411743 147.991333 0.929000 -0.591000 2.071000 32.120000
0.125000 0.042969 -0.987793 0.000000 0.000000 0.000000 -28.306274 1.411743 147.991333 0.934000 -0.587000 2.321000 32.140000
0.125000 0.044434 -0.987305 0.000000 0.000000 0.000000 -28.306274 1.411743 147.991333 0.922000 -0.613000 2.227000 32.130000
0.125000 0.044922 -0.987793 0.000000 0.000000 0.000000 -28.306274 1.411743 147.991333 0.933000 -0.595000 2.205000 32.110000
0.125000 0.043945 -0.987305 0.000000 0.000000 0.000000 -28.306274 1.411743 147.991333 0.931000 -0.598000 2.111000 32.120000
0.124512 0.044434 -0.987793 0.000000 0.000000 0.000000 -28.306274 1.411743 147.991333 0.922000 -0.612000 2.074000 32.140000
0.125488 0.043945 -0.987793 0.000000 0.000000 0.000000 -28.306274 1.417236 147.991333 0.929000 -0.616000 2.081000 32.130000
0.125488 0.043945 -0.987793 0.000000 0.000000 0.000000 -28.306274 1.417236 147.991333 0.937000 -0.618000 2.074000 32.150000
0.125000 0.044434 -0.987305 0.000000 0.000000 0.000000 -28.306274 1.417236 147.991333 0.925000 -0.588000 2.131000 32.160000
0.125977 0.043945 -0.987305 0.000000 0.000000 0.000000 -28.306274 1.417236 147.991333 0.930000 -0.616000 2.136000 32.160000
0.125488 0.043945 -0.986816 0.000000 0.000000 0.000000 -28.306274 1.417236 147.991333 0.929000 -0.618000 2.070000 32.110000
0.125000 0.043945 -0.987305 0.000000 0.000000 0.000000 -28.306274 1.411743 147.991333 0.923000 -0.617000 2.211000 32.110000
0.125000 0.043945 -0.987305 0.000000 0.000000 0.000000 -28.306274 1.411743 147.991333 0.933000 -0.600000 2.114000 32.160000
0.125488 0.045410 -0.986816 0.000000 0.000000 0.000000 -28.306274 1.411743 147.991333 0.941000 -0.595000 2.218000 32.140000
0.125488 0.043945 -0.987305 0.000000 0.000000 0.000000 -28.306274 1.411743 147.991333 0.922000 -0.622000 2.134000 32.120000
0.125488 0.043945 -0.987305 0.000000 0.000000 0.000000 -28.306274 1.411743 147.991333 0.927000 -0.612000 2.079000 32.130000
