0.002441 -0.917480 0.365723 0.000000 0.000000 0.000000 -72.691040 -1.290894 -37.342529 -2.856000 2.146000 3.126000 30.000000
0.002441 -0.916992 0.366699 -0.061035 -0.061035 0.000000 -72.696533 -1.290894 -37.337036 -2.861000 2.152000 3.146000 29.860000
0.002930 -0.916992 0.366699 0.061035 0.000000 0.000000 -72.696533 -1.290894 -37.337036 -2.857000 2.155000 3.163000 29.960000
0.002930 -0.917969 0.367188 0.000000 0.000000 0.000000 -72.696533 -1.290894 -37.337036 -2.870000 2.155000 3.142000 29.970000
0.002441 -0.916992 0.366211 0.000000 0.000000 0.000000 -72.696533 -1.290894 -37.337036 -2.852000 2.151000 3.163000 29.870000
0.002930 -0.916504 0.367188 0.000000 0.000000 0.000000 -72.702026 -1.290894 -37.337036 -2.861000 2.152000 3.150000 30.010000
0.001953 -0.916992 0.366699 0.000000 0.000000 0.000000 -72.707520 -1.290894 -37.337036 -2.867000 2.142000 3.163000 29.940000
0.002441 -0.916504 0.366211 0.000000 0.000000 0.000000 -72.707520 -1.290894 -37.337036 -2.859000 2.147000 3.168000 29.880000
0.001953 -0.917480 0.366699 0.000000 0.000000 0.000000 -72.713013 -1.290894 -37.337036 -2.860000 2.145000 3.167000 29.830000
0.002930 -0.917480 0.366699 0.000000 0.000000 0.000000 -72.713013 -1.290894 -37.337036 -2.863000 2.153000 3.167000 29.980000
0.002441 -0.916992 0.367188 0.000000 0.000000 0.000000 -72.713013 -1.290894 -37.337036 -2.849000 2.165000 3.159000 29.930000
0.002441 -0.916992 0.367188 0.000000 0.000000 0.000000 -72.713013 -1.290894 -37.337036 -2.854000 2.152000 3.159000 29.850000
0.002930 -0.916992 0.367188 0.000000 0.000000 0.000000 -72.713013 -1.290894 -37.337036 -2.872000 2.147000 3.145000 29.960000
0.002930 -0.917480 0.366699 0.000000 0.000000 0.000000 -72.713013 -1.290894 -37.337036 -2.881000 2.153000 3.142000 29.990000
0.002930 -0.916504 0.366699 0.000000 0.000000 0.000000 -72.713013 -1.290894 -37.337036 -2.865000 2.156000 3.162000 30.000000
0.002441 -0.916992 0.367676 0.000000 0.000000 0.000000 -72.713013 -1.290894 -37.337036 -2.870000 2.151000 3.165000 29.970000
0.002930 -0.916992 0.366211 0.000000 0.000000 0.000000 -72.713013 -1.290894 -37.337036 -2.856000 2.152000 3.159000 29.890000
0.002441 -0.916016 0.366211 -0.061035 0.000000 0.000000 -72.718506 -1.290894 -37.337036 -2.865000 2.152000 3.163000 29.830000
0.001953 -0.916016 0.366211 0.183105 0.000000 0.000000 -72.713013 -1.296387 -37.337036 -2.866000 2.143000 3.136000 29.920000
0.001953 -0.917480 0.365234 -0.122070 0.000000 0.000000 -72.713013 -1.296387 -37.337036 -2.871000 2.147000 3.148000 29.800000
0.002441 -0.916992 0.367188 0.183105 0.000000 0.000000 -72.707520 -1.290894 -37.337036 -2.858000 2.137000 3.139000 29.880000
0.002930 -0.916016 0.366211 -0.427246 0.000000 0.000000 -72.718506 -1.290894 -37.331543 -2.850000 2.140000 3.146000 29.870000
0.002930 -0.916504 0.365723 0.122070 0.000000 0.000000 -72.713013 -1.290894 -37.331543 -2.851000 2.140000 3.171000 29.960000
0.002441 -0.916504 0.367676 0.366211 0.000000 0.000000 -72.702026 -1.296387 -37.331543 -2.855000 2.142000 3.167000 29.950000
0.002930 -0.916992 0.368164 -0.183105 0.000000 0.000000 -72.707520 -1.296387 -37.331543 -2.852000 2.152000 3.157000 30.000000
0.003418 -0.916504 0.366699 0.427246 0.000000 0.000000 -72.702026 -1.290894 -37.331543 -2.852000 2.160000 3.171000 29.920000
0.002441 -0.916992 0.366211 0.000000 0.000000 0.000000 -72.702026 -1.290894 -37.331543 -2.865000 2.151000 3.159000 29.880000
0.002930 -0.916504 0.365723 -0.244141 -0.061035 0.000000 -72.707520 -1.290894 -37.331543 -2.853000 2.148000 3.145000 30.030000
0.001953 -0.916992 0.366699 0.000000 0.000000 0.000000 -72.713013 -1.290894 -37.331543 -2.859000 2.149000 3.169000 29.840000
0.002441 -0.916016 0.366211 0.244141 0.000000 0.000000 -72.713013 -1.290894 -37.331543 -2.862000 2.150000 3.153000 29.970000
0.002441 -0.916992 0.366211 0.122070 0.000000 0.000000 -72.718506 -1.290894 -37.331543 -2.857000 2.146000 3.137000 29.900000
0.002930 -0.916992 0.366699 0.122070 0.000000 0.000000 -72.713013 -1.296387 -37.331543 -2.852000 2.149000 3.153000 29.970000
0.002930 -0.916992 0.366699 -0.183105 0.000000 0.000000 -72.723999 -1.296387 -37.331543 -2.871000 2.150000 3.149000 29.960000
0.002441 -0.916992 0.365234 -0.244141 0.000000 0.000000 -72.734985 -1.296387 -37.331543 -2.854000 2.154000 3.140000 29.800000
0.002441 -0.916992 0.365723 -0.061035 0.000000 0.000000 -72.740479 -1.296387 -37.331543 -2.873000 2.149000 3.173000 29.870000
0.002441 -0.916504 0.366699 0.183105 0.000000 0.000000 -72.740479 -1.296387 -37.331543 -2.859000 2.159000 3.162000 29.920000
0.002441 -0.916992 0.366211 0.122070 0.000000 0.000000 -72.740479 -1.296387 -37.331543 -2.862000 2.156000 3.173000 30.030000
0.002930 -0.916992 0.365723 -0.061035 0.000000 0.000000 -72.740479 -1.296387 -37.331543 -2.857000 2.151000 3.162000 29.990000
0.001953 -0.916992 0.364746 -0.061035 0.000000 0.000000 -72.740479 -1.290894 -37.331543 -2.848000 2.146000 3.173000 29.900000
0.002441 -0.917480 0.365234 0.061035 0.000000 0.000000 -72.745972 -1.290894 -37.331543 -2.859000 2.151000 3.170000 29.940000
0.002441 -0.917480 0.364746 0.000000 0.000000 0.000000 -72.751465 -1.290894 -37.331543 -2.849000 2.155000 3.168000 29.880000
0.002930 -0.917480 0.365234 0.000000 0.000000 0.000000 -72.745972 -1.290894 -37.331543 -2.867000 2.160000 3.153000 29.870000
0.002441 -0.916992 0.366211 0.000000 0.000000 0.000000 -72.751465 -1.290894 -37.331543 -2.858000 2.153000 3.152000 29.960000
0.002930 -0.917480 0.365234 0.000000 0.000000 0.000000 -72.751465 -1.290894 -37.331543 -2.869000 2.150000 3.153000 29.880000
0.000000 -0.917969 0.364746 0.854492 0.061035 0.305176 -72.762451 -1.290894 -37.331543 -2.856000 2.139000 3.148000 30.020000
0.020508 -0.907227 0.396973 -0.427246 -0.061035 0.000000 -72.745972 -1.285400 -37.326050 -2.859000 2.143000 3.165000 29.950000
0.053711 -1.000488 -0.075684 -241.821289 28.808594 -103.820801 -84.094849 -2.636719 -36.474609 -2.894000 1.859000 3.542000 29.880000
0.185059 -1.260254 0.168457 128.601074 -230.957031 -17.089844 -94.081421 -5.487671 -21.588135 -2.333000 0.990000 3.808000 29.910000
0.432617 -0.748047 0.404785 130.676270 -198.242188 -40.710449 -79.200439 -8.629761 5.635986 -1.409000 1.295000 2.202000 29.930000
0.511230 -0.574707 0.215332 103.027344 -45.837402 -196.166992 -78.656616 -24.702759 12.963867 -1.434000 2.060000 1.336000 30.000000
0.656738 -0.526367 0.407227 51.574707 8.239746 -38.391113 -59.996338 -43.187256 2.625732 -2.632000 2.889000 0.443000 30.070000
0.745117 -0.370117 0.552734 255.737305 -141.540527 34.362793 -53.316650 -46.159058 3.345337 -2.655000 2.885000 0.279000 30.080000
0.728516 -0.498047 0.364746 37.292480 -107.299805 59.814453 -57.403564 -48.982544 18.929443 -2.943000 2.909000 -0.037000 30.100000
0.742188 -0.550781 0.220703 -16.235352 -46.142578 45.837402 -66.774902 -50.932617 34.524536 -2.769000 2.672000 -0.695000 30.040000
0.747070 -0.641602 0.123535 -59.387207 11.901855 28.442383 -74.097290 -48.944092 40.209961 -2.630000 2.514000 -1.044000 30.110000
0.690430 -0.712402 0.098633 -87.890625 55.480957 23.132324 -83.095093 -44.802246 38.809204 -2.592000 2.527000 -0.910000 30.110000
0.577148 -0.460449 -0.740723 -367.248535 29.846191 48.217773 -102.788086 -39.006958 30.190430 -2.059000 2.332000 0.973000 30.110000
0.581543 -0.277832 -0.737305 -191.589355 42.114258 30.334473 -147.458496 -34.524536 22.890015 -1.703000 0.844000 2.920000 30.270000
0.628906 -0.166504 -0.791016 -10.925293 1.159668 1.708984 -163.723755 -37.496338 16.649780 -1.856000 -0.469000 3.648000 30.200000
0.610352 -0.041504 -0.798340 -94.909668 14.343262 21.423340 -169.436646 -38.150024 14.458008 -1.844000 -1.297000 3.860000 30.300000
0.638184 -0.033203 -0.803223 -10.925293 0.915527 -3.662109 -175.413208 -38.171997 12.546387 -1.873000 -1.654000 3.813000 30.270000
0.652832 0.053711 -0.773926 -28.503418 6.530762 2.014160 176.088867 -39.726562 11.964111 -2.238000 -2.081000 3.687000 30.250000
0.643066 0.060547 -0.784180 0.122070 -1.159668 -0.549316 175.858154 -39.869385 12.463989 -2.229000 -2.115000 3.654000 30.260000
0.643555 0.059570 -0.791016 1.342773 -0.671387 -1.586914 175.292358 -39.754028 13.183594 -2.230000 -2.133000 3.632000 30.290000
0.640137 0.058594 -0.782227 2.685547 0.854492 0.732422 174.951782 -39.874878 13.628540 -2.235000 -2.150000 3.625000 30.260000
0.644531 0.056152 -0.783203 0.732422 0.000000 -0.793457 174.918823 -39.968262 14.067993 -2.244000 -2.155000 3.635000 30.300000
0.649414 0.082520 -0.783691 -2.807617 0.305176 -1.647949 174.276123 -40.138550 14.985352 -2.236000 -2.183000 3.668000 30.270000
0.652344 0.100586 -0.796875 -1.220703 1.953125 -4.699707 173.523560 -40.292358 15.814819 -2.244000 -2.186000 3.627000 30.250000
0.645020 0.133301 -0.753906 -61.035156 -1.831055 7.995605 171.925049 -40.352783 16.166382 -2.239000 -2.142000 3.625000 30.290000
0.778809 0.245605 -0.502441 -17.700195 4.516602 2.807617 167.590942 -41.308594 15.320435 -2.164000 -2.347000 3.552000 30.320000
0.789551 0.436035 -0.451172 -216.186523 63.781738 40.466309 145.838013 -49.476929 10.772095 -2.500000 -3.384000 3.032000 30.280000
0.791992 0.473145 -0.411621 4.638672 -2.380371 1.159668 130.973511 -51.624756 14.249268 -2.937000 -4.133000 1.952000 30.350000
0.789551 0.480469 -0.398438 0.427246 -1.037598 1.831055 131.050415 -51.668701 15.913696 -2.935000 -4.146000 1.958000 30.350000
0.796875 0.470215 -0.427734 -0.976562 0.000000 1.770020 131.105347 -51.833496 17.616577 -2.907000 -4.128000 1.969000 30.260000
0.792480 0.471191 -0.405273 1.037598 1.281738 -0.793457 130.852661 -52.053223 19.692993 -2.902000 -4.282000 1.952000 30.270000
0.788086 0.464355 -0.416016 6.835938 -1.342773 1.586914 131.187744 -52.207031 21.588135 -2.903000 -4.156000 1.977000 30.330000
0.821777 0.339844 -0.446777 10.070801 -0.976562 1.098633 131.643677 -52.300415 24.801636 -2.908000 -4.152000 2.016000 30.330000
0.706055 0.138672 -0.736328 155.944824 -16.052246 -20.324707 136.834717 -52.168579 25.735474 -2.901000 -4.187000 2.184000 30.280000
0.632324 -0.405762 -0.642578 411.010742 -58.105469 -98.205566 165.767212 -45.461426 33.618164 -2.618000 -3.205000 3.287000 30.290000
0.911621 -0.418457 0.169434 656.005859 76.049805 -32.226562 -143.898926 -46.115112 36.699829 -2.385000 -0.633000 4.017000 30.230000
0.879395 -0.369629 0.292969 222.351074 -23.376465 -52.062988 -79.096069 -57.782593 40.578003 -2.929000 2.487000 1.710000 30.380000
0.039062 -0.081543 -1.228516 478.210449 -320.007324 17.333984 -130.979004 -29.179688 39.298096 -3.482000 3.002000 -0.067000 30.350000
-0.046875 -1.573242 -0.354004 525.573730 212.402344 -81.848145 -114.439087 -18.495483 29.267578 -1.893000 1.483000 1.878000 30.300000
-0.150391 -1.075684 -0.228027 371.032715 297.180176 69.030762 -99.772339 -8.843994 -2.702637 -0.836000 0.209000 1.452000 30.360000
-0.005859 -0.921875 0.469238 -106.628418 64.392090 -7.690430 -83.842163 -3.081665 -24.873047 -0.950000 0.233000 2.652000 30.400000
-0.024414 -0.999023 -0.038574 46.813965 1.525879 -1.159668 -92.395020 -2.828979 -25.422363 -2.092000 1.099000 3.540000 30.330000
-0.024902 -0.994629 0.015137 -9.216309 -0.305176 0.122070 -91.752319 -2.499390 -26.098022 -2.414000 0.967000 4.000000 30.380000
-0.025391 -0.998047 -0.022949 -12.390137 -0.427246 0.244141 -92.125854 -2.329102 -26.394653 -2.429000 0.979000 4.002000 30.330000
-0.024414 -0.998047 -0.026367 5.310059 0.122070 -0.183105 -92.406006 -2.175293 -26.691284 -2.417000 0.980000 3.997000 30.310000
-0.023926 -0.995605 -0.004395 6.835938 0.122070 -0.183105 -92.433472 -2.032471 -26.971436 -2.428000 0.972000 3.997000 30.340000
-0.024902 -0.996582 -0.005371 5.310059 0.122070 -0.183105 -92.455444 -1.900635 -27.235107 -2.423000 0.962000 3.989000 30.330000
-0.024414 -0.997070 -0.012695 3.540039 0.061035 0.000000 -92.867432 -1.653442 -27.707520 -2.405000 0.965000 4.015000 30.400000
-0.023926 -0.996582 -0.006348 0.000000 0.000000 0.000000 -92.911377 -1.543579 -27.916260 -2.413000 0.985000 4.000000 30.420000
-0.024414 -0.997070 -0.013672 -2.075195 0.000000 0.000000 -93.032227 -1.433716 -28.130493 -2.427000 0.970000 4.009000 30.430000
-0.024414 -0.996582 -0.015137 1.159668 0.000000 0.000000 -93.197021 -1.329346 -28.322754 -2.417000 0.965000 4.013000 30.420000
-0.024414 -0.996582 -0.009277 1.098633 0.000000 0.000000 -93.279419 -1.230469 -28.515015 -2.418000 0.967000 3.966000 30.460000
-0.024414 -0.997070 -0.014160 -0.305176 0.000000 0.000000 -93.576050 -0.977783 -29.009399 -2.412000 0.976000 3.997000 30.390000
-0.024414 -0.996094 -0.010254 1.281738 0.000000 0.000000 -93.630981 -0.906372 -29.146729 -2.408000 0.956000 4.019000 30.500000
-0.023926 -0.996094 -0.008789 -0.305176 0.000000 0.000000 -93.724365 -0.834961 -29.273071 -2.412000 0.973000 4.000000 30.480000
-0.024414 -0.996094 -0.011719 -0.366211 0.000000 0.000000 -93.812256 -0.769043 -29.388428 -2.410000 0.966000 4.003000 30.410000
-0.024414 -0.996582 -0.011719 0.610352 0.000000 0.000000 -93.872681 -0.708618 -29.509277 -2.420000 0.964000 3.999000 30.460000
-0.023438 -0.996582 -0.012207 0.366211 0.000000 0.000000 -94.010010 -0.593262 -29.739990 -2.427000 0.973000 3.994000 30.330000
-0.023926 -0.997070 -0.007812 0.610352 0.000000 0.000000 -94.064941 -0.543823 -29.838867 -2.410000 0.965000 4.009000 30.410000
-0.023438 -0.996582 -0.009766 -0.488281 0.000000 0.000000 -94.103394 -0.494385 -29.926758 -2.416000 0.955000 3.996000 30.530000
-0.023438 -0.997070 -0.011230 -0.061035 0.000000 0.000000 -94.169312 -0.450439 -30.014648 -2.423000 0.970000 4.011000 30.440000
-0.023926 -0.996582 -0.011230 0.610352 0.061035 0.000000 -94.224243 -0.406494 -30.097046 -2.415000 0.975000 4.018000 30.470000
-0.023926 -0.996094 -0.012207 -0.549316 0.000000 0.000000 -94.372559 -0.296631 -30.322266 -2.420000 0.964000 3.997000 30.410000
-0.024414 -0.996094 -0.011719 0.366211 0.000000 0.000000 -94.416504 -0.263672 -30.388184 -2.411000 0.962000 4.005000 30.480000
-0.023926 -0.996582 -0.010742 0.244141 0.000000 0.000000 -94.449463 -0.230713 -30.448608 -2.426000 0.960000 4.012000 30.500000
-0.023926 -0.997070 -0.011230 -0.061035 0.000000 0.000000 -94.482422 -0.203247 -30.503540 -2.423000 0.980000 3.993000 30.490000
-0.024414 -0.997070 -0.011719 0.000000 0.061035 0.000000 -94.515381 -0.175781 -30.558472 -2.414000 0.968000 4.006000 30.370000
-0.023926 -0.997070 -0.010742 0.000000 0.000000 0.000000 -94.575806 -0.126343 -30.657349 -2.420000 0.954000 3.983000 30.410000
-0.023438 -0.997070 -0.010254 0.000000 0.000000 0.000000 -94.603271 -0.104370 -30.701294 -2.408000 0.962000 3.995000 30.430000
-0.023926 -0.996582 -0.009766 0.244141 0.000000 0.000000 -94.625244 -0.082397 -30.745239 -2.407000 0.953000 4.010000 30.520000
-0.023926 -0.996094 -0.011230 0.122070 0.000000 0.000000 -94.641724 -0.065918 -30.783691 -2.432000 0.970000 3.987000 30.410000
-0.024414 -0.996094 -0.009766 -0.244141 0.000000 0.000000 -94.669189 -0.043945 -30.822144 -2.405000 0.965000 3.996000 30.450000
-0.023438 -0.997559 -0.009766 -0.061035 0.000000 0.000000 -94.729614 0.005493 -30.926514 -2.426000 0.967000 4.004000 30.420000
-0.023438 -0.996582 -0.010254 -0.305176 0.000000 0.000000 -94.746094 0.021973 -30.953979 -2.420000 0.966000 4.014000 30.440000
-0.023926 -0.996582 -0.010742 0.366211 0.000000 0.000000 -94.768066 0.032959 -30.981445 -2.418000 0.965000 4.010000 30.520000
-0.024414 -0.997559 -0.009277 0.122070 0.000000 0.000000 -94.779053 0.049438 -31.008911 -2.419000 0.962000 4.007000 30.500000
-0.024414 -0.997070 -0.010254 -0.305176 0.000000 0.000000 -94.790039 0.060425 -31.036377 -2.424000 0.954000 3.990000 30.440000
-0.023926 -0.997070 -0.010254 0.244141 0.000000 0.000000 -94.817505 0.082397 -31.080322 -2.432000 0.957000 3.997000 30.550000
-0.023926 -0.997559 -0.010742 -0.061035 0.000000 0.000000 -94.828491 0.093384 -31.102295 -2.431000 0.965000 4.009000 30.500000
-0.023926 -0.996094 -0.009766 0.000000 0.000000 0.000000 -94.839478 0.098877 -31.118774 -2.426000 0.970000 3.998000 30.500000
-0.024902 -0.997070 -0.008789 0.244141 0.000000 0.000000 -94.850464 0.109863 -31.140747 -2.424000 0.965000 4.015000 30.510000
-0.023926 -0.997070 -0.010254 0.000000 0.000000 0.000000 -94.855957 0.115356 -31.157227 -2.430000 0.963000 3.989000 30.460000
-0.024414 -0.996094 -0.009766 0.122070 0.000000 0.000000 -94.877930 0.131836 -31.190186 -2.427000 0.965000 3.984000 30.520000
-0.023926 -0.997070 -0.009766 0.061035 0.000000 0.000000 -94.888916 0.142822 -31.206665 -2.433000 0.961000 4.010000 30.520000
-0.023438 -0.996582 -0.009766 0.000000 0.000000 0.000000 -94.894409 0.148315 -31.217651 -2.417000 0.966000 3.996000 30.440000
-0.024414 -0.996582 -0.010254 0.000000 0.000000 0.000000 -94.905396 0.153809 -31.228638 -2.420000 0.966000 3.979000 30.440000
-0.024902 -0.996094 -0.010254 0.000000 0.000000 0.000000 -94.916382 0.159302 -31.245117 -2.413000 0.959000 4.007000 30.460000
-0.024414 -0.997070 -0.009766 0.000000 0.000000 0.000000 -94.943848 0.175781 -31.272583 -2.422000 0.966000 4.002000 30.360000
-0.024414 -0.996582 -0.010254 0.000000 0.000000 0.000000 -94.954834 0.181274 -31.283569 -2.412000 0.961000 4.003000 30.460000
-0.024414 -0.997070 -0.009766 0.000000 0.000000 0.000000 -94.960327 0.186768 -31.294556 -2.426000 0.966000 3.997000 30.480000
-0.023926 -0.997070 -0.009766 0.000000 0.000000 0.000000 -94.971313 0.192261 -31.300049 -2.408000 0.968000 4.011000 30.520000
-0.023926 -0.996582 -0.009766 0.000000 0.000000 0.000000 -94.976807 0.197754 -31.311035 -2.417000 0.957000 3.983000 30.550000
-0.023926 -0.996094 -0.010254 0.000000 0.000000 0.000000 -94.993286 0.203247 -31.322021 -2.421000 0.969000 3.977000 30.500000
-0.023926 -0.996582 -0.011230 0.000000 0.000000 0.000000 -94.998779 0.208740 -31.333008 -2.423000 0.968000 3.988000 30.480000
-0.023926 -0.997559 -0.010742 0.061035 0.000000 0.000000 -95.004272 0.208740 -31.338501 -2.420000 0.974000 3.992000 30.460000
-0.023926 -0.996582 -0.011230 0.122070 0.000000 0.000000 -95.020752 0.214233 -31.343994 -2.417000 0.959000 4.005000 30.540000
-0.024414 -0.996094 -0.010742 -0.122070 0.000000 0.000000 -95.026245 0.214233 -31.349487 -2.420000 0.974000 3.990000 30.560000
-0.024414 -0.997559 -0.010742 0.061035 0.000000 0.000000 -95.048218 0.225220 -31.360474 -2.412000 0.982000 4.008000 30.450000
-0.024414 -0.997070 -0.010254 -0.061035 0.000000 0.000000 -95.053711 0.225220 -31.365967 -2.421000 0.971000 4.023000 30.520000
-0.025391 -0.996094 -0.011230 0.061035 0.061035 0.000000 -95.064697 0.230713 -31.371460 -2.422000 0.975000 4.004000 30.570000
-0.027344 -0.995605 -0.014648 5.981445 3.540039 -2.563477 -94.971313 0.192261 -31.437378 -2.410000 0.967000 4.001000 30.480000
-0.008789 -1.099121 -0.212891 121.520996 -350.952148 -145.568848 -96.509399 -2.087402 -25.697021 -2.303000 0.853000 3.904000 30.590000
1.131836 -0.470703 0.156250 72.753906 136.413574 12.145996 -56.381836 -54.816284 15.292969 -3.216000 2.777000 -0.025000 30.470000
0.625977 -0.160156 0.338867 26.000977 -97.290039 -60.119629 -48.032227 -58.787842 2.982788 -4.323000 3.111000 -0.385000 30.390000
0.790527 0.051758 0.336914 106.445312 50.048828 -35.461426 -33.799438 -61.358643 -3.652954 -4.526000 3.252000 -0.923000 30.520000
0.982910 -0.149414 0.403809 -34.790039 -8.789062 29.113770 -18.072510 -67.571411 -15.205078 -5.355000 2.976000 -1.255000 30.580000
0.997559 0.031250 0.461426 38.696289 9.704590 -13.183594 -23.527222 -64.692993 -10.541382 -5.112000 2.789000 -1.410000 30.480000
0.802734 0.171387 0.569824 28.442383 18.859863 -32.348633 5.531616 -52.250977 -22.472534 -4.857000 2.117000 -2.132000 30.480000
0.745605 0.303223 0.655273 37.292480 36.926270 -15.625000 12.524414 -46.972046 -22.500000 -4.669000 1.991000 -2.423000 30.550000
0.296875 0.168457 0.367676 28.259277 122.741699 -24.658203 14.864502 -38.759766 -22.280273 -4.322000 1.464000 -2.681000 30.490000
0.475586 0.487793 0.698730 109.802246 33.325195 -83.618164 22.115479 -33.299561 -24.340210 -3.965000 1.214000 -2.809000 30.620000
0.406250 0.639160 0.609375 39.184570 23.010254 -61.340332 32.404175 -27.773438 -29.756470 -3.627000 0.833000 -2.950000 30.530000
0.321289 0.721191 0.671387 61.035156 57.617188 -55.847168 38.397217 -20.769653 -32.926025 -3.402000 0.261000 -3.127000 30.580000
0.290527 0.702637 0.401855 -24.597168 8.728027 57.983398 44.714355 -18.088989 -32.838135 -3.216000 -0.473000 -3.217000 30.580000
0.388184 0.707520 0.415527 130.615234 -60.729980 67.810059 44.434204 -20.077515 -29.399414 -3.236000 -0.781000 -3.247000 30.500000
0.510742 0.820312 0.185547 234.313965 -69.458008 -1.892090 51.564331 -26.724243 -31.091309 -3.345000 -1.127000 -3.281000 30.580000
0.396484 0.816895 -0.488770 396.179199 -150.024414 16.174316 67.148438 -30.075073 -35.414429 -3.636000 -2.006000 -3.150000 30.550000
0.349121 0.461426 -0.932129 248.352051 -91.003418 66.284180 104.381104 -28.608398 -47.861938 -4.093000 -3.605000 -2.147000 30.720000
0.263672 0.011719 -0.938965 86.547852 20.690918 1.403809 167.958984 -19.923706 -62.786865 -4.969000 -4.776000 2.456000 30.590000
0.315918 -0.104980 -0.972656 51.879883 -1.220703 15.747070 176.286621 -20.758667 -62.407837 -5.189000 -4.560000 2.992000 30.620000
0.222656 -0.220215 -0.990723 24.597168 -3.662109 1.892090 -178.654175 -19.555664 -61.875000 -5.318000 -4.264000 3.399000 30.560000
0.245117 -0.328125 -0.924316 140.380859 12.207031 -18.859863 -169.573975 -19.709473 -59.611816 -5.350000 -3.941000 3.805000 30.590000
0.312988 -0.506836 -0.855469 89.172363 -34.240723 -4.821777 -160.279541 -19.379883 -55.101929 -5.049000 -3.375000 4.299000 30.630000
0.314941 -0.758789 -0.578125 -9.582520 9.338379 12.390137 -142.640991 -17.677002 -52.761841 -5.064000 -2.159000 4.959000 30.620000
0.258301 -0.651367 -0.985352 -456.298828 176.818848 -7.324219 -138.444214 -19.824829 -50.432739 -5.096000 -1.714000 5.100000 30.610000
0.577637 -0.063477 -0.689453 -46.142578 55.908203 5.676270 -157.868042 -24.669800 -53.959351 -5.214000 -2.504000 4.774000 30.630000
0.599609 -0.231934 -0.803711 -265.930176 39.001465 -59.997559 173.342285 -39.259644 -59.853516 -6.058000 -4.171000 2.937000 30.660000
0.944336 0.622559 -0.188477 426.269531 -265.625000 155.212402 176.748047 -41.852417 -57.974854 -6.267000 -4.427000 2.559000 30.670000
0.717773 0.376953 0.436523 112.182617 36.743164 -121.765137 84.677124 -41.517334 -51.036987 -6.219000 2.089000 -1.410000 30.670000
0.631836 0.340820 0.653320 -109.985352 4.028320 40.222168 76.591187 -42.918091 -47.900391 -6.462000 2.100000 -1.509000 30.700000
0.714844 0.092285 0.673340 -201.416016 12.573242 29.968262 59.095459 -45.604248 -49.251709 -6.362000 2.043000 -1.580000 30.770000
0.755859 -0.388672 0.503418 -551.818848 -87.524414 58.105469 16.688232 -53.036499 -47.603760 -6.170000 2.600000 -0.815000 30.810000
0.704102 -0.570801 -0.043457 -533.325195 -99.365234 -19.348145 -37.402954 -58.903198 -42.138062 -5.925000 3.055000 1.323000 30.670000
0.793945 -0.470215 -0.496094 -218.750000 -1.403809 -61.645508 -75.042114 -64.105225 -41.369019 -5.428000 1.441000 4.140000 30.740000
0.846680 -0.284668 -0.528809 -91.552734 22.155762 12.573242 -88.071899 -64.412842 -44.950562 -4.991000 -2.772000 4.631000 30.740000
0.893066 -0.204590 -0.595703 -171.264648 1.464844 17.333984 -92.620239 -61.913452 -53.058472 -5.407000 -3.503000 4.151000 30.740000
0.834961 0.050781 -0.568848 -95.581055 22.033691 -26.794434 -106.149902 -60.128174 -54.442749 -5.686000 -4.014000 3.540000 30.830000
0.834961 0.140137 -0.519043 -118.041992 8.544922 0.976562 -129.364014 -61.149902 -48.554077 -5.529000 -4.666000 2.523000 30.770000
0.821777 0.198730 -0.533691 -33.630371 1.708984 11.047363 -138.290405 -63.912964 -48.164062 -5.568000 -4.949000 1.850000 30.810000
0.815430 0.154297 -0.490234 -22.766113 -12.878418 14.770508 -158.109741 -62.144165 -48.773804 -5.680000 -4.966000 0.654000 30.750000
0.833496 0.246582 -0.512695 -17.456055 -27.526855 -13.000488 -166.212158 -60.529175 -42.368774 -5.790000 -4.969000 0.516000 30.800000
0.817871 0.249023 -0.525391 -20.751953 -12.939453 2.624512 -172.683105 -59.150391 -40.468140 -5.791000 -4.977000 0.311000 30.820000
0.812012 0.280273 -0.529297 -35.278320 -15.686035 1.342773 -177.758789 -58.227539 -39.825439 -5.751000 -5.031000 0.082000 30.880000
0.773926 0.305664 -0.579590 1.342773 -46.691895 22.827148 179.681396 -54.777832 -39.248657 -5.835000 -5.067000 0.006000 30.820000
0.790039 0.296875 -0.558594 -0.061035 15.502930 15.380859 177.857666 -52.651978 -38.062134 -6.068000 -5.097000 0.207000 30.880000
0.864746 0.228027 -0.594238 11.413574 -12.512207 -4.089355 176.934814 -55.700684 -36.958008 -5.824000 -5.100000 0.183000 30.770000
0.750488 0.145020 -0.634277 33.630371 -16.662598 33.508301 -179.225464 -56.239014 -38.551025 -6.051000 -5.073000 0.322000 30.810000
0.737305 0.390625 -0.551270 -78.063965 -25.817871 30.517578 -178.994751 -53.322144 -41.033936 -6.107000 -4.799000 0.369000 30.850000
0.833008 0.151855 -0.487793 -33.020020 -7.080078 59.570312 171.370239 -53.948364 -41.347046 -6.136000 -4.762000 0.000000 30.880000
0.819824 0.347168 -0.488281 -120.666504 -12.390137 46.203613 164.921265 -51.185303 -66.983643 -7.393000 -3.259000 -1.246000 30.890000
0.827637 0.449219 -0.121094 -131.835938 70.068359 -46.691895 156.049805 -50.037231 -65.747681 -7.251000 -2.790000 -1.547000 31.080000
0.910645 0.424805 0.081055 -176.757812 103.149414 38.085938 124.469604 -58.837280 -51.443481 -6.761000 -2.075000 -2.405000 31.000000
0.876953 0.272461 0.214355 -121.398926 16.357422 25.512695 106.386108 -64.572144 -46.961060 -6.333000 -1.006000 -2.884000 30.830000
0.873047 0.173828 0.375488 -258.666992 145.019531 81.481934 73.086548 -68.620605 -35.046387 -6.052000 0.425000 -2.809000 30.970000
0.872559 0.124023 0.426270 2.807617 0.732422 -1.770020 35.222168 -68.461304 -19.725952 -5.525000 2.435000 -2.035000 30.990000
0.875000 0.131836 0.429199 1.464844 -2.990723 -0.915527 34.343262 -68.236084 -20.451050 -5.505000 2.522000 -1.990000 30.970000
0.885254 0.133789 0.437988 2.319336 -0.305176 -0.610352 33.486328 -68.093262 -20.906982 -5.506000 2.508000 -1.971000 30.980000
0.877441 0.131348 0.430176 -3.051758 -1.220703 -0.976562 32.321777 -67.884521 -21.346436 -5.486000 2.533000 -1.994000 30.990000
0.885254 0.129883 0.421875 1.831055 2.136230 -0.610352 31.102295 -67.725220 -21.807861 -5.486000 2.513000 -2.018000 30.970000
0.879395 0.137207 0.434082 0.122070 -0.610352 1.281738 28.817139 -67.252808 -21.335449 -5.496000 2.284000 -2.007000 30.970000
0.881348 0.129883 0.420898 2.990723 -0.549316 0.671387 28.037109 -66.928711 -21.571655 -5.502000 2.171000 -2.003000 31.060000
0.878418 0.135254 0.433105 3.173828 0.305176 0.915527 27.224121 -66.829834 -21.654053 -5.501000 2.092000 -2.042000 30.980000
0.882324 0.134766 0.425781 3.479004 -0.488281 1.586914 26.416626 -66.719971 -21.615601 -5.516000 2.106000 -2.050000 31.100000
0.885742 0.127441 0.424805 4.333496 1.281738 0.122070 25.713501 -66.615601 -21.643066 -5.527000 2.106000 -2.081000 31.050000
0.873047 0.244141 0.329590 149.597168 -16.418457 -3.601074 26.251831 -66.187134 -22.011108 -5.543000 2.178000 -2.163000 31.070000
0.878418 0.335938 0.277344 241.638184 3.784180 -5.004883 35.029907 -66.868286 -24.312744 -5.493000 1.833000 -2.406000 31.080000
0.885254 0.488770 0.077637 210.021973 -18.737793 -12.756348 58.639526 -66.472778 -24.834595 -5.552000 0.522000 -3.044000 31.060000
0.879883 0.474121 -0.134277 269.104004 -30.822754 -24.902344 85.215454 -65.181885 -27.916260 -5.597000 -1.216000 -3.209000 31.050000
0.847656 0.397461 -0.345215 167.358398 -33.447266 2.075195 110.214844 -63.923950 -28.888550 -5.606000 -2.885000 -2.615000 31.080000
0.859375 -0.042480 -0.519531 410.278320 -36.437988 -22.033691 -165.701294 -58.765869 -38.375244 -6.010000 -4.520000 1.791000 31.110000
0.752930 -0.379883 -0.498047 96.191406 -36.010742 96.252441 -140.685425 -53.580322 -37.463379 -6.038000 -3.540000 3.709000 31.100000
0.742188 -0.607422 -0.408691 24.658203 32.897949 -13.854980 -129.693604 -52.838745 -43.401489 -6.197000 -2.829000 4.212000 31.110000
0.934082 -0.107910 -0.000488 222.839355 -1.342773 50.964355 -120.596924 -59.968872 -52.767334 -6.654000 -2.818000 3.994000 31.180000
0.809082 -0.609863 -0.064941 38.574219 14.587402 12.573242 -101.085205 -56.002808 -59.699707 -6.931000 -1.920000 4.113000 31.040000
0.754395 -0.592285 0.156250 197.753906 29.174805 -29.724121 -97.943115 -54.816284 -56.140137 -7.017000 -1.426000 4.213000 31.150000
0.713867 -0.502441 0.335938 224.670410 49.804688 57.434082 -85.918579 -51.828003 -62.479248 -7.224000 -0.977000 4.108000 31.180000
0.625977 -0.384766 0.591797 211.181641 61.340332 33.264160 -59.963379 -49.290161 -59.304199 -7.317000 0.431000 3.762000 31.190000
0.433594 0.077637 0.937500 130.859375 46.630859 15.991211 -35.101318 -43.626709 -62.572632 -7.286000 1.573000 2.733000 31.190000
0.445801 0.174805 0.791016 -4.211426 -55.725098 -12.268066 -3.059692 -33.189697 -66.132202 -7.262000 1.898000 0.650000 31.200000
0.532227 0.488281 0.754883 -74.584961 -49.377441 21.423340 22.379150 -36.403198 -72.339478 -7.536000 1.186000 -0.765000 31.300000
0.519043 0.397461 0.665527 -44.372559 -9.033203 -2.075195 19.105225 -38.655396 -73.152466 -7.486000 1.393000 -0.489000 31.260000
0.484863 0.096680 0.847656 -230.590820 -47.424316 9.216309 5.053711 -39.545288 -72.729492 -7.472000 1.529000 -0.061000 31.260000
0.586426 0.233887 0.724609 21.240234 11.291504 -6.530762 7.218018 -37.304077 -72.526245 -7.499000 1.667000 0.096000 31.240000
0.518066 0.299805 0.718262 14.099121 13.000488 3.601074 12.354126 -35.645142 -72.454834 -7.508000 1.698000 -0.196000 31.230000
0.521484 0.401367 0.762207 108.642578 -58.532715 14.892578 13.645020 -32.634888 -71.356201 -7.394000 1.517000 -0.584000 31.300000
0.512207 0.625000 0.515137 334.106445 -80.627441 147.949219 17.924194 -35.991211 -70.598145 -7.231000 1.675000 -0.564000 31.280000
0.640137 0.701660 0.331055 38.879395 -38.696289 35.278320 41.511841 -34.189453 -64.259033 -7.095000 1.056000 -1.393000 31.380000
0.695801 0.661621 0.271973 18.493652 -8.483887 34.912109 54.832764 -42.149048 -62.347412 -7.010000 0.500000 -1.944000 31.360000
0.730469 0.619141 0.229980 56.335449 -6.835938 7.080078 56.063232 -46.812744 -63.687744 -7.322000 0.630000 -1.931000 31.270000
0.755371 0.614746 0.153809 -1.892090 -1.159668 7.629395 64.643555 -50.899658 -67.077026 -7.182000 0.679000 -1.869000 31.270000
0.756836 0.635742 0.161133 -15.441895 -3.967285 4.943848 64.489746 -51.388550 -67.664795 -7.346000 0.629000 -1.837000 31.350000
0.763184 0.602051 0.156738 -2.197266 -5.065918 4.028320 64.500732 -51.871948 -68.076782 -7.356000 0.702000 -1.837000 31.410000
0.759277 0.625977 0.165527 -2.990723 -1.098633 1.831055 64.940186 -52.102661 -68.433838 -7.343000 0.660000 -1.778000 31.430000
0.759277 0.615723 0.156250 -3.967285 -5.249023 6.042480 65.407104 -52.498169 -68.845825 -7.333000 0.648000 -1.755000 31.450000
0.779297 0.597656 0.138672 -13.610840 -6.896973 9.887695 66.247559 -53.333130 -69.895020 -7.323000 0.630000 -1.712000 31.500000
0.732422 0.595215 0.166992 -4.028320 -0.732422 6.164551 66.681519 -53.662720 -69.779663 -7.341000 0.551000 -1.620000 31.500000
0.815430 0.527344 0.117188 -39.245605 -4.699707 20.019531 66.115723 -53.739624 -68.214111 -7.382000 0.563000 -1.720000 31.420000
0.796387 0.520996 0.214355 -67.687988 -14.404297 35.583496 65.236816 -55.057983 -68.988647 -7.001000 0.789000 -1.626000 31.490000
0.790527 0.574707 0.337891 -113.281250 -36.132812 -0.976562 60.424805 -57.491455 -68.054810 -7.014000 1.037000 -1.518000 31.480000
0.887207 0.252930 0.409180 -71.472168 -13.671875 23.193359 49.465942 -58.584595 -72.696533 -7.021000 1.548000 -0.939000 31.520000
0.891602 -0.286133 0.406250 -264.587402 12.084961 35.217285 -34.129028 -61.512451 -56.925659 -6.505000 1.938000 2.678000 31.490000
0.875977 -0.351562 0.125977 -289.306641 13.366699 -50.659180 -71.691284 -65.110474 -64.028320 -6.492000 -0.146000 3.941000 31.570000
0.845703 -0.349121 0.165039 74.523926 46.203613 -44.677734 -65.220337 -66.313477 -75.514526 -6.677000 -1.209000 4.076000 31.560000
0.959961 -0.360352 0.210449 23.681641 -5.981445 2.075195 -60.062256 -66.220093 -74.404907 -6.742000 -1.187000 4.049000 31.530000
0.933105 -0.397949 0.184570 18.554688 7.019043 -2.624512 -59.738159 -66.005859 -73.405151 -6.764000 -1.149000 4.047000 31.530000
0.891602 -0.384766 0.189941 -5.615234 0.427246 -6.164551 -59.782104 -65.857544 -70.839844 -6.708000 -0.879000 4.078000 31.670000
0.926270 -0.324219 0.198242 20.080566 5.371094 14.953613 -60.897217 -66.082764 -69.845581 -6.721000 -0.856000 4.096000 31.640000
0.840820 -0.364746 0.215820 -4.760742 -0.305176 -6.958008 -60.474243 -66.121216 -69.862061 -6.734000 -0.836000 4.082000 31.690000
0.908691 -0.363281 0.210938 -0.244141 1.708984 -3.479004 -59.908447 -65.396118 -68.834839 -6.839000 -0.931000 4.072000 31.690000
0.910645 -0.361816 0.213379 15.014648 3.417969 16.845703 -59.716187 -66.170654 -69.647827 -6.715000 -0.863000 4.073000 31.730000
0.890137 -0.364258 0.231934 2.441406 1.403809 4.211426 -58.947144 -65.104980 -68.060303 -6.989000 -0.962000 4.030000 31.730000
0.891602 -0.360352 0.233398 1.464844 0.000000 -7.324219 -58.705444 -65.209351 -68.115234 -7.014000 -0.974000 4.030000 31.670000
0.894531 -0.335449 0.236816 -0.610352 0.854492 -1.647949 -57.864990 -65.549927 -68.659058 -7.027000 -0.968000 3.997000 31.640000
0.874023 -0.337891 0.244141 1.403809 -0.793457 -0.061035 -58.145142 -65.440063 -68.241577 -6.804000 -0.977000 3.988000 31.700000
0.893555 -0.338379 0.229492 2.136230 0.671387 1.403809 -58.408813 -65.396118 -67.802124 -7.084000 -0.969000 3.974000 31.780000
0.894531 -0.345215 0.242188 1.586914 -0.244141 -2.258301 -58.304443 -65.061035 -66.917725 -7.030000 -0.600000 3.960000 31.710000
0.899414 -0.354980 0.247559 -0.183105 -0.549316 0.000000 -58.375854 -65.187378 -66.665039 -6.891000 -0.546000 3.973000 31.750000
0.901367 -0.352051 0.239746 -1.342773 -0.793457 0.549316 -58.628540 -65.214844 -66.253052 -7.097000 -0.700000 3.978000 31.710000
0.893555 -0.345215 0.244141 -0.183105 -0.366211 -2.136230 -58.776855 -65.319214 -65.906982 -6.937000 -0.642000 3.980000 31.880000
0.896973 -0.339355 0.252441 -1.647949 1.220703 0.671387 -58.699951 -65.330200 -65.885010 -7.024000 -0.723000 3.951000 31.820000
0.898438 -0.336426 0.244629 0.000000 0.000000 1.647949 -58.710938 -65.418091 -65.659790 -6.994000 -0.739000 3.980000 31.800000
0.888184 -0.345703 0.245117 0.427246 -0.183105 0.183105 -58.859253 -65.341187 -65.330200 -6.887000 -0.844000 3.962000 31.880000
0.888184 -0.347656 0.245117 -2.319336 -0.427246 1.403809 -59.139404 -65.308228 -65.050049 -7.085000 -0.589000 3.944000 31.890000
0.890137 -0.336426 0.241699 -0.610352 -0.732422 0.732422 -59.298706 -65.330200 -64.819336 -7.110000 -0.707000 3.957000 31.810000
0.892090 -0.354492 0.245605 10.009766 0.244141 3.967285 -59.452515 -65.203857 -64.313965 -7.109000 -0.552000 3.953000 31.880000
0.881836 -0.352539 0.254395 14.343262 -3.173828 9.704590 -59.035034 -64.846802 -63.555908 -6.854000 -0.543000 3.933000 31.850000
0.771973 0.047852 0.649414 632.446289 104.675293 21.789551 -52.322388 -60.540161 -57.502441 -7.040000 -0.090000 3.854000 31.850000
0.701172 0.522461 0.449707 273.132324 13.549805 -48.522949 -8.728638 -52.382812 -53.486938 -6.843000 1.528000 2.340000 31.870000
0.719238 0.647949 0.233398 28.015137 3.112793 -6.713867 38.518066 -51.734619 -59.441528 -6.918000 1.691000 -0.165000 31.870000
0.722656 0.593750 0.268555 -3.601074 -5.798340 6.469727 57.551880 -50.509644 -64.259033 -6.951000 1.099000 -1.066000 31.920000
0.742676 0.591797 0.274902 8.850098 0.122070 -2.380371 54.464722 -50.833740 -64.473267 -6.943000 0.925000 -1.202000 31.970000
0.732422 0.612793 0.281250 -12.451172 1.159668 -1.281738 54.810791 -50.888672 -66.445312 -6.944000 0.875000 -1.148000 31.970000
0.757324 0.586914 0.275391 -12.451172 0.000000 -1.647949 53.486938 -51.004028 -67.741699 -7.105000 0.904000 -1.058000 31.970000
0.726562 0.593262 0.298828 1.892090 -0.366211 0.061035 53.558350 -50.850220 -68.016357 -7.304000 0.807000 -1.046000 32.080000
0.737793 0.593750 0.283691 -1.708984 0.732422 -1.647949 54.190063 -50.685425 -68.620605 -7.367000 0.814000 -1.066000 32.170000
0.726074 0.598145 0.295410 0.244141 0.244141 1.098633 54.519653 -50.635986 -68.911743 -7.389000 0.811000 -1.045000 32.010000
0.746094 0.573242 0.299316 -5.187988 0.671387 -0.122070 54.772339 -50.476685 -69.570923 -7.203000 0.807000 -1.046000 32.100000
0.730957 0.593750 0.313965 0.610352 -1.586914 0.000000 53.618774 -50.872192 -70.087280 -7.118000 1.125000 -1.004000 32.130000
0.746094 0.578125 0.300293 4.577637 0.122070 0.244141 54.096680 -50.723877 -70.307007 -7.348000 1.237000 -0.982000 32.060000
0.744141 0.593750 0.307129 -1.220703 0.549316 0.671387 54.244995 -50.690918 -70.482788 -7.222000 1.235000 -0.995000 32.100000
0.712402 0.579102 0.325195 -3.906250 0.671387 -0.061035 54.349365 -50.619507 -70.697021 -7.177000 1.107000 -1.011000 32.080000
0.677246 0.505371 0.560059 -289.794922 -49.072266 -10.742188 35.266113 -46.636963 -72.740479 -6.975000 1.154000 -0.875000 32.100000
0.714844 0.117676 0.710449 -908.386230 -29.174805 -139.831543 1.664429 -47.927856 -85.682373 -6.988000 1.400000 -0.461000 32.160000
0.761719 -0.288086 0.349609 -426.269531 -113.586426 -140.075684 -44.785767 -59.002075 -96.932373 -7.387000 1.262000 1.206000 32.120000
0.833496 -0.431641 0.219727 -85.205078 11.657715 -18.920898 -59.556885 -61.556396 -102.705688 -7.559000 -0.730000 2.890000 32.140000
0.882812 -0.427734 0.211914 -22.644043 1.098633 -7.812500 -60.199585 -62.006836 -103.908691 -7.618000 -2.228000 2.881000 32.200000
0.873047 -0.416016 0.194824 -16.296387 -0.244141 -1.831055 -60.232544 -63.176880 -102.387085 -7.364000 -2.607000 2.665000 32.220000
0.878906 -0.418945 0.192871 -15.014648 8.605957 -1.831055 -61.276245 -63.176880 -101.321411 -7.237000 -2.712000 2.622000 32.110000
0.884766 -0.413086 0.199219 0.671387 -3.784180 0.915527 -61.820068 -63.226318 -100.310669 -7.294000 -3.001000 2.615000 32.230000
0.881348 -0.404297 0.198242 2.075195 -0.610352 -0.244141 -62.111206 -63.347168 -99.107666 -7.447000 -3.049000 2.609000 32.230000
0.882324 -0.409668 0.197754 1.403809 -0.671387 -0.305176 -62.605591 -63.506470 -97.976074 -7.286000 -2.944000 2.615000 32.150000
0.894531 -0.395508 0.205078 5.798340 0.000000 -0.793457 -63.056030 -63.660278 -95.537109 -7.226000 -2.991000 2.636000 32.230000
0.881836 -0.403809 0.200195 -0.366211 5.554199 -1.464844 -63.242798 -63.731689 -94.724121 -7.384000 -3.042000 2.650000 32.220000
0.883301 -0.395996 0.208984 -1.586914 2.380371 0.671387 -62.973633 -63.605347 -94.768066 -7.222000 -3.039000 2.626000 32.250000
0.875000 -0.407227 0.208496 -0.305176 0.122070 1.464844 -63.127441 -63.517456 -94.207764 -7.203000 -3.041000 2.579000 32.400000
0.869141 -0.398926 0.206055 3.601074 1.586914 -0.915527 -63.176880 -63.533936 -93.554077 -7.269000 -3.018000 2.595000 32.270000
0.887695 -0.403320 0.223145 0.244141 1.159668 0.183105 -63.292236 -63.594360 -92.230225 -7.209000 -2.965000 2.595000 32.270000
0.873047 -0.397949 0.213379 -1.037598 0.000000 1.159668 -63.396606 -63.506470 -91.867676 -7.302000 -3.031000 2.625000 32.360000
0.877441 -0.398926 0.215820 1.708984 0.488281 0.244141 -63.698730 -63.484497 -91.115112 -7.223000 -2.849000 2.609000 32.350000
0.871582 -0.401367 0.219727 1.159668 1.770020 -0.061035 -63.605347 -63.446045 -90.741577 -7.248000 -2.960000 2.613000 32.470000
0.876465 -0.396973 0.220215 2.380371 0.000000 0.122070 -63.566895 -63.407593 -90.357056 -7.373000 -2.871000 2.635000 32.420000
0.895508 -0.322754 0.260742 229.003906 -51.025391 27.832031 -57.733154 -64.291992 -84.127808 -7.238000 -2.635000 2.699000 32.420000
0.867188 -0.218262 0.414062 860.351562 43.823242 121.398926 -26.943970 -59.326172 -58.991089 -7.243000 -2.514000 2.936000 32.350000
0.780273 0.309082 0.416992 348.205566 136.718750 -48.461914 29.196167 -56.727905 -51.328125 -7.327000 -0.420000 3.238000 32.290000
0.753906 0.503906 0.292969 165.527344 3.417969 1.159668 49.943848 -51.877441 -49.476929 -7.043000 1.629000 0.897000 32.350000
0.745117 0.659180 0.202637 70.007324 -2.319336 -7.934570 60.177612 -51.113892 -50.635986 -7.019000 1.373000 -0.862000 32.430000
0.742188 0.626953 0.139648 11.169434 2.807617 5.371094 64.879761 -50.899658 -52.410278 -6.981000 0.320000 -1.790000 32.400000
0.726562 0.648438 0.133789 28.076172 -2.197266 -2.319336 66.412354 -51.135864 -53.129883 -6.975000 0.341000 -1.810000 32.490000
0.746582 0.655273 0.121094 6.347656 -0.427246 1.708984 68.142700 -51.102905 -53.827515 -6.970000 0.434000 -1.817000 32.500000
0.753418 0.654297 0.123535 3.845215 -0.793457 0.610352 69.010620 -51.075439 -54.926147 -6.972000 0.461000 -1.851000 32.480000
0.745117 0.635742 0.143066 -12.207031 1.831055 -1.098633 69.087524 -50.960083 -55.816040 -6.967000 0.460000 -1.864000 32.500000
0.736816 0.642578 0.136230 3.051758 -0.915527 0.854492 68.928223 -51.113892 -56.909180 -7.007000 0.403000 -1.863000 32.450000
0.736816 0.643555 0.138672 -5.920410 -1.220703 -1.220703 69.131470 -50.993042 -57.716675 -7.009000 0.429000 -1.877000 32.540000
0.746094 0.630371 0.165039 -40.100098 2.319336 6.713867 66.439819 -50.987549 -58.194580 -7.009000 0.420000 -1.900000 32.440000
0.722656 0.612793 0.280273 -143.554688 12.939453 23.010254 53.514404 -51.751099 -55.854492 -7.006000 0.416000 -1.829000 32.470000
0.743164 0.379883 0.456055 -242.614746 -46.325684 52.612305 34.464111 -53.871460 -52.597046 -7.051000 0.910000 -1.641000 32.570000
0.746094 0.066895 0.745605 -1060.791016 -75.927734 14.831543 -8.234253 -58.677979 -57.337646 -6.825000 1.632000 -1.093000 32.580000
0.905273 -0.396484 0.219727 9.216309 -15.441895 10.620117 -55.354614 -64.819336 -66.379395 -6.708000 0.153000 3.611000 32.580000
0.877441 -0.361816 0.185547 -10.742188 -6.713867 -4.638672 -57.919922 -65.753174 -65.890503 -6.725000 -0.548000 4.089000 32.600000
0.881348 -0.385742 0.179199 -1.647949 -3.540039 -2.929688 -60.474243 -66.390381 -63.242798 -6.749000 -0.543000 4.188000 32.680000
0.901855 -0.376465 0.180176 8.300781 -1.586914 -1.342773 -62.012329 -66.725464 -61.924438 -6.766000 -0.643000 4.251000 32.550000
0.900879 -0.369629 0.187012 2.441406 -1.342773 0.610352 -62.149658 -66.901245 -61.413574 -6.795000 -0.715000 4.252000 32.690000
0.894531 -0.371582 0.187012 3.234863 -1.037598 2.990723 -61.858521 -67.093506 -60.276489 -6.821000 -0.574000 4.244000 32.690000
0.901855 -0.366211 0.187012 1.037598 0.000000 -2.075195 -62.127686 -67.066040 -59.913940 -6.817000 -0.602000 4.239000 32.620000
0.914551 -0.361328 0.190918 -1.464844 0.549316 1.037598 -62.045288 -67.126465 -59.996338 -6.828000 -0.612000 4.253000 32.710000
0.908691 -0.355957 0.194336 1.831055 0.549316 -1.525879 -61.929932 -67.192383 -60.067749 -6.833000 -0.607000 4.244000 32.570000
0.897461 -0.344238 0.194336 4.211426 2.746582 -1.464844 -61.732178 -67.236328 -60.172119 -6.816000 -0.618000 4.254000 32.640000
0.901855 -0.353516 0.200684 0.366211 -0.122070 0.305176 -61.776123 -67.203369 -60.095215 -6.814000 -0.625000 4.256000 32.670000
0.906738 -0.355957 0.196289 -0.732422 -0.122070 1.831055 -61.940918 -67.219849 -59.815063 -6.814000 -0.618000 4.233000 32.670000
0.914551 -0.353516 0.200684 0.061035 -0.061035 -0.610352 -62.402344 -67.137451 -59.353638 -6.820000 -0.620000 4.238000 32.720000
0.910156 -0.343262 0.197266 -0.732422 0.427246 0.061035 -62.512207 -67.131958 -59.260254 -6.821000 -0.636000 4.242000 32.680000
0.907227 -0.349609 0.198242 1.037598 0.671387 0.488281 -62.583618 -67.170410 -59.199829 -6.809000 -0.630000 4.249000 32.690000
0.900391 -0.359375 0.206055 2.685547 -0.122070 -0.671387 -62.611084 -67.142944 -59.166870 -6.814000 -0.611000 4.248000 32.680000
0.903320 -0.353516 0.205078 -0.549316 0.061035 -0.305176 -62.748413 -67.060547 -58.842773 -6.804000 -0.633000 4.227000 32.680000
0.920410 -0.344238 0.206543 0.183105 0.244141 -0.671387 -62.633057 -67.137451 -58.941650 -6.804000 -0.643000 4.206000 32.760000
0.899414 -0.344727 0.207031 0.427246 0.000000 -0.427246 -62.775879 -67.120972 -58.842773 -6.810000 -0.645000 4.215000 32.630000
0.907227 -0.338379 0.205078 -0.915527 0.183105 -0.122070 -62.770386 -67.181396 -58.831787 -6.808000 -0.627000 4.196000 32.830000
0.903809 -0.344238 0.205078 -0.122070 -0.061035 -0.061035 -62.913208 -67.186890 -58.787842 -6.803000 -0.627000 4.206000 32.770000
0.910645 -0.333496 0.207520 -1.159668 -0.061035 2.197266 -62.611084 -67.291260 -58.952637 -6.812000 -0.622000 4.214000 32.790000
0.899414 -0.341309 0.205566 -0.183105 -0.854492 0.854492 -62.858276 -67.230835 -58.688965 -6.818000 -0.627000 4.216000 32.810000
0.908691 -0.332520 0.208008 0.183105 -0.549316 0.244141 -63.193359 -67.181396 -58.331909 -6.809000 -0.632000 4.216000 32.800000
0.906738 -0.346191 0.206543 0.000000 -0.244141 0.732422 -63.099976 -67.225342 -58.353882 -6.797000 -0.640000 4.211000 32.790000
0.906250 -0.342285 0.209473 -0.793457 -0.061035 0.549316 -63.352661 -67.164917 -58.095703 -6.797000 -0.643000 4.197000 32.740000
0.912598 -0.339844 0.209961 1.708984 0.000000 -2.136230 -63.297729 -67.164917 -58.024292 -6.798000 -0.638000 4.216000 32.760000
0.903320 -0.333984 0.210938 -0.488281 -0.732422 -0.549316 -62.918701 -67.274780 -58.265991 -6.808000 -0.646000 4.196000 32.800000
0.914551 -0.335938 0.210938 0.305176 -0.122070 -1.342773 -62.847290 -67.406616 -58.326416 -6.818000 -0.642000 4.209000 32.830000
0.912109 -0.327637 0.211426 0.061035 -0.305176 -1.159668 -62.737427 -67.538452 -58.414307 -6.816000 -0.636000 4.216000 32.820000
0.907227 -0.328613 0.212402 -0.671387 -0.915527 0.976562 -62.781372 -67.593384 -58.331909 -6.819000 -0.634000 4.194000 32.890000
0.913574 -0.324707 0.218262 1.770020 1.464844 -4.333496 -61.918945 -67.791138 -59.122925 -6.809000 -0.622000 4.191000 32.830000
0.919434 -0.314941 0.218262 0.488281 0.122070 -1.464844 -61.715698 -67.829590 -59.249268 -6.811000 -0.614000 4.170000 32.930000
0.910645 -0.307617 0.220215 -0.061035 0.488281 -0.671387 -61.380615 -67.917480 -59.523926 -6.808000 -0.615000 4.182000 32.900000
0.914062 -0.308594 0.223145 1.403809 1.281738 -3.784180 -60.842285 -68.071289 -59.946899 -6.799000 -0.624000 4.177000 32.820000
0.920898 -0.309082 0.224609 1.037598 0.244141 -1.281738 -60.342407 -68.236084 -60.292969 -6.793000 -0.616000 4.161000 32.870000
0.920898 -0.299316 0.223633 0.183105 0.061035 -1.831055 -59.875488 -68.466797 -60.518188 -6.804000 -0.604000 4.183000 32.880000
0.915527 -0.299805 0.222168 0.000000 -0.244141 0.671387 -59.930420 -68.472290 -60.336914 -6.817000 -0.602000 4.165000 32.970000
0.928711 -0.297852 0.223633 0.854492 1.037598 0.305176 -59.468994 -68.532715 -60.606079 -6.819000 -0.597000 4.147000 32.970000
0.916016 -0.303223 0.226562 0.854492 0.244141 -0.488281 -59.397583 -68.516235 -60.633545 -6.830000 -0.612000 4.144000 32.910000
0.909180 -0.265625 0.208008 12.756348 0.183105 1.647949 -59.013062 -68.510742 -60.699463 -6.811000 -0.603000 4.147000 32.990000
0.884766 0.289062 0.405273 505.004883 -34.790039 21.728516 -38.182983 -67.214355 -46.878662 -6.610000 0.801000 3.718000 32.970000
0.899414 0.321777 0.292480 406.921387 1.586914 -3.051758 11.403809 -66.939697 -42.379761 -6.564000 2.429000 1.274000 32.940000
0.856934 0.391602 0.259766 132.873535 16.784668 -7.751465 35.359497 -64.638062 -47.329102 -6.473000 2.214000 -0.458000 33.030000
0.853516 0.453613 0.237305 80.749512 18.493652 -11.962891 44.461670 -62.512207 -46.768799 -6.462000 1.775000 -1.294000 32.940000
0.837402 0.475098 0.199707 62.377930 9.460449 -23.132324 51.251221 -61.051025 -48.696899 -6.702000 1.447000 -1.639000 32.950000
0.818848 0.517090 0.181641 -1.953125 -0.671387 -7.751465 59.249268 -58.507690 -52.591553 -6.874000 0.970000 -1.922000 32.960000
0.795898 0.541992 0.193359 -10.498047 0.061035 6.286621 58.820801 -58.172607 -53.157349 -6.826000 0.883000 -1.935000 32.980000
0.834473 0.509766 0.194336 -4.699707 -6.896973 2.868652 58.139648 -58.738403 -54.096680 -6.802000 0.861000 -1.928000 32.990000
0.838379 0.500000 0.184082 17.639160 -5.187988 5.859375 59.869995 -59.254761 -55.189819 -6.809000 1.009000 -1.864000 32.970000
0.842773 0.512207 0.111816 124.023438 3.784180 6.225586 68.302002 -59.798584 -55.700684 -6.815000 0.981000 -1.855000 32.980000
0.887695 0.327148 -0.334961 190.979004 -37.292480 43.579102 115.751953 -64.665527 -66.593628 -6.990000 -0.955000 -2.245000 32.990000
0.886230 0.304688 -0.377441 5.493164 2.380371 13.061523 124.980469 -64.802856 -68.115234 -6.956000 -1.587000 -2.114000 33.030000
0.866211 0.358398 -0.388672 39.184570 -15.136719 -26.611328 128.133545 -63.907471 -68.565674 -7.229000 -1.661000 -2.040000 33.060000
0.871094 0.368164 -0.301758 -39.489746 5.615234 -1.098633 125.776978 -62.270508 -66.038818 -7.355000 -1.936000 -1.976000 33.070000
0.876953 0.409180 -0.236328 -48.828125 12.145996 16.540527 119.262085 -63.187866 -64.830322 -7.168000 -1.504000 -2.081000 33.130000
0.766113 0.577637 0.310059 -225.036621 7.202148 -27.099609 54.343872 -54.234009 -48.229980 -6.905000 -0.085000 -2.295000 33.030000
0.796875 0.474121 0.389160 -111.694336 -71.105957 -43.762207 43.967285 -50.273438 -50.471191 -6.836000 0.815000 -2.075000 33.070000
0.668457 0.451172 0.557617 -277.404785 30.212402 -3.662109 34.365234 -48.526611 -57.617798 -6.817000 1.334000 -1.716000 33.100000
0.676758 0.392578 0.631836 -92.834473 20.507812 -49.438477 20.852051 -46.812744 -61.803589 -7.015000 1.682000 -1.114000 33.090000
0.641113 0.236328 0.733398 -43.884277 44.677734 -12.939453 14.738159 -41.907349 -63.209839 -6.996000 1.830000 -0.360000 33.100000
0.506348 0.144043 0.840820 -24.291992 7.019043 39.062500 4.251709 -36.513062 -56.848755 -6.810000 2.103000 -0.010000 33.110000
0.570801 0.039062 0.813965 -17.211914 3.173828 3.479004 1.928101 -36.326294 -56.145630 -6.817000 2.447000 0.089000 33.110000
0.466797 -0.109863 0.802734 -52.368164 -27.160645 17.700195 -1.362305 -36.326294 -56.975098 -6.771000 2.487000 0.207000 33.120000
0.553711 -0.369629 0.746582 -160.583496 -1.831055 10.925293 -11.442261 -35.947266 -54.409790 -6.782000 2.511000 0.636000 33.160000
0.597656 -0.556152 0.605469 -124.328613 18.981934 -31.066895 -26.801147 -36.963501 -58.886719 -6.965000 2.407000 1.563000 33.150000
0.941895 -0.443848 -0.094727 -280.944824 51.879883 -19.348145 -98.618774 -67.719727 -89.241943 -7.350000 -0.875000 3.676000 33.130000
0.875000 -0.227051 -0.203125 -176.635742 -3.173828 -11.474609 -123.332520 -68.972168 -80.348511 -7.226000 -3.083000 2.837000 33.180000
0.899414 -0.184570 -0.326660 -41.931152 -21.057129 -16.662598 -142.003784 -69.411621 -80.809937 -7.285000 -3.943000 1.859000 33.170000
0.884766 -0.106934 -0.367188 -55.236816 -16.052246 -18.981934 -155.522461 -69.147949 -71.680298 -7.289000 -4.252000 0.625000 33.240000
0.904297 -0.080078 -0.437988 41.748047 4.882812 -30.334473 -162.658081 -69.856567 -67.335205 -7.343000 -4.251000 0.215000 33.180000
0.793945 -0.022461 -0.643066 106.628418 -143.737793 84.350586 -178.527832 -67.274780 -57.002563 -7.117000 -4.236000 -0.472000 33.240000
0.936035 0.236328 -0.399414 -80.200195 21.911621 2.136230 -176.561279 -64.176636 -62.968140 -7.483000 -3.970000 -0.444000 33.230000
0.870117 0.106934 0.104980 -245.788574 119.689941 7.873535 171.655884 -71.202393 -55.744629 -7.113000 -4.102000 -0.917000 33.220000
0.739746 0.442871 0.555664 -235.839844 175.231934 -42.114258 54.898682 -76.904297 31.536255 -5.682000 -2.853000 -2.773000 33.190000
0.654785 0.036133 1.178711 -339.233398 217.407227 -69.641113 29.794922 -62.858276 37.897339 -4.423000 -1.343000 -3.520000 33.210000
0.678711 -0.021484 0.796875 -50.598145 35.095215 54.565430 -17.726440 -42.852173 40.034180 -2.791000 1.689000 -2.662000 33.320000
0.554688 -0.286133 0.775391 4.516602 5.310059 -33.081055 -17.671509 -41.995239 38.040161 -2.573000 2.027000 -2.236000 33.210000
0.571777 -0.162598 0.798828 6.774902 6.591797 -7.141113 -14.979858 -42.083130 33.590698 -2.465000 2.117000 -2.102000 33.260000
0.597168 -0.134277 0.784668 108.886719 -54.260254 2.685547 -10.827026 -44.445190 31.217651 -2.383000 2.174000 -2.170000 33.200000
0.635254 -0.002930 0.693848 223.083496 -72.570801 58.776855 0.346069 -51.031494 33.969727 -2.557000 2.033000 -2.367000 33.320000
0.518555 0.322754 -0.325684 388.244629 -72.631836 -9.277344 88.417969 -56.700439 16.885986 -3.559000 -3.443000 -2.450000 33.330000
0.875000 -0.454102 -0.384766 1510.009766 304.443359 414.428711 -167.200928 -62.254028 -8.580322 -4.526000 -4.481000 1.708000 33.330000
0.808594 -0.313477 -0.085938 65.856934 47.424316 20.751953 -121.245117 -63.110962 -25.592651 -5.785000 -2.401000 4.689000 33.240000
0.728516 -0.671875 0.208496 67.199707 111.145020 81.787109 -92.103882 -58.870239 -60.402832 -6.985000 -1.758000 4.576000 33.290000
0.715332 -0.871094 0.110352 74.523926 -127.319336 -15.686035 -78.766479 -54.563599 -72.800903 -7.733000 -1.363000 4.067000 33.230000
0.616699 -0.590820 0.572266 340.209961 45.532227 -41.687012 -45.274658 -41.281128 -63.094482 -7.573000 0.170000 3.937000 33.300000
0.478027 -0.177734 0.831055 242.797852 47.851562 8.911133 -16.907959 -36.331787 -65.379639 -7.513000 1.253000 3.187000 33.310000
0.422363 -0.071777 0.949219 -71.960449 7.080078 -25.756836 -7.959595 -31.986694 -64.962158 -7.576000 2.016000 1.657000 33.320000
0.484863 -0.128906 0.857910 56.579590 25.268555 2.258301 -14.348145 -35.480347 -67.000122 -7.525000 2.193000 0.534000 33.240000
0.221680 -0.026367 0.430664 37.597656 -2.502441 9.704590 -8.031006 -32.887573 -67.098999 -7.826000 2.229000 0.847000 33.290000
0.393555 -0.055176 0.892090 9.521484 19.226074 9.887695 -10.541382 -29.871826 -64.517212 -7.521000 2.143000 0.374000 33.310000
0.424316 -0.189941 0.917480 -57.739258 -90.698242 -75.317383 -13.809814 -33.178711 -64.654541 -7.320000 2.140000 0.536000 33.250000
0.559082 -0.030273 0.767090 153.076172 24.597168 -20.996094 -9.865723 -37.798462 -64.709473 -7.434000 2.170000 0.735000 33.220000
0.439453 -0.035645 0.794922 145.324707 -56.518555 -6.347656 -6.954346 -34.859619 -61.435547 -7.397000 2.356000 0.336000 33.350000
0.435547 0.018066 0.838867 -162.719727 179.565430 28.076172 -4.943848 -26.976929 -60.397339 -7.188000 2.289000 -0.172000 33.330000
-0.644043 0.181641 0.760742 69.030762 163.818359 99.060059 9.332886 16.265259 -26.801147 -3.710000 2.318000 -1.681000 33.360000
-0.358887 0.135254 0.317383 -104.919434 107.299805 -55.969238 12.090454 25.845337 -22.961426 -2.874000 2.198000 -1.581000 33.350000
-0.815918 0.262695 0.490234 18.066406 24.291992 50.109863 11.436768 38.457642 -15.457764 -2.082000 2.069000 -1.045000 33.330000
-0.698242 0.328125 0.526367 47.973633 32.043457 17.700195 12.590332 43.950806 -13.287964 -1.799000 2.182000 -0.509000 33.380000
-0.827148 0.339355 0.461426 -7.019043 31.005859 1.342773 17.276001 44.994507 -8.981323 -1.707000 1.939000 -0.388000 33.230000
-0.672852 0.246582 0.472168 -17.395020 65.002441 -16.235352 22.829590 55.524902 1.642456 -1.399000 1.894000 0.180000 33.240000
-0.853516 0.248047 0.363770 -24.658203 -2.990723 4.394531 20.330200 56.667480 3.680420 -1.355000 1.852000 0.472000 33.350000
-0.776855 0.354004 0.404785 22.399902 10.742188 -2.624512 24.071045 56.876221 6.542358 -1.357000 1.915000 0.457000 33.320000
-0.846680 0.341797 0.369629 -6.835938 9.765625 74.035645 33.557739 54.360352 18.198853 -1.325000 1.752000 0.499000 33.320000
-0.849121 0.390137 0.496094 -29.846191 -31.250000 -35.095215 31.063843 54.865723 18.819580 -1.323000 1.709000 0.583000 33.330000
-0.905273 0.325684 0.597168 -21.301270 -12.451172 -47.546387 25.323486 52.316895 13.716431 -1.457000 1.647000 0.483000 33.410000
-0.830566 0.236328 0.481934 -27.038574 -22.705078 1.770020 22.142944 52.723389 10.728149 -1.382000 1.781000 0.463000 33.350000
-0.760254 0.332520 0.626465 -39.855957 -10.437012 -62.438965 18.550415 49.130859 9.706421 -1.418000 1.939000 0.436000 33.370000
-0.813477 0.049316 0.503418 31.555176 -15.075684 -40.771484 17.698975 49.394531 8.294678 -1.396000 1.951000 0.394000 33.390000
-0.866211 0.039062 0.590332 23.376465 -55.297852 24.169922 -0.807495 50.103149 -18.715210 -1.957000 2.457000 0.068000 33.380000
-0.520996 0.118652 0.967285 28.320312 -196.838379 -44.494629 1.268921 34.837646 -28.712769 -2.732000 2.381000 -0.944000 33.350000
-0.488281 0.120605 1.158691 -72.753906 -356.811523 -85.327148 -10.827026 1.735840 -38.215942 -4.019000 2.956000 -1.031000 33.390000
0.326172 -0.130371 0.930664 -126.953125 -106.506348 -162.780762 -14.205322 -10.486450 -47.719116 -5.336000 3.150000 -0.582000 33.390000
0.716309 -0.218750 0.743164 113.098145 -112.548828 -1.892090 -40.193481 -31.766968 -76.827393 -7.216000 1.758000 1.767000 33.310000
0.580078 -0.661621 0.627930 -89.111328 38.085938 29.113770 -48.636475 -29.234619 -71.125488 -7.266000 1.701000 2.496000 33.430000
0.208008 -0.923340 0.448242 209.655762 69.458008 53.710938 -62.462769 -25.565186 -92.774048 -7.987000 0.050000 2.572000 33.390000
0.038574 -0.727539 0.518555 -6.713867 -35.339355 75.317383 -56.848755 -22.120972 -94.608765 -7.926000 0.197000 2.075000 33.430000
0.240723 -0.792480 0.370605 107.238770 -393.371582 -109.497070 -54.332886 -15.073242 -90.774536 -7.627000 0.634000 1.678000 33.410000
0.490234 -0.959473 0.591309 -184.387207 -54.321289 69.152832 -57.667236 -22.225342 -80.815430 -7.469000 0.883000 2.001000 33.470000
0.346680 -0.836914 0.267578 -32.287598 17.761230 -19.592285 -63.830566 -24.071045 -76.052856 -7.246000 0.948000 2.596000 33.440000
-0.140625 -1.012207 1.108887 100.036621 -108.337402 -23.132324 -72.910767 -15.584106 -68.928223 -7.270000 0.991000 3.002000 33.500000
0.234863 -0.490234 0.726562 -86.059570 221.130371 -745.056152 -47.636719 -18.259277 -69.977417 -7.139000 1.670000 2.290000 33.420000
0.142090 -0.520508 0.976074 178.100586 37.475586 148.742676 -37.073364 -21.626587 -73.432617 -7.767000 1.383000 1.825000 33.430000
-0.383789 -0.395020 0.738281 -25.268555 123.474121 185.241699 -35.233154 -2.686157 -66.198120 -7.265000 2.219000 0.964000 33.500000
-0.450684 -0.331543 0.708008 7.751465 5.981445 -7.751465 -29.476318 12.969360 -61.221313 -6.284000 2.772000 0.167000 33.390000
-0.591797 -0.407715 0.666992 -35.827637 382.568359 112.731934 -26.581421 29.547729 -65.341187 -6.132000 2.653000 -0.328000 33.500000
-0.646973 -0.359863 0.900879 -7.446289 -74.340820 -21.667480 -31.305542 48.713379 -69.389648 -5.694000 2.695000 -0.566000 33.440000
-0.786133 -0.389648 0.560547 -152.770996 262.451172 165.649414 -33.717041 45.247192 -61.995850 -4.697000 2.631000 -0.724000 33.500000
-1.028320 -0.058594 0.212402 -24.841309 -6.347656 286.499023 -36.084595 71.949463 -51.536865 -4.576000 2.819000 -0.440000 33.580000
-1.087402 0.243652 0.189941 71.899414 39.123535 110.656738 36.925049 74.212646 20.033569 -3.502000 2.931000 0.347000 33.500000
-0.850098 0.409668 -0.406738 38.146973 171.813965 55.908203 110.214844 65.961914 95.125122 -1.727000 1.623000 0.903000 33.530000
-0.751465 0.438477 -0.457520 5.493164 74.279785 31.799316 125.892334 56.914673 115.977173 -1.742000 1.724000 1.308000 33.460000
-0.776367 0.429688 -0.503906 2.441406 12.268066 -4.394531 128.073120 54.464722 123.167725 -1.412000 1.758000 1.485000 33.560000
-0.729980 0.416016 -0.542969 19.287109 44.250488 1.708984 131.797485 52.558594 130.638428 -1.638000 1.603000 1.500000 33.480000
-0.737305 0.425781 -0.584961 6.958008 17.089844 0.366211 134.813232 50.575562 137.433472 -1.708000 1.675000 1.592000 33.430000
-0.768555 0.409668 -0.625000 8.178711 6.469727 -5.859375 138.718872 50.476685 151.210327 -1.641000 1.712000 1.577000 33.550000
-0.736816 0.372559 -0.599121 5.432129 2.136230 -1.831055 142.855225 48.993530 156.906738 -1.618000 1.722000 1.547000 33.550000
-0.748047 0.370605 -0.589355 -10.986328 -23.254395 -4.882812 141.844482 50.734863 159.224854 -1.590000 1.696000 1.470000 33.560000
-0.842773 0.384766 -0.411133 -44.189453 -93.200684 -4.089355 135.796509 54.673462 157.659302 -1.586000 1.664000 1.442000 33.500000
-0.918457 0.435547 -0.293457 -47.973633 -299.682617 42.602539 98.574829 63.292236 123.184204 -1.585000 1.659000 1.388000 33.530000
-0.882324 0.436035 -0.035645 -2.929688 -29.418945 -13.977051 72.185669 64.890747 99.365845 -1.517000 1.720000 1.093000 33.550000
-0.925781 0.406738 0.044922 -0.183105 -3.662109 -14.282227 75.465088 66.280518 103.837280 -1.394000 1.583000 0.591000 33.550000
-0.967773 0.357422 0.247559 -14.160156 -164.550781 -7.751465 79.744263 67.296753 108.407593 -1.332000 1.935000 0.610000 33.560000
-0.899902 0.316406 0.416504 -69.396973 -127.502441 -60.913086 55.294189 65.220337 84.116821 -1.668000 1.953000 0.433000 33.510000
-0.680664 0.046387 0.689453 -113.708496 -140.991211 -161.682129 21.511230 59.754639 50.344849 -1.809000 2.250000 0.095000 33.440000
-0.528809 -0.166504 0.841797 -9.582520 -56.701660 -26.123047 -4.443970 47.026978 24.455566 -2.346000 2.738000 -0.136000 33.540000
-0.368164 -0.215332 0.874512 54.687500 -115.844727 -57.800293 -17.133179 21.774902 5.042725 -3.763000 3.650000 -0.136000 33.550000
-0.195312 -0.174805 0.904785 14.038086 -138.183594 13.000488 -14.952393 9.904175 4.295654 -4.055000 3.710000 -0.384000 33.540000
-0.041504 -0.263672 1.109863 43.090820 -103.332520 -21.240234 -14.589844 3.488159 2.142334 -4.256000 3.671000 -0.487000 33.540000
0.263672 -0.003906 0.901367 114.807129 -118.530273 -10.620117 -5.971069 -10.299683 0.247192 -4.662000 3.634000 -0.956000 33.510000
0.392578 0.127930 0.715332 72.570801 -134.643555 -5.615234 5.295410 -24.845581 -8.278198 -5.434000 3.286000 -1.516000 33.610000
0.610840 0.148926 0.753418 -16.357422 -2.197266 -0.305176 7.311401 -29.805908 -15.238037 -5.953000 3.124000 -1.576000 33.600000
0.601074 0.145508 0.774902 -36.254883 -11.474609 1.220703 3.955078 -31.788940 -20.000610 -6.176000 3.209000 -1.294000 33.540000
0.768555 0.189941 0.617188 28.198242 -185.424805 -42.114258 5.954590 -37.485352 -24.598389 -6.422000 3.217000 -1.100000 33.610000
0.967773 0.179688 0.147949 59.692383 -256.835938 31.555176 15.040283 -57.612305 -32.634888 -7.017000 3.269000 -0.618000 33.540000
0.919922 0.061035 -0.209473 50.842285 -188.903809 43.273926 34.216919 -75.349731 -50.493164 -7.237000 3.187000 0.101000 33.610000
0.892090 -0.248535 -0.586426 26.367188 -50.476074 11.474609 -166.140747 -66.967163 163.471069 -6.489000 3.771000 0.802000 33.640000
0.817871 -0.200195 -0.541504 1.281738 12.878418 -22.705078 -166.838379 -65.478516 166.025391 -6.047000 4.011000 0.903000 33.610000
0.903809 -0.144531 -0.487305 5.371094 4.699707 -1.464844 -172.364502 -68.175659 173.853149 -6.054000 4.059000 0.989000 33.620000
0.863281 -0.132812 -0.462402 -7.812500 4.943848 1.708984 -171.710815 -68.203125 175.297852 -6.240000 3.737000 1.007000 33.590000
0.878418 -0.116699 -0.443359 -26.123047 34.790039 -14.465332 -174.655151 -69.884033 178.280640 -6.313000 3.704000 0.929000 33.600000
0.959961 -0.029297 -0.324219 -13.732910 17.639160 -5.981445 -179.472656 -73.273315 -175.534058 -6.515000 3.799000 0.994000 33.710000
0.971191 0.000000 -0.285645 -18.249512 54.077148 -23.864746 175.556030 -76.173706 -170.760498 -6.528000 3.495000 0.979000 33.650000
0.699707 0.028809 -0.309570 -16.418457 30.944824 -15.625000 167.783203 -79.057617 -163.476562 -6.672000 3.438000 0.937000 33.730000
0.801758 0.191895 0.353516 -76.171875 234.985352 -110.717773 105.880737 -83.551025 -103.112183 -6.923000 3.299000 0.769000 33.650000
0.461914 0.397949 0.675781 -46.081543 278.137207 -57.189941 33.865356 -66.472778 -34.354248 -7.272000 2.832000 0.155000 33.650000
0.217773 0.236328 0.901367 -39.306641 4.394531 -12.634277 9.091187 -18.940430 -28.959961 -5.996000 1.915000 -1.816000 33.740000
0.232910 0.157715 0.887207 -69.335938 23.132324 -10.192871 6.031494 -18.885498 -33.711548 -6.192000 2.117000 -1.388000 33.670000
0.014160 -0.070801 0.939453 19.592285 56.457520 6.469727 -6.871948 -15.639038 -34.595947 -6.269000 2.207000 -1.135000 33.720000
0.099121 0.119141 1.001465 2.563477 12.390137 13.793945 1.362305 -12.304688 -34.161987 -6.088000 2.570000 -0.668000 33.770000
0.116211 0.114746 1.017578 -22.949219 14.465332 -0.732422 0.587769 -10.376587 -35.419922 -5.862000 2.455000 -0.818000 33.790000
0.014160 -0.175781 0.948242 28.686523 -27.770996 -2.929688 -18.424072 0.340576 -42.962036 -5.700000 2.595000 -0.019000 33.800000
-0.021973 -0.164062 0.972656 15.441895 -3.662109 6.408691 -14.523926 -3.361816 -43.835449 -5.778000 2.677000 0.046000 33.830000
-0.017578 -0.099121 0.988281 15.319824 14.160156 30.334473 -13.156128 -2.422485 -43.313599 -5.683000 2.675000 -0.021000 33.770000
0.131836 0.109375 1.075684 43.090820 -7.873535 28.320312 -10.310669 -2.070923 -41.923828 -5.562000 2.634000 -0.246000 33.880000
0.149902 0.343750 0.867188 197.204590 -95.642090 40.039062 3.598022 -7.223511 -38.540039 -5.281000 2.534000 -0.915000 33.870000
0.472656 0.603516 0.592773 6.469727 -104.370117 61.401367 38.226929 -30.618896 -39.649658 -5.754000 1.695000 -2.347000 33.800000
0.666016 0.555664 0.558594 -9.643555 -108.398438 65.368652 39.968262 -43.818970 -45.005493 -5.879000 1.215000 -2.733000 33.870000
0.816895 0.397461 0.438965 -17.150879 -41.625977 61.096191 37.089844 -52.602539 -45.780029 -6.364000 1.444000 -2.495000 33.840000
0.762207 0.273926 0.244629 -114.135742 -184.997559 77.636719 35.639648 -68.225098 -53.536377 -6.732000 1.787000 -2.074000 33.870000
1.024414 0.122559 -0.066895 -30.395508 -141.784668 12.939453 60.100708 -80.513306 -85.792236 -6.946000 2.451000 -1.205000 33.890000
0.913086 0.035156 -0.406250 47.729492 -63.476562 1.647949 145.063477 -75.926514 -167.678833 -6.933000 3.266000 1.430000 33.780000
0.826660 -0.125488 -0.542969 55.603027 -37.658691 41.015625 164.443359 -72.822876 178.406982 -6.680000 3.178000 1.504000 33.880000
0.837402 -0.234863 -0.553223 67.260742 -55.908203 45.471191 -176.033936 -65.819092 166.464844 -6.224000 3.388000 1.436000 33.880000
0.825195 -0.250000 -0.550293 38.208008 -18.798828 18.920898 -167.382202 -61.885986 164.800415 -5.840000 3.669000 1.203000 33.930000
0.824707 -0.129395 -0.488281 1.831055 23.071289 -8.300781 -164.525757 -62.177124 166.096802 -5.825000 3.788000 1.033000 34.000000
0.822754 -0.172852 -0.479980 -7.080078 7.202148 2.868652 -168.711548 -65.072021 173.935547 -5.733000 3.450000 1.004000 33.950000
0.880371 -0.083984 -0.418945 -29.785156 43.640137 -31.433105 -172.040405 -68.356934 176.951294 -5.731000 3.429000 1.014000 33.980000
0.950684 -0.154297 -0.465820 21.789551 -21.484375 1.525879 -172.875366 -67.615356 -178.165283 -5.877000 3.468000 1.051000 33.940000
0.948242 -0.147461 -0.476562 -33.630371 51.269531 -35.339355 -175.308838 -70.356445 -175.462646 -6.013000 3.524000 0.930000 33.970000
0.815918 -0.100586 -0.375488 -118.774414 245.544434 -94.360352 121.129761 -82.430420 -119.042358 -6.102000 3.421000 0.822000 34.010000
0.217285 -0.080078 0.975586 -170.715332 147.460938 2.563477 1.686401 -33.019409 -29.926758 -6.456000 2.635000 -0.425000 34.010000
0.357422 0.003906 0.911133 5.065918 107.360840 -92.773438 -6.311646 -24.351196 -33.508301 -6.118000 2.817000 -0.315000 34.040000
0.266113 -0.026367 0.979980 -37.292480 72.814941 -58.471680 -4.262695 -22.131958 -38.984985 -6.063000 2.514000 -0.232000 34.070000
0.232910 -0.042480 0.979980 -14.831543 1.037598 0.244141 -6.267700 -19.000854 -41.588745 -6.068000 2.502000 -0.139000 34.060000
0.256836 -0.070312 0.953613 -21.423340 5.981445 -12.268066 -7.503662 -18.665771 -43.731079 -6.045000 2.482000 -0.099000 34.060000
0.387695 -0.045410 0.898438 37.109375 -73.669434 -2.624512 -9.629517 -20.050049 -48.273926 -6.182000 2.530000 0.154000 34.060000
0.431152 0.045898 0.900391 47.058105 -74.035645 6.652832 -7.827759 -25.455322 -49.784546 -6.318000 2.381000 0.243000 34.040000
0.549805 0.157715 0.954590 223.876953 -289.245605 17.944336 -2.323608 -32.288818 -50.092163 -6.498000 2.492000 0.203000 34.130000
0.668457 0.217773 0.167969 224.548340 -139.343262 29.113770 10.090942 -47.449951 -53.239746 -6.904000 2.478000 0.249000 34.020000
1.022949 0.113281 -0.288574 222.656250 -218.383789 175.964355 50.460205 -68.450317 -72.366943 -7.228000 2.454000 0.365000 34.100000
0.931641 -0.221191 -0.398926 5.126953 0.061035 14.587402 -157.670288 -68.466797 160.147705 -5.922000 3.584000 0.745000 34.100000
1.019043 -0.152832 -0.386230 -13.854980 29.052734 -21.118164 -158.686523 -69.757690 162.751465 -5.781000 3.389000 0.787000 34.130000
0.925781 -0.174805 -0.444824 -42.663574 36.865234 -46.203613 -164.756470 -74.371948 167.838135 -5.948000 3.460000 0.829000 34.140000
0.703613 0.229980 0.257324 -71.533203 171.386719 -114.685059 165.827637 -82.573242 -163.839111 -6.297000 3.275000 0.648000 34.170000
0.533691 0.202637 0.770508 -119.567871 225.463867 -146.301270 46.131592 -72.652588 -51.503906 -6.857000 2.799000 0.119000 34.130000
0.402832 0.048828 0.913574 -43.090820 -33.752441 -17.822266 -1.928101 -32.217407 -43.978271 -6.638000 2.414000 -0.342000 34.130000
0.569824 0.025879 0.845703 -17.517090 14.221191 -28.320312 -3.433228 -31.327515 -49.960327 -6.397000 2.369000 -0.166000 34.210000
0.500977 0.029297 1.195312 107.421875 -56.274414 62.377930 -2.197266 -31.821899 -50.295410 -6.492000 2.360000 0.181000 34.210000
0.533203 0.221680 0.969727 183.654785 -227.233887 28.686523 10.057983 -45.401001 -48.883667 -6.458000 2.205000 0.226000 34.180000
0.471191 0.328613 0.464355 290.100098 -283.447266 107.788086 43.989258 -65.434570 -59.952393 -6.704000 2.383000 0.003000 34.310000
0.933105 -0.338867 -0.385254 45.654297 -37.963867 92.895508 -150.952148 -71.581421 166.113281 -6.454000 3.222000 -0.331000 34.290000
1.020020 -0.203613 -0.321777 -21.179199 3.784180 -10.375977 -149.078979 -67.824097 165.410156 -6.098000 3.419000 -0.107000 34.290000
0.965332 -0.234863 -0.343262 6.896973 20.019531 -23.986816 -152.303467 -71.400146 169.475098 -5.977000 3.520000 -0.034000 34.250000
1.200684 -0.260254 -0.301270 -35.156250 47.058105 -38.269043 -155.874023 -75.272827 174.034424 -6.221000 3.222000 -0.187000 34.220000
0.432129 0.150879 0.089355 -140.075684 126.525879 -127.136230 159.202881 -83.743286 -147.139893 -6.602000 3.098000 -0.306000 34.340000
0.258301 0.228027 1.083496 -60.852051 98.327637 -19.775391 6.838989 -20.379639 -35.820923 -6.776000 2.481000 -1.508000 34.230000
0.144043 0.142578 0.953125 -2.624512 45.837402 -32.958984 4.663696 -15.051270 -40.391235 -6.212000 2.394000 -1.456000 34.370000
0.115234 0.077148 0.918457 -19.470215 15.441895 -1.770020 2.059937 -10.607300 -42.934570 -6.050000 2.396000 -1.383000 34.360000
-0.005371 0.025391 0.961426 -71.960449 42.419434 14.831543 -0.851440 -7.745361 -43.225708 -6.049000 2.401000 -1.292000 34.400000
0.000000 -0.081543 1.056641 -113.769531 -65.551758 -17.272949 -8.140869 -7.948608 -43.374023 -5.978000 2.538000 -1.216000 34.400000
0.729004 -0.488770 0.900391 -208.923340 35.400391 -171.325684 -36.161499 -16.265259 -62.501221 -7.017000 2.617000 1.086000 34.380000
0.802734 -0.470215 0.613281 -58.227539 38.452148 -358.032227 -33.420410 -28.432617 -90.203247 -8.163000 0.865000 1.628000 34.380000
0.770996 -0.611816 0.361816 -79.101562 -1.403809 -42.480469 -36.710815 -42.742310 -104.924927 -8.410000 -0.991000 2.039000 34.410000
0.717285 -0.585449 -0.069336 -237.426758 9.033203 -36.132812 -55.590820 -44.384766 -117.707520 -8.279000 -2.133000 1.520000 34.380000
5.202637 -3.465820 -1.532227 -276.916504 -25.695801 -57.373047 -88.802490 -50.690918 -120.805664 -8.381000 -2.840000 0.427000 34.470000
0.829102 -0.163574 -0.607910 -189.331055 28.930664 -12.634277 -158.109741 -52.393799 -107.265015 -8.344000 -1.907000 -0.388000 34.310000
0.833984 -0.073242 -0.569824 -27.526855 0.732422 -1.953125 -165.316772 -54.596558 -106.561890 -8.113000 -1.443000 -0.864000 34.360000
0.831055 -0.028320 -0.552734 -26.733398 3.540039 -7.751465 -168.760986 -54.904175 -104.545898 -8.055000 -1.252000 -1.098000 34.360000
0.846191 0.017090 -0.557129 -53.283691 5.065918 -3.356934 -173.419189 -56.222534 -103.348389 -8.042000 -1.044000 -1.172000 34.430000
0.854004 0.037598 -0.541992 -15.625000 0.000000 -2.929688 -177.077637 -56.244507 -101.716919 -8.090000 -0.921000 -1.221000 34.430000
0.839844 0.045898 -0.534180 -1.647949 -0.122070 1.220703 -179.983521 -56.392822 -99.365845 -8.086000 -0.556000 -1.233000 34.370000
0.850098 0.061035 -0.551758 -3.173828 0.732422 0.854492 179.708862 -56.563110 -98.772583 -8.092000 -0.542000 -1.261000 34.440000
0.853516 0.041016 -0.548828 2.075195 -1.281738 4.211426 179.417725 -56.574097 -98.228760 -8.096000 -0.559000 -1.245000 34.400000
0.847656 0.054199 -0.555176 -3.906250 0.610352 -0.854492 179.873657 -56.442261 -98.173828 -8.083000 -0.560000 -1.239000 34.450000
0.840820 0.032227 -0.543457 0.122070 -0.549316 1.281738 179.395752 -56.469727 -97.476196 -8.073000 -0.563000 -1.227000 34.380000
0.851074 0.031250 -0.553711 3.479004 -1.220703 3.784180 179.357300 -56.601562 -95.921631 -8.099000 -0.552000 -1.220000 34.430000
0.846680 0.027344 -0.554688 1.464844 -0.976562 1.403809 179.566040 -56.634521 -95.685425 -8.098000 -0.567000 -1.222000 34.400000
0.846191 0.031738 -0.559082 -1.281738 -2.746582 0.732422 179.258423 -56.568604 -95.108643 -8.098000 -0.547000 -1.239000 34.340000
0.846191 0.029785 -0.561523 -0.305176 -0.183105 1.525879 178.829956 -56.486206 -94.509888 -8.103000 -0.536000 -1.219000 34.440000
0.849609 0.021973 -0.558594 0.671387 0.122070 1.403809 178.775024 -56.557617 -94.174805 -8.083000 -0.549000 -1.191000 34.400000
0.836426 0.024414 -0.555664 0.183105 -0.976562 1.342773 178.835449 -56.634521 -93.570557 -8.082000 -0.554000 -1.209000 34.460000
0.846680 0.020996 -0.561523 -0.915527 -0.732422 0.732422 178.439941 -56.629028 -92.982788 -8.077000 -0.632000 -1.223000 34.440000
0.843750 0.013672 -0.558105 1.281738 -0.305176 2.380371 178.385010 -56.656494 -92.730103 -8.067000 -0.548000 -1.203000 34.510000
0.854004 0.013184 -0.560059 -0.793457 -0.366211 1.770020 178.363037 -56.694946 -92.532349 -8.072000 -0.537000 -1.217000 34.410000
0.844727 0.019043 -0.558105 1.647949 0.488281 2.807617 178.275146 -56.744385 -92.334595 -8.057000 -0.539000 -1.195000 34.370000
0.840820 0.007812 -0.556641 -0.183105 -3.295898 0.000000 178.099365 -56.793823 -91.593018 -8.062000 -0.550000 -1.231000 34.500000
0.830566 0.043945 -0.578125 15.686035 -3.356934 10.498047 178.626709 -56.288452 -91.604004 -8.060000 -0.539000 -1.195000 34.500000
0.862793 -0.052734 -0.568359 42.053223 13.916016 32.897949 -174.594727 -56.667480 -95.454712 -8.056000 -0.582000 -1.184000 34.460000
0.852539 -0.162109 -0.514160 28.076172 4.577637 17.395020 -167.503052 -57.035522 -99.503174 -8.087000 -0.574000 -1.200000 34.440000
0.851074 -0.133789 -0.540039 0.122070 -2.563477 -0.488281 -166.629639 -56.887207 -99.250488 -8.147000 -0.613000 -1.284000 34.560000
0.842285 -0.145020 -0.534180 4.943848 1.525879 7.263184 -166.008911 -56.865234 -99.261475 -8.156000 -0.616000 -1.284000 34.530000
0.836914 -0.161621 -0.532715 2.441406 -0.366211 5.554199 -164.926758 -56.788330 -99.640503 -8.173000 -0.638000 -1.281000 34.530000
0.841797 -0.188477 -0.526855 1.525879 1.281738 4.211426 -164.426880 -56.656494 -99.596558 -8.124000 -0.656000 -1.307000 34.510000
0.840820 -0.186035 -0.522949 0.854492 -0.061035 1.464844 -163.493042 -56.585083 -99.871216 -8.025000 -0.696000 -1.294000 34.550000
0.849121 -0.187500 -0.525391 3.906250 2.319336 6.286621 -163.130493 -56.574097 -99.558105 -8.112000 -0.709000 -1.314000 34.490000
0.838867 -0.207031 -0.513184 -2.624512 -1.037598 0.244141 -162.487793 -56.618042 -99.530640 -7.916000 -0.707000 -1.315000 34.510000
0.838867 -0.201660 -0.522949 1.403809 0.000000 2.197266 -161.861572 -56.486206 -98.596802 -8.051000 -0.723000 -1.301000 34.510000
0.844238 -0.208496 -0.520020 1.098633 0.976562 2.380371 -161.499023 -56.546631 -98.426514 -7.783000 -0.724000 -1.316000 34.560000
0.841309 -0.202148 -0.518066 -0.610352 0.427246 0.610352 -161.488037 -56.634521 -97.976074 -7.724000 -0.732000 -1.327000 34.540000
0.845703 -0.211426 -0.513672 -0.305176 -0.305176 1.953125 -161.196899 -56.612549 -97.756348 -7.722000 -0.740000 -1.316000 34.590000
0.838379 -0.203613 -0.519043 -2.929688 -1.281738 -0.427246 -161.520996 -56.563110 -97.130127 -7.723000 -0.694000 -1.320000 34.570000
0.843750 -0.209473 -0.519531 -2.319336 -0.793457 1.037598 -161.702271 -56.519165 -96.745605 -7.712000 -0.740000 -1.320000 34.540000
0.839844 -0.199707 -0.522461 -0.244141 0.122070 0.549316 -161.790161 -56.502686 -96.405029 -7.715000 -0.680000 -1.318000 34.540000
0.842285 -0.210938 -0.514648 -1.037598 0.366211 0.366211 -161.773682 -56.541138 -96.108398 -7.718000 -0.688000 -1.340000 34.570000
0.839844 -0.191406 -0.520020 -1.159668 -0.610352 0.000000 -161.707764 -56.623535 -95.850220 -7.717000 -0.741000 -1.341000 34.590000
0.838867 -0.198730 -0.519043 0.915527 -0.915527 2.197266 -162.125244 -56.711426 -95.223999 -7.715000 -0.731000 -1.329000 34.540000
0.844238 -0.205566 -0.527344 -1.220703 -4.211426 -0.671387 -162.020874 -56.667480 -95.026245 -7.717000 -0.695000 -1.321000 34.580000
0.812500 -0.321777 -0.503418 107.849121 -38.574219 8.239746 -155.401611 -53.811035 -94.498901 -7.705000 -0.736000 -1.268000 34.580000
0.733398 -0.558105 -0.482422 453.430176 50.109863 55.969238 -122.102051 -49.240723 -94.608765 -7.917000 -0.688000 -1.203000 34.660000
0.642578 -0.062500 0.683105 1292.114258 -56.884766 371.765137 -40.100098 -32.706299 -82.007446 -8.056000 -1.278000 -0.868000 34.620000
0.596680 -0.776855 2.155273 -802.124023 -65.246582 121.643066 -21.335449 -20.505981 -62.254028 -8.085000 -1.534000 0.356000 34.640000
0.391113 0.190918 0.786621 -292.785645 96.679688 -116.271973 -45.681152 -26.180420 -71.834106 -7.853000 -0.250000 0.842000 34.680000
-0.894043 -0.144531 -0.000977 -457.702637 -370.483398 230.468750 -78.942261 -19.780884 -20.846558 -8.057000 -0.417000 1.756000 34.560000
0.057617 -0.871582 -0.489746 -91.613770 5.493164 -33.142090 -88.428955 -14.771118 -14.672241 -4.444000 -1.138000 4.396000 34.560000
-0.026367 -0.958008 -0.316406 1.892090 0.000000 0.854492 -93.559570 -15.270996 -16.083984 -4.265000 -0.905000 4.626000 34.590000
-0.021484 -0.949707 -0.328125 -0.244141 0.000000 0.427246 -94.010010 -13.958130 -17.352905 -4.287000 -0.878000 4.670000 34.570000
-0.021973 -0.950195 -0.327637 -0.244141 0.000000 0.427246 -95.004272 -12.892456 -18.682251 -4.278000 -0.885000 4.639000 34.580000
-0.020996 -0.949707 -0.327148 -0.244141 0.000000 0.549316 -95.960083 -11.903687 -19.962158 -4.298000 -0.880000 4.638000 34.630000
-0.010742 -0.475098 -0.163086 -0.244141 -0.061035 0.488281 -98.591309 -9.360352 -23.433838 -4.287000 -0.870000 4.627000 34.550000
-0.021973 -0.950195 -0.326660 -0.244141 0.000000 0.549316 -99.393311 -8.635254 -24.483032 -4.290000 -0.884000 4.652000 34.620000
-0.021484 -0.949707 -0.327637 -0.244141 -0.061035 0.488281 -100.156860 -7.965088 -25.482788 -4.295000 -0.888000 4.627000 34.550000
-0.021484 -0.950195 -0.326172 -0.244141 -0.061035 0.549316 -100.892944 -7.344360 -26.422119 -4.293000 -0.883000 4.630000 34.660000
-0.021484 -0.950195 -0.327148 -0.244141 -0.061035 0.549316 -101.590576 -6.767578 -27.322998 -4.292000 -0.872000 4.651000 34.640000
-0.020996 -0.950195 -0.326660 -0.244141 -0.061035 0.549316 -102.886963 -5.734863 -28.992920 -4.298000 -0.866000 4.633000 34.580000
-0.020508 -0.950195 -0.326172 -0.244141 -0.061035 0.488281 -103.491211 -5.278931 -29.767456 -4.296000 -0.869000 4.663000 34.580000
-0.020996 -0.950195 -0.326660 -0.244141 -0.061035 0.549316 -104.062500 -4.855957 -30.498047 -4.310000 -0.875000 4.636000 34.590000
-0.020996 -0.949219 -0.326660 -0.244141 -0.061035 0.488281 -104.611816 -4.460449 -31.195679 -4.281000 -0.876000 4.643000 34.650000
-0.021484 -0.949707 -0.325684 -0.244141 -0.061035 0.549316 -105.122681 -4.097900 -31.854858 -4.284000 -0.884000 4.634000 34.640000
-0.021484 -0.949707 -0.326172 -0.244141 -0.061035 0.610352 -106.517944 -3.142090 -33.634644 -4.289000 -0.878000 4.656000 34.640000
-0.021484 -0.950195 -0.325684 -0.244141 -0.061035 0.549316 -106.929932 -2.872925 -34.167480 -4.290000 -0.893000 4.658000 34.620000
-0.021484 -0.950684 -0.326660 -0.244141 0.000000 0.549316 -107.325439 -2.620239 -34.672852 -4.296000 -0.884000 4.648000 34.620000
-0.021484 -0.949707 -0.326660 -0.305176 -0.061035 0.549316 -107.698975 -2.384033 -35.150757 -4.281000 -0.876000 4.657000 34.580000
-0.020996 -0.950195 -0.326172 -0.244141 -0.061035 0.549316 -108.050537 -2.169800 -35.601196 -4.289000 -0.876000 4.671000 34.610000
-0.021484 -0.950684 -0.324707 -0.244141 -0.061035 0.549316 -108.380127 -1.966553 -36.029663 -4.291000 -0.870000 4.641000 34.590000
-0.021973 -0.950195 -0.325684 -0.305176 0.000000 0.610352 -108.693237 -1.779785 -36.436157 -4.286000 -0.868000 4.654000 34.590000
-0.021484 -0.950195 -0.325684 -0.305176 0.000000 0.549316 -108.989868 -1.604004 -36.820679 -4.298000 -0.875000 4.660000 34.540000
-0.022461 -0.950684 -0.324707 -0.244141 -0.061035 0.610352 -109.275513 -1.439209 -37.183228 -4.298000 -0.886000 4.612000 34.620000
-0.022461 -0.950684 -0.324219 -0.305176 -0.061035 0.610352 -109.539185 -1.279907 -37.529297 -4.290000 -0.884000 4.651000 34.700000
-0.020996 -0.950195 -0.324707 -0.305176 -0.061035 0.549316 -109.791870 -1.131592 -37.853394 -4.292000 -0.875000 4.676000 34.620000
-0.021484 -0.950684 -0.325684 -0.305176 -0.061035 0.610352 -110.462036 -0.758057 -38.726807 -4.299000 -0.870000 4.642000 34.590000
-0.021484 -0.950195 -0.324707 -0.366211 -0.061035 0.549316 -110.659790 -0.642700 -38.984985 -4.300000 -0.880000 4.620000 34.620000
-0.021973 -0.950684 -0.324707 -0.305176 -0.061035 0.549316 -110.852051 -0.538330 -39.232178 -4.298000 -0.877000 4.646000 34.560000
-0.020508 -0.950195 -0.324707 -0.366211 -0.061035 0.610352 -111.027832 -0.439453 -39.462891 -4.297000 -0.881000 4.630000 34.550000
-0.021973 -0.950684 -0.325195 -0.305176 -0.061035 0.610352 -111.198120 -0.346069 -39.688110 -4.298000 -0.885000 4.614000 34.590000
-0.022461 -0.950684 -0.324707 -0.366211 -0.061035 0.610352 -111.505737 -0.181274 -40.094604 -4.279000 -0.876000 4.638000 34.580000
-0.021973 -0.950195 -0.325195 -0.305176 -0.061035 0.610352 -111.648560 -0.104370 -40.275879 -4.290000 -0.879000 4.640000 34.550000
-0.021484 -0.950684 -0.324219 -0.305176 -0.061035 0.610352 -111.780396 -0.032959 -40.457153 -4.294000 -0.876000 4.654000 34.640000
-0.021484 -0.951172 -0.323730 0.000000 0.000000 0.000000 -111.906738 0.032959 -40.627441 -4.299000 -0.876000 4.632000 34.660000
-0.020996 -0.951172 -0.323730 0.000000 0.000000 0.000000 -112.005615 0.065918 -40.781250 -4.296000 -0.888000 4.633000 34.540000
-0.021484 -0.951172 -0.324219 0.000000 0.000000 0.000000 -112.225342 0.076904 -41.171265 -4.283000 -0.886000 4.632000 34.530000
-0.020996 -0.949707 -0.323242 0.000000 0.000000 0.000000 -112.291260 0.076904 -41.286621 -4.290000 -0.880000 4.643000 34.570000
-0.021484 -0.950684 -0.324219 0.000000 0.000000 0.000000 -112.351685 0.082397 -41.396484 -4.290000 -0.872000 4.647000 34.450000
-0.021484 -0.950684 -0.324219 0.000000 0.000000 0.000000 -112.412109 0.082397 -41.495361 -4.280000 -0.887000 4.614000 34.500000
-0.021484 -0.951172 -0.324219 0.000000 0.000000 0.000000 -112.467041 0.082397 -41.594238 -4.292000 -0.891000 4.631000 34.530000
-0.021973 -0.951172 -0.323730 0.000000 0.000000 0.000000 -112.565918 0.087891 -41.770020 -4.300000 -0.885000 4.642000 34.530000
-0.021484 -0.950684 -0.324219 0.000000 0.000000 0.000000 -112.615356 0.087891 -41.852417 -4.292000 -0.887000 4.632000 34.550000
-0.021973 -0.950684 -0.323730 0.000000 0.000000 0.000000 -112.653809 0.087891 -41.929321 -4.279000 -0.881000 4.658000 34.400000
-0.020996 -0.950684 -0.324707 0.000000 0.000000 0.000000 -112.697754 0.093384 -42.000732 -4.279000 -0.894000 4.649000 34.530000
-0.021973 -0.950684 -0.324219 0.000000 0.000000 0.000000 -112.736206 0.093384 -42.066650 -4.295000 -0.887000 4.644000 34.550000
-0.021973 -0.951172 -0.324219 0.000000 0.000000 0.000000 -112.840576 0.098877 -42.247925 -4.292000 -0.873000 4.646000 34.590000
-0.021973 -0.950195 -0.325195 0.000000 0.000000 0.000000 -112.873535 0.098877 -42.297363 -4.292000 -0.881000 4.654000 34.600000
-0.021484 -0.950684 -0.325195 0.000000 0.000000 0.000000 -112.901001 0.098877 -42.346802 -4.295000 -0.884000 4.624000 34.440000
-0.021973 -0.950684 -0.324219 0.000000 0.000000 0.000000 -112.928467 0.098877 -42.396240 -4.294000 -0.880000 4.646000 34.530000
-0.020996 -0.950195 -0.324707 0.000000 0.000000 0.000000 -112.955933 0.098877 -42.440186 -4.301000 -0.884000 4.638000 34.470000
-0.021484 -0.950684 -0.324707 0.000000 0.000000 0.000000 -112.999878 0.098877 -42.522583 -4.289000 -0.882000 4.680000 34.470000
-0.021484 -0.951172 -0.323730 0.000000 0.000000 0.000000 -113.021851 0.098877 -42.555542 -4.291000 -0.883000 4.659000 34.500000
-0.021973 -0.950684 -0.324219 0.000000 0.000000 0.000000 -113.043823 0.098877 -42.593994 -4.304000 -0.878000 4.655000 34.510000
-0.021484 -0.951172 -0.325195 0.000000 0.000000 0.000000 -113.060303 0.098877 -42.626953 -4.297000 -0.877000 4.651000 34.450000
-0.020996 -0.951172 -0.323242 0.000000 0.000000 0.000000 -113.076782 0.104370 -42.654419 -4.291000 -0.880000 4.646000 34.470000
-0.020508 -0.951172 -0.323730 0.000000 0.000000 0.000000 -113.126221 0.104370 -42.736816 -4.289000 -0.890000 4.643000 34.400000
-0.021484 -0.951172 -0.324219 0.000000 0.000000 0.000000 -113.137207 0.104370 -42.764282 -4.297000 -0.884000 4.654000 34.410000
-0.021484 -0.950684 -0.324219 0.000000 0.000000 0.000000 -113.148193 0.104370 -42.786255 -4.302000 -0.883000 4.648000 34.470000
-0.021973 -0.950684 -0.324219 0.000000 0.000000 0.000000 -113.159180 0.104370 -42.808228 -4.296000 -0.881000 4.675000 34.450000
-0.021484 -0.950195 -0.323730 0.000000 0.000000 0.000000 -113.175659 0.104370 -42.824707 -4.293000 -0.884000 4.650000 34.390000
