-0.024414 -0.999023 -0.011230 0.000000 0.000000 0.000000 -2.515869 0.175781 17.177124 0.213000 1.931000 4.236000 30.090000
-0.024902 -0.998535 -0.011719 0.000000 0.000000 0.000000 -2.515869 0.175781 17.177124 0.138000 1.951000 4.224000 30.080000
-0.024902 -0.999023 -0.011719 0.000000 0.000000 0.000000 -2.515869 0.175781 17.177124 0.046000 1.919000 4.221000 30.030000
-0.025391 -0.997559 -0.011230 0.000000 0.000000 0.000000 -2.515869 0.175781 17.177124 0.130000 1.933000 4.213000 30.090000
-0.024414 -0.998535 -0.011719 0.000000 0.000000 0.000000 -2.515869 0.175781 17.177124 0.074000 1.910000 4.215000 30.090000
-0.024902 -0.998047 -0.011230 0.000000 0.000000 0.000000 -2.515869 0.175781 17.177124 0.219000 1.932000 4.207000 30.020000
-0.024902 -0.998047 -0.011719 0.000000 0.000000 0.000000 -2.521362 0.175781 17.177124 0.168000 1.940000 4.212000 30.070000
-0.024902 -0.998535 -0.011230 0.000000 0.000000 0.000000 -2.521362 0.175781 17.177124 0.108000 1.922000 4.226000 30.060000
-0.025391 -0.998535 -0.011719 0.000000 0.000000 0.000000 -2.521362 0.175781 17.177124 0.330000 1.910000 4.222000 29.990000
-0.024414 -0.999023 -0.011719 0.000000 0.000000 0.000000 -2.521362 0.175781 17.177124 0.177000 1.901000 4.224000 30.050000
-0.024902 -0.999023 -0.011719 0.000000 0.000000 0.000000 -2.521362 0.175781 17.177124 0.181000 1.951000 4.212000 30.050000
-0.025391 -0.999023 -0.010742 0.000000 0.000000 0.000000 -2.521362 0.175781 17.177124 0.061000 1.916000 4.229000 30.070000
-0.024902 -0.999512 -0.010742 0.000000 0.000000 0.000000 -2.521362 0.175781 17.177124 0.147000 1.900000 4.214000 30.070000
-0.026367 -0.998535 -0.011230 0.000000 0.000000 0.000000 -2.521362 0.175781 17.177124 0.120000 1.925000 4.217000 30.090000
-0.025391 -0.998047 -0.011230 0.000000 0.000000 0.000000 -2.521362 0.175781 17.177124 0.223000 1.940000 4.224000 30.060000
-0.024902 -0.998047 -0.011230 0.000000 0.000000 0.000000 -2.521362 0.175781 17.177124 0.240000 1.916000 4.225000 30.070000
-0.025879 -0.999023 -0.011719 0.000000 0.000000 0.000000 -2.521362 0.175781 17.177124 0.413000 1.904000 4.216000 30.070000
-0.025879 -0.999512 -0.011230 0.000000 0.000000 0.000000 -2.521362 0.181274 17.177124 0.270000 1.924000 4.222000 30.070000
-0.024902 -0.998535 -0.011719 0.000000 0.000000 0.000000 -2.521362 0.181274 17.177124 0.119000 1.924000 4.223000 30.060000
-0.024902 -0.999023 -0.011230 0.000000 0.000000 0.000000 -2.521362 0.181274 17.177124 0.276000 1.914000 4.216000 30.040000
-0.025391 -0.999023 -0.010742 0.000000 0.000000 0.000000 -2.521362 0.181274 17.177124 0.155000 1.914000 4.236000 30.030000
-0.025879 -0.998535 -0.011230 0.000000 0.000000 0.000000 -2.521362 0.181274 17.177124 0.151000 1.936000 4.220000 30.070000
-0.024902 -0.999023 -0.010742 0.000000 0.000000 0.000000 -2.515869 0.181274 17.177124 0.247000 1.921000 4.226000 30.070000
-0.024902 -0.998047 -0.011230 0.000000 0.000000 0.000000 -2.515869 0.175781 17.177124 0.357000 1.942000 4.223000 30.100000
-0.024902 -0.999023 -0.011719 0.000000 0.000000 0.000000 -2.515869 0.181274 17.177124 0.316000 1.916000 4.226000 30.070000
-0.025391 -0.999023 -0.011719 0.000000 0.000000 0.000000 -2.515869 0.181274 17.177124 0.089000 1.929000 4.210000 30.040000
-0.024414 -0.997559 -0.011230 0.000000 0.000000 0.000000 -2.515869 0.181274 17.177124 0.220000 1.913000 4.209000 30.070000
-0.024902 -0.999023 -0.011230 0.000000 0.000000 0.000000 -2.515869 0.175781 17.177124 0.265000 1.923000 4.220000 30.040000
-0.024902 -0.999023 -0.011230 0.000000 0.000000 0.000000 -2.515869 0.175781 17.177124 0.146000 1.908000 4.225000 30.070000
-0.024902 -0.998535 -0.011230 0.000000 0.000000 0.000000 -2.515869 0.175781 17.177124 0.326000 1.932000 4.218000 30.070000
-0.024414 -0.999023 -0.011719 0.000000 0.000000 0.000000 -2.515869 0.181274 17.177124 0.337000 1.915000 4.226000 30.070000
-0.024902 -0.998535 -0.010742 0.000000 0.000000 0.000000 -2.515869 0.175781 17.177124 0.134000 1.906000 4.229000 30.080000
-0.025391 -0.999023 -0.010742 0.000000 0.000000 0.000000 -2.515869 0.175781 17.177124 0.147000 1.921000 4.232000 30.050000
