0.124512 0.042480 -0.987793 0.000000 0.000000 0.000000 -28.240356 1.428223 147.738647 0.857000 -0.626000 2.212000 31.800000
0.124512 0.042969 -0.987793 0.000000 0.000000 0.000000 -28.240356 1.428223 147.738647 0.851000 -0.627000 2.233000 31.800000
0.125000 0.042969 -0.987305 0.000000 0.000000 0.000000 -28.240356 1.433716 147.738647 0.855000 -0.626000 2.086000 31.800000
0.125000 0.043457 -0.987305 0.000000 0.000000 0.000000 -28.240356 1.433716 147.738647 0.864000 -0.626000 2.147000 31.800000
0.124512 0.042480 -0.987793 0.000000 0.000000 0.000000 -28.240356 1.433716 147.738647 0.865000 -0.609000 2.246000 31.810000
0.125000 0.042480 -0.987793 0.000000 0.000000 0.000000 -28.240356 1.433716 147.738647 0.872000 -0.623000 2.212000 31.850000
0.125000 0.041992 -0.987305 0.000000 0.000000 0.000000 -28.240356 1.433716 147.738647 0.857000 -0.599000 2.242000 31.820000
0.125000 0.043945 -0.987305 0.000000 0.000000 0.000000 -28.240356 1.433716 147.738647 0.858000 -0.614000 2.244000 31.800000
0.125488 0.042480 -0.988281 0.000000 0.000000 0.000000 -28.234863 1.428223 147.738647 0.854000 -0.613000 2.238000 31.850000
0.125000 0.041504 -0.987793 0.000000 0.000000 0.000000 -28.234863 1.428223 147.738647 0.856000 -0.615000 2.145000 31.830000
0.125000 0.042480 -0.987793 0.000000 0.000000 0.000000 -28.234863 1.428223 147.738647 0.861000 -0.616000 2.235000 31.820000
0.125000 0.043457 -0.987305 0.000000 0.000000 0.000000 -28.234863 1.428223 147.738647 0.860000 -0.629000 2.215000 31.810000
0.124512 0.042480 -0.987793 0.000000 0.000000 0.000000 -28.234863 1.428223 147.738647 0.860000 -0.617000 2.148000 31.860000
0.125488 0.042480 -0.987793 0.000000 0.000000 0.000000 -28.229370 1.428223 147.738647 0.860000 -0.618000 2.192000 31.860000
0.125977 0.042480 -0.987793 0.000000 0.000000 0.000000 -28.229370 1.428223 147.738647 0.852000 -0.617000 2.080000 31.860000
0.125488 0.042480 -0.988281 0.000000 0.000000 0.000000 -28.229370 1.428223 147.738647 0.854000 -0.630000 2.104000 31.840000
0.125977 0.042969 -0.987305 0.000000 0.000000 0.000000 -28.229370 1.428223 147.738647 0.863000 -0.603000 2.221000 31.810000
0.125977 0.042480 -0.987305 0.000000 0.000000 0.000000 -28.229370 1.428223 147.738647 0.851000 -0.606000 2.145000 31.800000
0.125977 0.042969 -0.987305 0.000000 0.000000 0.000000 -28.229370 1.422729 147.738647 0.859000 -0.631000 2.249000 31.820000
0.125488 0.042480 -0.987793 0.000000 0.000000 0.000000 -28.229370 1.417236 147.738647 0.865000 -0.590000 2.127000 31.820000
0.125000 0.042969 -0.987305 0.000000 0.000000 0.000000 -28.223877 1.417236 147.738647 0.861000 -0.627000 2.113000 31.840000
0.125977 0.042480 -0.987793 0.000000 0.000000 0.000000 -28.223877 1.417236 147.738647 0.853000 -0.617000 2.306000 31.860000
0.125488 0.042480 -0.987305 0.000000 0.000000 0.000000 -28.223877 1.417236 147.738647 0.852000 -0.633000 2.241000 31.820000
0.125488 0.042480 -0.987793 0.000000 0.000000 0.000000 -28.223877 1.417236 147.738647 0.860000 -0.623000 2.194000 31.850000
0.124512 0.042969 -0.987793 0.000000 0.000000 0.000000 -28.229370 1.417236 147.738647 0.854000 -0.611000 2.146000 31.830000
0.124512 0.042480 -0.988281 0.000000 0.000000 0.000000 -28.229370 1.417236 147.738647 0.846000 -0.612000 2.128000 31.880000
0.125000 0.043945 -0.987793 0.000000 0.000000 0.000000 -28.229370 1.417236 147.738647 0.862000 -0.622000 2.257000 31.850000
0.124512 0.042480 -0.987793 0.000000 0.000000 0.000000 -28.229370 1.417236 147.738647 0.865000 -0.615000 2.385000 31.840000
0.125000 0.042969 -0.986816 0.000000 0.000000 0.000000 -28.229370 1.422729 147.738647 0.858000 -0.629000 2.263000 31.850000
0.125000 0.042480 -0.987305 0.000000 0.000000 0.000000 -28.229370 1.422729 147.738647 0.849000 -0.617000 2.221000 31.860000
0.125000 0.042480 -0.986816 0.000000 0.000000 0.000000 -28.229370 1.422729 147.738647 0.842000 -0.642000 2.126000 31.870000
0.125000 0.042480 -0.988281 0.000000 0.000000 0.000000 -28.229370 1.422729 147.738647 0.853000 -0.624000 2.191000 31.850000
0.125488 0.042480 -0.987305 0.000000 0.000000 0.000000 -28.229370 1.422729 147.738647 0.857000 -0.625000 2.078000 31.860000
