-0.015625 -0.894043 -0.467285 0.000000 0.000000 0.000000 -122.091064 -0.181274 -39.182739 -4.009000 -1.317000 4.623000 32.950000
-0.016602 -0.893066 -0.465332 0.000000 0.000000 0.000000 -122.091064 -0.181274 -39.182739 -4.022000 -1.330000 4.599000 32.910000
-0.016602 -0.893555 -0.465820 0.000000 0.000000 0.000000 -122.091064 -0.181274 -39.182739 -3.975000 -1.328000 4.632000 32.950000
-0.015625 -0.893555 -0.465332 0.000000 0.000000 0.000000 -122.091064 -0.181274 -39.182739 -3.979000 -1.326000 4.577000 32.900000
-0.017090 -0.893066 -0.466309 0.000000 0.000000 0.000000 -122.085571 -0.181274 -39.182739 -4.069000 -1.335000 4.602000 32.920000
-0.016602 -0.895020 -0.466309 0.000000 0.000000 0.000000 -122.085571 -0.181274 -39.182739 -3.999000 -1.333000 4.605000 32.980000
-0.016602 -0.893555 -0.465820 0.000000 0.000000 0.000000 -122.085571 -0.181274 -39.182739 -3.926000 -1.336000 4.611000 32.890000
-0.017090 -0.893066 -0.466309 0.000000 0.000000 0.000000 -122.085571 -0.181274 -39.182739 -4.054000 -1.335000 4.625000 32.890000
-0.016602 -0.894043 -0.466797 0.000000 0.000000 0.000000 -122.085571 -0.181274 -39.182739 -4.007000 -1.334000 4.609000 32.860000
-0.016602 -0.893555 -0.466309 0.000000 0.000000 0.000000 -122.085571 -0.181274 -39.182739 -4.052000 -1.328000 4.614000 32.910000
-0.015625 -0.894043 -0.465820 0.000000 0.000000 0.000000 -122.091064 -0.186768 -39.182739 -4.065000 -1.332000 4.619000 32.850000
-0.016113 -0.894043 -0.465820 0.000000 0.000000 0.000000 -122.085571 -0.186768 -39.182739 -4.072000 -1.330000 4.638000 32.870000
-0.015625 -0.893555 -0.465820 0.000000 0.000000 0.000000 -122.085571 -0.181274 -39.182739 -3.960000 -1.324000 4.617000 32.870000
-0.016113 -0.894043 -0.465820 0.000000 0.000000 0.000000 -122.085571 -0.181274 -39.182739 -4.018000 -1.329000 4.593000 32.830000
-0.016602 -0.894043 -0.465820 0.000000 0.000000 0.000000 -122.085571 -0.181274 -39.182739 -4.011000 -1.329000 4.594000 32.800000
-0.017090 -0.894043 -0.466309 0.000000 0.000000 0.000000 -122.085571 -0.181274 -39.182739 -3.973000 -1.330000 4.609000 32.910000
-0.016113 -0.893555 -0.466309 0.000000 0.000000 0.000000 -122.085571 -0.186768 -39.182739 -3.975000 -1.332000 4.600000 32.850000
-0.016602 -0.894043 -0.465820 0.000000 0.000000 0.000000 -122.085571 -0.186768 -39.182739 -3.911000 -1.337000 4.625000 32.910000
-0.016602 -0.894531 -0.464844 0.000000 0.000000 0.000000 -122.085571 -0.186768 -39.182739 -3.993000 -1.334000 4.625000 32.830000
-0.016602 -0.894043 -0.465820 0.000000 0.000000 0.000000 -122.085571 -0.186768 -39.182739 -3.960000 -1.343000 4.633000 32.910000
-0.016113 -0.894043 -0.466309 0.000000 0.000000 0.000000 -122.080078 -0.186768 -39.182739 -3.977000 -1.335000 4.615000 32.820000
-0.016113 -0.893555 -0.465820 0.000000 0.000000 0.000000 -122.080078 -0.186768 -39.182739 -3.894000 -1.324000 4.622000 32.850000
-0.017090 -0.893555 -0.466797 0.000000 0.000000 0.000000 -122.080078 -0.186768 -39.182739 -4.029000 -1.331000 4.613000 32.860000
-0.017090 -0.893555 -0.467285 0.000000 0.000000 0.000000 -122.080078 -0.186768 -39.182739 -4.060000 -1.328000 4.604000 32.810000
-0.016602 -0.893555 -0.465820 0.000000 0.000000 0.000000 -122.080078 -0.181274 -39.182739 -4.075000 -1.325000 4.612000 32.830000
-0.015625 -0.886719 -0.475098 -31.127930 3.356934 -13.854980 -121.986694 -0.082397 -39.594727 -4.061000 -1.374000 4.613000 32.860000
-0.079102 -0.896484 -0.450195 1.770020 -2.502441 0.793457 -122.497559 -0.395508 -39.677124 -4.053000 -1.328000 4.639000 32.810000
0.029785 -0.932129 -0.413086 17.395020 -2.807617 2.685547 -121.206665 0.148315 -39.622192 -3.995000 -1.353000 4.628000 32.820000
-0.010254 -0.898926 -0.469727 0.305176 2.258301 2.136230 -121.217651 0.192261 -39.770508 -4.051000 -1.332000 4.608000 32.830000
-0.018555 -0.915039 -0.437012 9.948730 0.366211 2.746582 -123.458862 -0.972290 -39.880371 -4.061000 -1.633000 4.580000 32.830000
-0.016602 -0.891113 -0.467773 10.131836 1.525879 2.380371 -122.431641 -0.648193 -39.979248 -4.037000 -1.708000 4.560000 32.810000
-0.010254 -0.888184 -0.477051 0.000000 0.610352 0.000000 -122.431641 -0.741577 -40.045166 -4.041000 -1.752000 4.579000 32.850000
-0.007812 -0.888184 -0.480469 0.122070 -0.061035 0.122070 -122.514038 -0.758057 -40.034180 -4.043000 -1.624000 4.570000 32.800000
-0.009277 -0.887695 -0.479004 0.061035 0.122070 0.000000 -122.525024 -0.730591 -40.017700 -4.046000 -1.727000 4.573000 32.760000
-0.009277 -0.887207 -0.479980 0.061035 0.122070 0.000000 -122.530518 -0.708618 -39.995728 -4.048000 -1.748000 4.572000 32.830000
-0.006836 -0.888184 -0.480957 -0.061035 0.976562 -0.610352 -122.552490 -0.736084 -40.012207 -4.049000 -1.757000 4.593000 32.820000
-0.008789 -0.887695 -0.479004 0.000000 0.000000 0.000000 -122.568970 -0.730591 -39.995728 -4.056000 -1.757000 4.568000 32.820000
-0.008789 -0.888184 -0.479492 0.000000 0.000000 0.000000 -122.590942 -0.725098 -39.990234 -4.058000 -1.760000 4.565000 32.790000
-0.009277 -0.888184 -0.479492 0.000000 0.000000 0.000000 -122.607422 -0.719604 -39.984741 -4.039000 -1.761000 4.570000 32.760000
-0.007812 -0.887695 -0.479492 0.000000 0.000000 0.000000 -122.623901 -0.714111 -39.973755 -4.046000 -1.744000 4.585000 32.770000
-0.008789 -0.888672 -0.479492 0.000000 0.061035 0.000000 -122.640381 -0.708618 -39.968262 -4.056000 -1.752000 4.555000 32.830000
-0.009277 -0.887695 -0.479492 0.000000 0.000000 0.000000 -122.678833 -0.697632 -39.951782 -4.053000 -1.748000 4.573000 32.830000
-0.008301 -0.887695 -0.479492 0.000000 0.000000 0.000000 -122.689819 -0.697632 -39.946289 -4.041000 -1.754000 4.588000 32.820000
-0.008789 -0.888184 -0.478516 0.000000 0.000000 0.000000 -122.700806 -0.692139 -39.940796 -4.054000 -1.749000 4.586000 32.780000
-0.009277 -0.887695 -0.479980 0.000000 0.000000 0.000000 -122.711792 -0.692139 -39.935303 -4.052000 -1.746000 4.578000 32.790000
-0.092773 -1.267090 0.185547 -537.658691 135.375977 -279.479980 -125.397949 -2.224731 -39.830933 -4.042000 -1.757000 4.575000 32.830000
0.321777 -0.890137 -0.431641 -427.673340 210.205078 231.079102 -154.594116 -9.739380 -45.373535 -4.036000 -2.823000 4.024000 32.740000
-0.093750 -0.999023 0.473633 241.882324 -109.008789 -91.552734 -132.670898 -7.580566 -44.840698 -4.389000 -2.212000 4.224000 32.720000
0.206543 -0.562988 1.033691 213.806152 -212.280273 -73.181152 -85.220947 1.977539 -30.091553 -3.493000 0.476000 3.959000 32.790000
0.313477 -0.043945 0.778809 430.541992 -175.537109 29.907227 -34.832153 -6.448975 -11.920166 -2.583000 2.106000 1.648000 32.770000
0.353027 0.256348 0.891113 123.962402 51.574707 -27.954102 -11.464233 -20.187378 -13.820801 -3.055000 2.304000 -0.439000 32.730000
0.393555 0.652832 0.551758 263.549805 -35.827637 11.596680 36.518555 -32.821655 -19.215088 -3.787000 1.648000 -2.200000 32.880000
0.448730 0.796875 0.364258 10.681152 105.346680 -20.690918 44.258423 -26.037598 -18.671265 -4.114000 0.559000 -3.076000 32.820000
0.459961 0.710449 0.427246 -2.380371 94.665527 -9.521484 49.108887 -21.225586 -10.008545 -3.955000 -0.501000 -3.415000 32.830000
0.344727 0.891113 0.557129 -76.782227 100.036621 -2.929688 39.803467 -16.616821 -5.317383 -3.254000 -1.083000 -3.284000 32.850000
-0.081543 0.872559 0.910645 10.131836 -43.029785 15.319824 29.893799 -1.510620 2.246704 -2.599000 -0.651000 -2.977000 32.900000
0.183594 0.729004 0.625000 -76.354980 -50.292969 96.679688 29.075317 -7.185059 0.340576 -1.538000 -0.054000 -2.127000 32.790000
0.356934 0.929199 0.029785 424.011230 -83.374023 60.058594 40.105591 -16.325684 12.288208 -1.193000 -0.785000 -1.693000 32.790000
0.512695 0.699219 -0.645996 616.088867 -110.412598 139.587402 79.244385 -20.901489 1.653442 -1.326000 -2.338000 -1.242000 32.790000
0.551758 0.005371 -0.888184 157.592773 -10.925293 37.048340 125.661621 -27.328491 -14.089966 -1.948000 -3.799000 0.262000 32.880000
0.543457 -0.068848 -0.842285 29.846191 17.578125 10.192871 162.515259 -30.668335 -23.351440 -2.750000 -4.008000 2.323000 32.850000
0.566895 -0.111328 -0.822754 19.042969 10.620117 7.934570 168.815918 -32.008667 -23.571167 -2.904000 -3.879000 3.028000 32.800000
0.583496 -0.242676 -0.768066 48.278809 55.725098 11.413574 -177.802734 -37.803955 -27.207642 -3.137000 -3.739000 3.480000 32.800000
0.662598 -0.238281 -0.729492 -35.034180 18.310547 9.277344 -176.786499 -40.506592 -28.899536 -3.474000 -3.640000 3.646000 32.940000
0.662109 -0.255371 -0.741211 42.846680 30.761719 22.460938 -175.072632 -42.138062 -31.343994 -3.639000 -3.599000 3.724000 32.860000
0.683594 -0.350586 -0.729492 36.376953 -41.992188 25.817871 -170.447388 -41.726074 -31.805420 -3.937000 -3.694000 3.639000 32.870000
0.564453 -0.395996 -0.688965 3.845215 -28.320312 1.037598 -162.163696 -35.156250 -33.140259 -3.866000 -3.628000 3.781000 32.920000
0.590332 -0.379883 -0.742188 -129.211426 7.751465 -46.264648 -169.194946 -35.782471 -29.811401 -3.919000 -3.267000 4.029000 32.920000
0.572754 0.834961 -0.435059 -707.580566 89.599609 -54.138184 170.474854 -36.831665 -23.538208 -3.638000 -4.191000 3.009000 32.920000
0.534668 0.711426 0.643555 -710.021973 69.091797 40.771484 110.280762 -34.942017 -12.365112 -3.017000 -4.406000 0.325000 32.970000
0.527344 0.219727 0.859375 -151.672363 -38.391113 8.728027 45.357056 -32.360229 -3.125610 -2.489000 -1.966000 -2.273000 32.840000
0.472656 0.010742 0.878418 -72.204590 -60.485840 -6.774902 -0.192261 -28.114014 -9.871216 -2.521000 1.417000 -1.854000 32.890000
0.542480 -0.156738 0.790527 -112.243652 45.532227 -104.125977 -8.679199 -29.910278 -16.561890 -2.829000 2.473000 -1.112000 32.860000
0.726074 -0.066406 0.789062 121.154785 -237.548828 23.376465 -11.618042 -44.022217 -25.416870 -3.410000 2.976000 -0.105000 32.860000
0.799316 -0.214844 0.585449 -84.777832 -51.391602 -40.771484 -18.720703 -55.052490 -23.708496 -3.537000 2.963000 -0.265000 32.910000
0.979004 -0.219238 0.306152 -70.617676 -301.635742 27.954102 -50.943604 -73.493042 0.587769 -3.925000 3.113000 -0.263000 32.920000
0.760254 -0.155273 -0.151855 23.315430 -204.406738 0.305176 -131.011963 -74.382935 81.496582 -4.352000 3.501000 0.399000 32.910000
0.706543 -0.478516 -0.545410 58.776855 -155.761719 86.059570 -145.003052 -56.793823 103.397827 -4.646000 3.873000 1.041000 32.980000
0.590820 -0.270996 -0.725098 -7.080078 -32.348633 -8.666992 -160.653076 -45.164795 120.970459 -3.988000 3.962000 2.035000 32.990000
0.644043 -0.503418 -0.813965 -23.376465 -22.277832 -4.211426 -163.937988 -44.066162 126.677856 -3.928000 3.981000 2.232000 32.980000
0.601074 -0.066406 -0.795898 -12.145996 1.464844 -32.470703 -165.558472 -43.516846 131.956787 -3.931000 4.046000 2.349000 32.900000
0.647461 -0.213867 -0.782715 9.521484 -21.728516 7.141113 -175.187988 -44.384766 142.569580 -4.382000 3.808000 2.654000 32.990000
0.723145 -0.184082 -0.782715 -1.037598 15.258789 -7.202148 -171.870117 -44.302368 144.986572 -4.541000 3.656000 2.644000 33.040000
0.949219 -0.302246 -0.163574 -0.427246 63.415527 -15.991211 -145.404053 -66.577148 137.817993 -4.674000 3.937000 1.317000 33.040000
0.992676 -0.278320 -0.239746 -4.577637 171.203613 -53.466797 -134.653931 -76.025391 128.803711 -4.875000 4.038000 0.947000 32.980000
0.849121 -0.223145 0.003906 99.975586 333.312988 -74.401855 -45.983276 -76.739502 42.214966 -4.924000 3.908000 0.398000 33.020000
0.629883 0.044922 0.622559 89.050293 284.851074 -7.324219 -8.272705 -49.938354 7.965088 -4.760000 3.593000 -0.494000 33.040000
0.307129 0.041016 0.925781 105.163574 240.661621 27.343750 -2.400513 -26.773682 8.415527 -3.884000 3.221000 -1.024000 33.010000
0.082031 -0.062500 0.937012 -22.949219 -11.230469 12.390137 2.883911 -5.031738 16.270752 -2.255000 2.470000 -0.697000 33.080000
0.005371 0.050293 1.019531 20.263672 19.531250 1.464844 -1.213989 -5.932617 13.024292 -2.424000 2.681000 -0.290000 33.110000
-0.093262 0.122559 0.899902 30.822754 71.105957 -16.174316 -0.379028 -4.548340 10.991821 -2.499000 2.766000 -0.103000 33.040000
-0.327148 0.238770 1.008789 16.906738 72.509766 -35.522461 3.131104 1.115112 7.432251 -2.207000 2.466000 -0.099000 33.100000
-0.292480 0.188477 0.916504 1.770020 -11.169434 11.413574 3.592529 8.514404 2.043457 -2.437000 2.353000 0.189000 33.090000
0.043457 0.126953 0.921875 -47.668457 -19.897461 13.244629 1.345825 -0.939331 -2.427979 -2.283000 2.391000 0.023000 33.060000
-0.179199 -0.121582 1.000977 31.250000 -13.305664 10.253906 -8.843994 4.476929 -8.283691 -2.368000 2.649000 0.739000 33.110000
-0.238281 0.008789 0.900879 -90.576172 30.334473 -49.804688 -12.035522 1.241455 -11.755371 -2.565000 2.661000 0.901000 33.100000
-0.022949 -0.237305 1.042480 48.217773 -46.997070 -52.856445 -10.480957 1.257935 -17.138672 -2.700000 2.630000 0.990000 33.050000
-0.041992 -0.056152 0.935547 11.901855 17.395020 -2.136230 -7.772827 -2.427979 -23.334961 -2.853000 2.951000 0.719000 33.140000
0.306641 -0.105957 1.073242 71.777344 -116.394043 7.263184 -10.057983 -11.008301 -24.290771 -2.983000 2.983000 0.566000 33.180000
0.329590 -0.086914 0.808105 -16.662598 -17.700195 10.437012 -9.959106 -18.413086 -25.290527 -2.943000 2.965000 0.333000 33.060000
0.416504 -0.145996 0.867676 -20.324707 -27.648926 -2.746582 -7.860718 -23.637085 -24.224854 -3.098000 2.955000 -0.039000 33.150000
0.462402 -0.177246 0.884277 -3.540039 11.352539 -15.380859 -12.370605 -27.800903 -24.038086 -3.041000 2.928000 0.000000 33.140000
0.479492 -0.166992 0.894531 -11.291504 -22.399902 -22.094727 -12.628784 -27.443848 -26.515503 -3.258000 2.894000 0.058000 33.190000
0.539551 -0.284180 0.866699 -71.777344 -27.648926 22.094727 -21.829834 -32.711792 -29.338989 -3.141000 3.190000 0.249000 33.200000
0.597656 -0.416992 0.627930 -24.658203 -43.701172 -12.695312 -25.043335 -34.480591 -29.201660 -3.207000 3.252000 0.566000 33.180000
0.574707 -0.414551 0.687988 -35.644531 32.104492 -16.235352 -29.278564 -36.837158 -29.064331 -3.184000 3.263000 0.866000 33.170000
0.432129 -0.357422 0.729980 -21.423340 36.254883 -9.948730 -30.855103 -34.205933 -33.250122 -3.241000 3.121000 1.166000 33.200000
0.383789 -0.560059 0.884766 -33.264160 132.446289 3.356934 -31.300049 -28.729248 -37.128296 -3.131000 2.943000 1.378000 33.220000
0.261230 -0.478516 0.747070 -38.330078 32.775879 8.422852 -34.315796 -17.781372 -42.676392 -3.234000 2.660000 1.949000 33.200000
0.229004 -0.490234 0.805664 8.850098 14.648438 10.375977 -34.963989 -15.688477 -41.583252 -3.224000 2.955000 1.806000 33.180000
0.261230 -0.113770 0.626465 -371.154785 27.221680 114.318848 -50.657959 -8.898926 -42.984009 -3.002000 2.753000 1.851000 33.190000
-0.058594 -0.909668 0.428223 38.757324 -5.432129 0.366211 -67.368164 1.175537 -30.959473 -2.871000 2.273000 2.679000 33.190000
-0.061035 -0.902344 0.397949 10.070801 0.061035 0.061035 -67.071533 1.065674 -30.745239 -1.870000 0.208000 3.558000 33.200000
-0.060547 -0.901367 0.399414 4.272461 0.183105 -0.305176 -67.115479 1.065674 -30.492554 -1.691000 -0.095000 3.662000 33.240000
-0.060059 -0.903809 0.392578 0.122070 0.183105 -0.610352 -67.252808 1.076660 -30.228882 -1.661000 -0.023000 3.662000 33.240000
-0.059570 -0.905762 0.391602 0.000000 0.122070 -0.671387 -67.417603 1.098633 -29.970703 -1.665000 -0.030000 3.672000 33.240000
-0.060547 -0.904785 0.391602 0.427246 0.183105 -0.610352 -67.587891 1.120605 -29.723511 -1.671000 -0.027000 3.695000 33.230000
-0.059570 -0.903809 0.392578 -0.366211 0.183105 -0.671387 -67.758179 1.137085 -29.498291 -1.675000 -0.028000 3.702000 33.200000
-0.059082 -0.904785 0.391113 0.427246 0.183105 -0.549316 -67.906494 1.153564 -29.284058 -1.673000 -0.017000 3.681000 33.200000
-0.056152 -0.905762 0.385742 26.367188 -0.427246 -0.305176 -67.576904 1.153564 -28.696289 -1.677000 -0.031000 3.693000 33.200000
-0.045410 -0.912109 0.376953 7.080078 0.183105 -0.610352 -68.032837 0.582275 -28.657837 -1.675000 -0.055000 3.683000 33.320000
-0.048828 -0.896973 0.410156 -0.854492 0.183105 -0.549316 -68.263550 0.609741 -28.526001 -1.685000 -0.076000 3.649000 33.240000
-0.048340 -0.911621 0.380371 26.855469 0.000000 1.708984 -69.125977 0.675659 -28.416138 -1.671000 -0.062000 3.664000 33.210000
-0.050293 -0.909668 0.381348 5.920410 -0.244141 -1.159668 -69.477539 0.653687 -28.322754 -1.665000 -0.342000 3.701000 33.230000
-0.047363 -0.908203 0.384766 7.324219 -0.427246 -0.732422 -69.208374 0.554810 -28.190918 -1.668000 -0.284000 3.700000 33.330000
-0.047363 -0.902344 0.404785 -3.967285 0.732422 0.061035 -69.208374 0.582275 -28.053589 -1.680000 -0.031000 3.705000 33.330000
-0.040039 -0.927246 0.312988 -13.061523 0.549316 0.183105 -69.521484 0.609741 -27.932739 -1.666000 -0.080000 3.675000 33.300000
-0.050781 -0.919922 0.357910 -3.173828 -0.183105 -2.502441 -71.032104 0.769043 -27.910767 -1.654000 -0.398000 3.733000 33.330000
-0.049316 -0.918945 0.354980 0.061035 0.122070 -0.854492 -71.174927 0.774536 -27.806396 -1.661000 -0.443000 3.709000 33.230000
-0.048828 -0.916504 0.366699 5.737305 0.122070 -0.488281 -71.048584 0.752563 -27.718506 -1.664000 -0.455000 3.684000 33.170000
-0.049805 -0.917480 0.364746 -6.347656 0.366211 0.061035 -71.284790 0.807495 -27.487793 -1.661000 -0.470000 3.696000 33.170000
-0.051758 -0.918945 0.361816 -2.502441 0.061035 -0.915527 -71.422119 0.807495 -27.410889 -1.663000 -0.458000 3.726000 33.220000
-0.046875 -0.915527 0.370117 10.559082 -0.183105 -2.136230 -70.532227 0.725098 -27.350464 -1.658000 -0.447000 3.722000 33.200000
-0.049805 -0.913086 0.375977 -4.394531 0.427246 0.183105 -70.669556 0.714111 -27.295532 -1.670000 -0.478000 3.701000 33.220000
-0.046387 -0.913574 0.373047 -8.422852 0.366211 -0.671387 -70.669556 0.714111 -27.251587 -1.672000 -0.298000 3.687000 33.270000
-0.045410 -0.918457 0.358398 3.479004 0.122070 0.488281 -71.125488 0.774536 -27.196655 -1.668000 -0.466000 3.693000 33.270000
-0.048340 -0.914551 0.372070 4.638672 -0.061035 -0.915527 -71.141968 0.774536 -27.152710 -1.670000 -0.482000 3.708000 33.270000
-0.050293 -0.904785 0.397949 2.319336 0.061035 -0.732422 -71.059570 0.774536 -27.114258 -1.656000 -0.481000 3.697000 33.230000
-0.046387 -0.909180 0.385254 -0.244141 0.305176 -0.671387 -70.587158 0.730591 -27.092285 -1.675000 -0.292000 3.709000 33.370000
-0.046875 -0.911133 0.376953 3.845215 0.000000 -0.976562 -70.405884 0.692139 -27.119751 -1.670000 -0.210000 3.664000 33.260000
-0.044434 -0.906250 0.390625 4.821777 -0.183105 -1.342773 -70.383911 0.692139 -27.059326 -1.670000 -0.057000 3.696000 33.270000
-0.040527 -0.909668 0.381836 9.277344 0.305176 0.305176 -70.664062 0.340576 -26.954956 -1.661000 -0.026000 3.678000 33.270000
-0.040039 -0.910156 0.382324 1.586914 0.183105 -0.427246 -70.636597 0.346069 -26.894531 -1.665000 -0.025000 3.675000 33.260000
-0.041016 -0.910156 0.384766 0.915527 0.183105 -0.549316 -70.658569 0.346069 -26.850586 -1.662000 -0.050000 3.693000 33.190000
-0.039551 -0.910645 0.376953 -0.244141 0.183105 -0.732422 -70.697021 0.346069 -26.806641 -1.661000 -0.046000 3.667000 33.200000
-0.040039 -0.910645 0.382812 0.732422 0.183105 -0.549316 -70.713501 0.346069 -26.757202 -1.662000 -0.027000 3.662000 33.270000
-0.040039 -0.911621 0.380371 0.244141 0.183105 -0.610352 -70.762939 0.346069 -26.685791 -1.656000 -0.028000 3.699000 33.230000
-0.041016 -0.907227 0.395508 0.793457 0.183105 -0.549316 -70.784912 0.346069 -26.647339 -1.670000 -0.036000 3.683000 33.210000
-0.039062 -0.913574 0.368652 2.868652 0.061035 -0.305176 -70.664062 0.373535 -26.592407 -1.668000 -0.024000 3.697000 33.230000
-0.042969 -0.911133 0.389648 1.037598 0.000000 -0.549316 -70.751953 0.368042 -26.564941 -1.677000 -0.028000 3.672000 33.170000
-0.041016 -0.913086 0.375000 -4.455566 0.244141 -0.732422 -71.119995 0.406494 -26.537476 -1.672000 -0.099000 3.684000 33.240000
-0.041992 -0.915039 0.373535 -8.544922 0.000000 -1.037598 -71.334229 0.384521 -26.515503 -1.659000 -0.406000 3.704000 33.210000
-0.040527 -0.914551 0.369629 -2.746582 0.122070 -0.915527 -71.339722 0.390015 -26.515503 -1.653000 -0.380000 3.696000 33.190000
-0.040527 -0.914551 0.368164 0.122070 0.122070 -0.671387 -71.356201 0.390015 -26.526489 -1.668000 -0.418000 3.700000 33.250000
-0.040527 -0.915039 0.370605 0.915527 0.244141 -0.610352 -71.372681 0.390015 -26.520996 -1.665000 -0.387000 3.681000 33.230000
-0.040039 -0.914551 0.372070 0.793457 0.244141 -0.610352 -71.383667 0.390015 -26.499023 -1.656000 -0.302000 3.694000 33.220000
-0.040527 -0.914062 0.374023 0.488281 0.244141 -0.610352 -71.400146 0.390015 -26.515503 -1.668000 -0.260000 3.709000 33.240000
-0.040527 -0.914062 0.373535 0.671387 0.183105 -0.610352 -71.411133 0.390015 -26.526489 -1.654000 -0.463000 3.692000 33.240000
-0.040527 -0.915039 0.372559 0.488281 0.183105 -0.610352 -71.427612 0.390015 -26.520996 -1.661000 -0.453000 3.699000 33.190000
-0.041504 -0.914062 0.373535 0.427246 0.244141 -0.671387 -71.433105 0.390015 -26.531982 -1.656000 -0.474000 3.690000 33.200000
-0.040527 -0.914062 0.373047 0.427246 0.183105 -0.610352 -71.444092 0.390015 -26.531982 -1.655000 -0.380000 3.699000 33.240000
-0.041016 -0.914551 0.374023 0.122070 0.244141 -0.671387 -71.455078 0.390015 -26.537476 -1.654000 -0.323000 3.697000 33.130000
-0.040527 -0.914062 0.372559 0.427246 0.183105 -0.671387 -71.488037 0.384521 -26.542969 -1.665000 -0.343000 3.679000 33.130000
-0.041992 -0.915039 0.373535 0.549316 0.183105 -0.610352 -71.488037 0.384521 -26.564941 -1.680000 -0.364000 3.689000 33.290000
-0.040527 -0.914062 0.372559 0.610352 0.244141 -0.610352 -71.493530 0.384521 -26.597900 -1.669000 -0.336000 3.681000 33.230000
-0.040527 -0.914062 0.372559 0.488281 0.183105 -0.610352 -71.504517 0.384521 -26.625366 -1.686000 -0.307000 3.701000 33.220000
-0.041016 -0.914062 0.372559 0.549316 0.244141 -0.610352 -71.510010 0.384521 -26.652832 -1.666000 -0.326000 3.707000 33.190000
-0.040527 -0.914062 0.373047 0.427246 0.183105 -0.671387 -71.515503 0.384521 -26.680298 -1.663000 -0.321000 3.687000 33.240000
-0.041504 -0.914062 0.373535 0.488281 0.183105 -0.671387 -71.520996 0.384521 -26.707764 -1.668000 -0.414000 3.696000 33.240000
-0.040527 -0.914062 0.373047 0.000000 0.000000 0.000000 -71.531982 0.379028 -26.746216 -1.679000 -0.297000 3.689000 33.210000
-0.040039 -0.914551 0.373047 0.000000 0.000000 0.000000 -71.537476 0.384521 -26.773682 -1.668000 -0.454000 3.707000 33.190000
-0.040039 -0.914551 0.374023 0.000000 0.000000 0.000000 -71.586914 0.433960 -26.762695 -1.654000 -0.243000 3.711000 33.240000
-0.040527 -0.914551 0.372070 0.000000 0.000000 0.000000 -71.630859 0.477905 -26.757202 -1.664000 -0.374000 3.707000 33.200000
-0.040527 -0.914551 0.373047 0.000000 0.000000 0.000000 -71.751709 0.604248 -26.729736 -1.668000 -0.403000 3.698000 33.200000
-0.041016 -0.913574 0.373047 0.000000 0.000000 0.000000 -71.784668 0.637207 -26.718750 -1.672000 -0.413000 3.705000 33.160000
-0.040527 -0.914062 0.372070 0.000000 0.000000 0.000000 -71.817627 0.670166 -26.713257 -1.665000 -0.439000 3.686000 33.130000
-0.040039 -0.914062 0.372070 0.000000 0.000000 0.000000 -71.850586 0.703125 -26.707764 -1.669000 -0.454000 3.702000 33.090000
-0.041016 -0.914551 0.372559 0.000000 0.000000 0.000000 -71.878052 0.736084 -26.702271 -1.676000 -0.437000 3.697000 33.220000
-0.041016 -0.914551 0.372559 0.000000 0.000000 0.000000 -71.932983 0.791016 -26.691284 -1.666000 -0.280000 3.723000 33.230000
-0.040527 -0.915527 0.372070 0.000000 0.000000 0.000000 -71.954956 0.818481 -26.685791 -1.660000 -0.466000 3.699000 33.140000
-0.040039 -0.913086 0.372070 0.000000 0.000000 0.000000 -71.982422 0.840454 -26.680298 -1.660000 -0.479000 3.700000 33.110000
-0.041016 -0.914551 0.373047 0.000000 0.000000 0.000000 -72.004395 0.862427 -26.674805 -1.665000 -0.400000 3.709000 33.130000
-0.040527 -0.914551 0.372070 0.000000 0.000000 0.000000 -72.020874 0.884399 -26.669312 -1.661000 -0.439000 3.704000 33.170000
-0.041016 -0.914062 0.372070 0.000000 0.000000 0.000000 -72.081299 0.939331 -26.658325 -1.666000 -0.356000 3.690000 33.090000
-0.040527 -0.914551 0.372070 0.000000 0.000000 0.000000 -72.097778 0.955811 -26.652832 -1.669000 -0.443000 3.705000 33.090000
-0.041016 -0.914551 0.372559 0.000000 0.000000 0.000000 -72.114258 0.972290 -26.652832 -1.657000 -0.357000 3.708000 33.170000
-0.040527 -0.914551 0.371582 0.000000 0.000000 0.000000 -72.125244 0.988770 -26.647339 -1.661000 -0.375000 3.686000 33.160000
-0.040039 -0.914062 0.372559 0.000000 0.000000 0.000000 -72.141724 1.005249 -26.647339 -1.660000 -0.470000 3.698000 33.190000
-0.040527 -0.914062 0.372559 0.000000 0.000000 0.000000 -72.163696 1.027222 -26.641846 -1.671000 -0.450000 3.697000 33.130000
-0.041016 -0.915039 0.372070 0.000000 0.000000 0.000000 -72.174683 1.038208 -26.636353 -1.667000 -0.440000 3.710000 33.170000
-0.040527 -0.914062 0.371582 0.000000 0.000000 0.000000 -72.185669 1.049194 -26.636353 -1.658000 -0.412000 3.695000 33.200000
-0.040039 -0.914551 0.371582 0.000000 0.000000 0.000000 -72.196655 1.060181 -26.630859 -1.656000 -0.415000 3.702000 33.130000
-0.040039 -0.915039 0.372070 0.000000 0.000000 0.000000 -72.207642 1.071167 -26.630859 -1.661000 -0.474000 3.683000 33.090000
-0.040527 -0.915039 0.371582 0.000000 0.000000 0.000000 -72.229614 1.087646 -26.625366 -1.664000 -0.447000 3.678000 33.160000
-0.039551 -0.914062 0.372559 0.000000 0.000000 0.000000 -72.240601 1.098633 -26.625366 -1.670000 -0.422000 3.668000 33.100000
-0.041016 -0.914062 0.372070 0.000000 0.000000 0.000000 -72.246094 1.104126 -26.625366 -1.665000 -0.302000 3.704000 33.110000
-0.040527 -0.914551 0.372559 0.000000 0.000000 0.000000 -72.257080 1.115112 -26.625366 -1.660000 -0.317000 3.705000 33.110000
-0.040527 -0.915039 0.372559 0.000000 0.000000 0.000000 -72.262573 1.120605 -26.619873 -1.663000 -0.376000 3.696000 33.090000
-0.040039 -0.914062 0.371582 0.000000 0.000000 0.000000 -72.284546 1.137085 -26.619873 -1.668000 -0.453000 3.705000 33.170000
-0.040527 -0.914062 0.371582 0.000000 0.000000 0.000000 -72.290039 1.142578 -26.619873 -1.671000 -0.382000 3.704000 33.070000
-0.040039 -0.914062 0.371582 0.000000 0.000000 0.000000 -72.295532 1.142578 -26.614380 -1.662000 -0.358000 3.690000 33.110000
-0.041016 -0.914062 0.372559 0.000000 0.000000 0.000000 -72.301025 1.148071 -26.614380 -1.657000 -0.439000 3.719000 33.050000
-0.041016 -0.914062 0.371582 0.000000 0.000000 0.000000 -72.306519 1.153564 -26.614380 -1.680000 -0.261000 3.692000 33.190000
-0.041504 -0.914551 0.371582 0.000000 0.000000 0.000000 -72.317505 1.159058 -26.614380 -1.675000 -0.375000 3.694000 33.070000
-0.040039 -0.914551 0.370117 0.000000 0.000000 0.000000 -72.317505 1.164551 -26.614380 -1.673000 -0.405000 3.697000 33.130000
-0.040039 -0.914062 0.372070 0.000000 0.000000 0.000000 -72.322998 1.170044 -26.608887 -1.682000 -0.395000 3.694000 33.090000
-0.040039 -0.915039 0.372070 0.000000 0.000000 0.000000 -72.328491 1.170044 -26.608887 -1.653000 -0.484000 3.673000 33.030000
-0.040039 -0.914062 0.372070 0.244141 0.000000 0.000000 -72.328491 1.175537 -26.608887 -1.667000 -0.417000 3.699000 32.990000
-0.040527 -0.915527 0.371094 -0.061035 0.000000 0.000000 -72.333984 1.181030 -26.608887 -1.669000 -0.487000 3.691000 33.020000
-0.040527 -0.914062 0.372070 0.000000 0.000000 0.000000 -72.339478 1.186523 -26.608887 -1.683000 -0.492000 3.681000 33.050000
-0.040527 -0.914551 0.372070 0.061035 0.000000 0.000000 -72.339478 1.186523 -26.608887 -1.665000 -0.439000 3.699000 33.100000
-0.040039 -0.914551 0.370605 -0.061035 0.000000 0.000000 -72.344971 1.192017 -26.608887 -1.664000 -0.436000 3.699000 33.010000
-0.041016 -0.914551 0.372070 0.000000 0.000000 0.000000 -72.344971 1.192017 -26.608887 -1.669000 -0.476000 3.715000 33.030000
-0.041016 -0.914551 0.371582 0.000000 0.000000 0.000000 -72.350464 1.197510 -26.603394 -1.663000 -0.463000 3.707000 33.000000
-0.040527 -0.914551 0.370605 0.000000 0.000000 0.000000 -72.350464 1.197510 -26.603394 -1.659000 -0.494000 3.664000 32.960000
-0.040527 -0.915039 0.372070 0.000000 0.000000 0.000000 -72.355957 1.197510 -26.603394 -1.657000 -0.437000 3.712000 32.990000
-0.040039 -0.915039 0.372559 0.000000 0.000000 0.000000 -72.361450 1.203003 -26.603394 -1.666000 -0.488000 3.668000 33.070000
-0.041016 -0.914062 0.371582 0.000000 0.000000 0.000000 -72.361450 1.203003 -26.603394 -1.657000 -0.495000 3.690000 32.950000
-0.040527 -0.914062 0.373047 0.000000 0.000000 0.000000 -72.361450 1.208496 -26.603394 -1.653000 -0.449000 3.697000 33.020000
-0.040039 -0.914062 0.372070 0.000000 0.000000 0.000000 -72.361450 1.208496 -26.603394 -1.657000 -0.423000 3.691000 33.050000
-0.040527 -0.914062 0.373047 -0.244141 0.000000 0.000000 -72.366943 1.208496 -26.603394 -1.668000 -0.477000 3.708000 32.960000
-0.040527 -0.914551 0.373047 0.000000 0.000000 0.000000 -72.366943 1.208496 -26.603394 -1.664000 -0.441000 3.687000 33.070000
-0.041016 -0.914551 0.372559 0.000000 0.000000 0.000000 -72.366943 1.208496 -26.603394 -1.664000 -0.459000 3.705000 32.980000
-0.040527 -0.915039 0.373535 0.000000 0.000000 0.000000 -72.361450 1.213989 -26.603394 -1.663000 -0.469000 3.702000 33.020000
-0.040039 -0.914062 0.372559 0.000000 0.000000 0.000000 -72.361450 1.213989 -26.603394 -1.660000 -0.482000 3.682000 33.070000
-0.040039 -0.914062 0.371582 0.000000 0.000000 0.000000 -72.361450 1.213989 -26.603394 -1.660000 -0.494000 3.689000 33.020000
-0.040527 -0.915039 0.371094 0.183105 0.000000 0.000000 -72.361450 1.213989 -26.603394 -1.669000 -0.462000 3.718000 32.940000
-0.040039 -0.914551 0.372559 -0.061035 0.000000 0.000000 -72.361450 1.213989 -26.603394 -1.655000 -0.333000 3.695000 33.020000
-0.040527 -0.914062 0.372070 0.183105 0.000000 0.000000 -72.366943 1.213989 -26.597900 -1.666000 -0.403000 3.711000 32.990000
-0.040039 -0.913086 0.370117 0.061035 0.000000 0.000000 -72.366943 1.213989 -26.597900 -1.669000 -0.481000 3.689000 32.910000
-0.040527 -0.915527 0.372070 1.098633 0.000000 0.000000 -72.377930 1.213989 -26.586914 -1.664000 -0.492000 3.703000 32.960000
-0.040527 -0.915039 0.371094 0.183105 0.000000 0.000000 -72.366943 1.213989 -26.559448 -1.656000 -0.491000 3.689000 32.970000
-0.040039 -0.914551 0.371094 0.244141 0.000000 0.000000 -72.372437 1.219482 -26.515503 -1.654000 -0.471000 3.709000 32.980000
-0.040527 -0.914551 0.371582 0.305176 0.000000 0.000000 -72.372437 1.219482 -26.416626 -1.658000 -0.386000 3.684000 32.980000
-0.040039 -0.915039 0.372559 0.122070 0.000000 0.000000 -72.372437 1.219482 -26.389160 -1.656000 -0.467000 3.666000 33.050000
-0.040039 -0.915039 0.371094 -0.061035 0.000000 0.000000 -72.372437 1.219482 -26.372681 -1.655000 -0.444000 3.688000 32.860000
-0.040039 -0.914551 0.372070 0.000000 0.000000 0.000000 -72.372437 1.219482 -26.345215 -1.672000 -0.480000 3.693000 32.900000
-0.040527 -0.914551 0.372070 0.122070 0.000000 0.000000 -72.372437 1.219482 -26.323242 -1.668000 -0.443000 3.717000 32.930000
-0.040527 -0.913574 0.372559 0.000000 0.000000 0.000000 -72.372437 1.219482 -26.273804 -1.677000 -0.458000 3.711000 32.910000
-0.041016 -0.914551 0.372070 0.061035 0.000000 0.000000 -72.372437 1.219482 -26.240845 -1.681000 -0.489000 3.695000 33.010000
-0.040039 -0.915527 0.372070 0.061035 0.000000 0.000000 -72.372437 1.219482 -26.213379 -1.666000 -0.337000 3.696000 32.920000
-0.040527 -0.914062 0.372559 0.000000 0.000000 0.000000 -72.366943 1.219482 -26.191406 -1.669000 -0.477000 3.720000 32.910000
-0.040527 -0.915039 0.372070 0.122070 0.000000 0.000000 -72.366943 1.219482 -26.163940 -1.681000 -0.487000 3.674000 32.910000
-0.040527 -0.915039 0.372070 0.000000 0.000000 0.000000 -72.361450 1.219482 -26.098022 -1.666000 -0.490000 3.696000 32.930000
-0.040527 -0.914062 0.371582 -0.122070 0.000000 0.000000 -72.366943 1.224976 -26.081543 -1.659000 -0.495000 3.697000 32.890000
-0.041504 -0.913574 0.372070 0.000000 0.000000 0.000000 -72.366943 1.224976 -26.059570 -1.666000 -0.485000 3.698000 32.890000
-0.040527 -0.914062 0.372070 0.000000 0.000000 0.000000 -72.372437 1.224976 -26.043091 -1.662000 -0.456000 3.710000 32.940000
-0.040527 -0.914062 0.372070 -0.061035 0.000000 0.000000 -72.372437 1.224976 -26.026611 -1.656000 -0.480000 3.702000 32.850000
-0.040039 -0.914551 0.371094 0.000000 0.000000 0.000000 -72.372437 1.224976 -26.015625 -1.663000 -0.481000 3.698000 32.870000
-0.041016 -0.914551 0.371582 -0.122070 0.000000 0.000000 -72.372437 1.224976 -25.999146 -1.658000 -0.379000 3.697000 32.870000
-0.041016 -0.914551 0.370605 0.000000 0.000000 0.000000 -72.372437 1.224976 -25.982666 -1.666000 -0.449000 3.691000 32.910000
-0.040527 -0.914551 0.371582 0.000000 0.000000 0.000000 -72.372437 1.224976 -25.971680 -1.663000 -0.494000 3.712000 32.830000
-0.040527 -0.914062 0.371582 0.000000 0.000000 0.000000 -72.377930 1.224976 -25.960693 -1.664000 -0.336000 3.711000 32.980000
-0.040039 -0.914551 0.372070 0.000000 0.000000 0.000000 -72.377930 1.224976 -25.949707 -1.650000 -0.285000 3.700000 32.890000
-0.040039 -0.915039 0.371582 0.000000 0.000000 0.000000 -72.383423 1.224976 -25.922241 -1.668000 -0.476000 3.694000 32.890000
-0.040527 -0.914551 0.372070 0.000000 0.000000 0.000000 -72.383423 1.224976 -25.911255 -1.661000 -0.497000 3.693000 32.870000
-0.041016 -0.914062 0.372070 0.000000 0.000000 0.000000 -72.383423 1.224976 -25.900269 -1.660000 -0.478000 3.692000 32.870000
-0.041016 -0.914062 0.372070 0.000000 0.000000 0.000000 -72.383423 1.224976 -25.894775 -1.664000 -0.337000 3.685000 32.910000
-0.040527 -0.914062 0.371094 0.000000 0.000000 0.000000 -72.388916 1.224976 -25.889282 -1.653000 -0.453000 3.705000 32.830000
-0.040527 -0.915039 0.371094 0.000000 0.000000 0.000000 -72.388916 1.224976 -25.872803 -1.666000 -0.436000 3.689000 32.810000
-0.040527 -0.915039 0.373047 0.000000 0.000000 0.000000 -72.388916 1.224976 -25.867310 -1.671000 -0.406000 3.699000 32.910000
-0.040527 -0.914551 0.371094 0.000000 0.000000 0.000000 -72.388916 1.224976 -25.861816 -1.657000 -0.428000 3.688000 32.870000
-0.040527 -0.915039 0.371582 0.000000 0.000000 0.000000 -72.388916 1.224976 -25.856323 -1.666000 -0.435000 3.699000 32.850000
-0.041016 -0.914062 0.371094 0.000000 0.000000 0.000000 -72.388916 1.224976 -25.850830 -1.669000 -0.415000 3.689000 32.850000
-0.040527 -0.914551 0.372559 -0.305176 0.000000 0.000000 -72.388916 1.224976 -25.839844 -1.668000 -0.477000 3.694000 32.910000
-0.040527 -0.914062 0.372070 -0.122070 0.000000 0.000000 -72.394409 1.224976 -25.834351 -1.671000 -0.484000 3.689000 32.900000
-0.040039 -0.915039 0.371094 0.000000 0.000000 0.000000 -72.388916 1.224976 -25.828857 -1.655000 -0.481000 3.689000 32.810000
-0.040039 -0.914551 0.371582 0.122070 0.000000 0.000000 -72.388916 1.224976 -25.823364 -1.656000 -0.503000 3.703000 32.830000
-0.040527 -0.914551 0.372070 0.122070 0.000000 0.000000 -72.388916 1.224976 -25.823364 -1.660000 -0.491000 3.688000 32.870000
-0.040527 -0.914551 0.372070 0.061035 -0.061035 0.000000 -72.383423 1.224976 -25.812378 -1.660000 -0.429000 3.725000 32.800000
-0.040527 -0.914062 0.372559 0.061035 0.000000 0.000000 -72.383423 1.224976 -25.812378 -1.657000 -0.419000 3.710000 32.830000
-0.040527 -0.914551 0.371582 0.061035 0.000000 0.000000 -72.383423 1.224976 -25.812378 -1.657000 -0.348000 3.694000 32.780000
-0.039551 -0.914551 0.371582 -0.061035 0.000000 0.000000 -72.383423 1.224976 -25.806885 -1.667000 -0.466000 3.702000 32.830000
-0.039551 -0.914062 0.371094 -0.061035 0.000000 0.000000 -72.383423 1.224976 -25.806885 -1.669000 -0.417000 3.697000 32.860000
-0.040039 -0.914062 0.371582 0.000000 0.000000 0.000000 -72.383423 1.224976 -25.801392 -1.658000 -0.383000 3.700000 32.750000
-0.040039 -0.914551 0.372070 0.000000 0.000000 0.000000 -72.388916 1.224976 -25.795898 -1.662000 -0.475000 3.694000 32.810000
-0.040527 -0.914062 0.372070 0.000000 0.000000 0.000000 -72.388916 1.224976 -25.795898 -1.648000 -0.327000 3.702000 32.830000
-0.041016 -0.914062 0.372070 0.000000 0.000000 0.000000 -72.388916 1.224976 -25.795898 -1.661000 -0.356000 3.678000 32.740000
-0.041016 -0.914062 0.371582 0.000000 0.000000 0.000000 -72.388916 1.224976 -25.795898 -1.667000 -0.449000 3.696000 32.740000
-0.040527 -0.915527 0.371582 0.000000 0.000000 0.000000 -72.388916 1.224976 -25.790405 -1.657000 -0.473000 3.698000 32.790000
-0.040527 -0.915039 0.372070 0.000000 0.000000 0.000000 -72.388916 1.224976 -25.790405 -1.658000 -0.384000 3.699000 32.700000
-0.039551 -0.914551 0.372070 0.000000 0.000000 0.000000 -72.388916 1.224976 -25.784912 -1.664000 -0.370000 3.729000 32.740000
-0.041016 -0.914551 0.373535 0.000000 0.000000 0.000000 -72.388916 1.219482 -25.784912 -1.663000 -0.479000 3.704000 32.790000
-0.040039 -0.914062 0.372070 0.000000 0.000000 0.000000 -72.388916 1.219482 -25.784912 -1.654000 -0.468000 3.702000 32.790000
-0.040527 -0.914551 0.371582 0.000000 0.000000 0.000000 -72.383423 1.219482 -25.784912 -1.656000 -0.473000 3.698000 32.770000
-0.040527 -0.914062 0.373047 0.000000 0.000000 0.000000 -72.383423 1.219482 -25.779419 -1.660000 -0.488000 3.697000 32.660000
-0.040039 -0.914062 0.373535 0.000000 0.000000 0.000000 -72.383423 1.219482 -25.779419 -1.668000 -0.491000 3.711000 32.760000
-0.040527 -0.914551 0.372559 0.000000 0.000000 0.000000 -72.377930 1.219482 -25.779419 -1.663000 -0.421000 3.687000 32.820000
-0.040527 -0.914551 0.372070 0.000000 0.000000 0.000000 -72.377930 1.219482 -25.779419 -1.654000 -0.367000 3.701000 32.720000
-0.040527 -0.915039 0.371582 0.000000 0.000000 0.000000 -72.372437 1.219482 -25.779419 -1.658000 -0.456000 3.724000 32.750000
-0.040527 -0.914551 0.372070 0.000000 0.000000 0.000000 -72.372437 1.219482 -25.773926 -1.644000 -0.290000 3.712000 32.680000
-0.040039 -0.914062 0.372559 0.000000 0.000000 0.000000 -72.372437 1.219482 -25.773926 -1.662000 -0.442000 3.708000 32.680000
-0.041016 -0.914062 0.371582 0.000000 0.000000 0.000000 -72.372437 1.219482 -25.773926 -1.652000 -0.433000 3.691000 32.740000
-0.040039 -0.914062 0.371094 0.000000 0.000000 0.000000 -72.372437 1.219482 -25.773926 -1.651000 -0.480000 3.734000 32.630000
-0.040527 -0.914062 0.372559 0.183105 0.000000 0.000000 -72.377930 1.219482 -25.773926 -1.656000 -0.446000 3.703000 32.640000
-0.041504 -0.915039 0.372070 -0.061035 -0.061035 0.000000 -72.383423 1.219482 -25.773926 -1.671000 -0.478000 3.678000 32.750000
-0.040039 -0.913574 0.372559 0.000000 0.000000 0.000000 -72.377930 1.219482 -25.773926 -1.662000 -0.439000 3.674000 32.700000
-0.040527 -0.914062 0.372070 0.000000 0.000000 0.000000 -72.377930 1.219482 -25.768433 -1.642000 -0.488000 3.704000 32.710000
-0.039551 -0.914551 0.371094 0.000000 0.000000 0.000000 -72.377930 1.219482 -25.768433 -1.653000 -0.329000 3.690000 32.560000
-0.041016 -0.913574 0.371094 0.183105 0.000000 0.000000 -72.383423 1.219482 -25.768433 -1.672000 -0.415000 3.707000 32.760000
-0.040527 -0.914551 0.372070 0.000000 0.000000 0.000000 -72.383423 1.219482 -25.768433 -1.664000 -0.382000 3.688000 32.680000
-0.040039 -0.914551 0.372070 0.122070 0.000000 0.000000 -72.383423 1.219482 -25.768433 -1.670000 -0.220000 3.712000 32.590000
-0.041016 -0.914062 0.371582 -0.427246 0.000000 0.000000 -72.377930 1.219482 -25.768433 -1.649000 -0.270000 3.671000 32.720000
-0.039551 -0.914062 0.372559 -0.122070 0.000000 0.000000 -72.377930 1.219482 -25.768433 -1.645000 -0.325000 3.693000 32.720000
-0.040039 -0.914551 0.371094 0.122070 0.000000 0.000000 -72.377930 1.219482 -25.762939 -1.666000 -0.450000 3.720000 32.640000
-0.041016 -0.915039 0.371582 0.183105 0.000000 0.000000 -72.377930 1.219482 -25.762939 -1.647000 -0.254000 3.734000 32.630000
-0.041016 -0.914062 0.371582 -0.061035 0.000000 0.000000 -72.383423 1.219482 -25.762939 -1.655000 -0.428000 3.691000 32.660000
-0.040527 -0.914062 0.371582 0.000000 0.000000 0.000000 -72.383423 1.219482 -25.762939 -1.653000 -0.438000 3.688000 32.700000
-0.039062 -0.914551 0.370117 -0.061035 0.000000 0.000000 -72.383423 1.219482 -25.762939 -1.669000 -0.360000 3.692000 32.620000
-0.040527 -0.915039 0.372559 0.000000 0.000000 0.000000 -72.377930 1.219482 -25.762939 -1.659000 -0.454000 3.698000 32.650000
-0.040527 -0.914551 0.372070 0.122070 0.000000 0.000000 -72.377930 1.219482 -25.762939 -1.663000 -0.381000 3.697000 32.620000
-0.041016 -0.914551 0.371094 0.000000 0.000000 0.000000 -72.377930 1.219482 -25.762939 -1.658000 -0.307000 3.672000 32.670000
-0.041016 -0.914551 0.371582 0.000000 0.000000 0.000000 -72.377930 1.219482 -25.762939 -1.650000 -0.333000 3.665000 32.700000
-0.041016 -0.914551 0.373047 0.122070 0.000000 0.000000 -72.377930 1.219482 -25.762939 -1.667000 -0.399000 3.686000 32.640000
-0.041504 -0.914551 0.371582 0.061035 0.000000 0.000000 -72.377930 1.219482 -25.762939 -1.657000 -0.297000 3.682000 32.640000
-0.040039 -0.915039 0.373047 0.000000 0.000000 0.000000 -72.377930 1.219482 -25.762939 -1.667000 -0.268000 3.680000 32.580000
-0.040527 -0.914062 0.372070 0.122070 0.000000 0.000000 -72.372437 1.224976 -25.762939 -1.653000 -0.379000 3.696000 32.630000
-0.040039 -0.914062 0.372559 0.000000 0.000000 0.000000 -72.372437 1.224976 -25.762939 -1.660000 -0.463000 3.701000 32.580000
-0.040527 -0.915039 0.372559 0.000000 0.000000 0.000000 -72.372437 1.219482 -25.762939 -1.653000 -0.470000 3.713000 32.610000
-0.040039 -0.914062 0.371582 0.000000 0.000000 0.000000 -72.372437 1.219482 -25.762939 -1.657000 -0.488000 3.721000 32.530000
-0.040039 -0.915039 0.371094 0.000000 0.000000 0.000000 -72.377930 1.219482 -25.762939 -1.656000 -0.478000 3.692000 32.580000
-0.040527 -0.914551 0.371094 0.000000 0.000000 0.000000 -72.377930 1.224976 -25.762939 -1.665000 -0.490000 3.699000 32.580000
-0.040527 -0.914551 0.372070 0.000000 0.000000 0.000000 -72.377930 1.224976 -25.762939 -1.663000 -0.428000 3.687000 32.590000
-0.040039 -0.914062 0.373535 0.000000 0.000000 0.000000 -72.383423 1.224976 -25.762939 -1.667000 -0.496000 3.700000 32.530000
-0.041504 -0.913086 0.371094 -1.342773 -0.061035 -0.305176 -72.383423 1.219482 -25.762939 -1.667000 -0.307000 3.690000 32.510000
-0.041504 -0.914062 0.377930 2.990723 0.000000 0.305176 -72.372437 1.213989 -25.751953 -1.661000 -0.471000 3.694000 32.600000
-0.041504 -0.913086 0.376465 -0.793457 -0.061035 -0.122070 -72.366943 1.213989 -25.757446 -1.661000 -0.401000 3.711000 32.610000
-0.040039 -0.915039 0.369141 -0.244141 0.000000 0.000000 -72.361450 1.208496 -25.773926 -1.666000 -0.456000 3.714000 32.590000
-0.040039 -0.915527 0.370117 -0.610352 0.000000 -0.122070 -72.361450 1.208496 -25.806885 -1.673000 -0.488000 3.700000 32.590000
-0.040527 -0.914551 0.371582 0.122070 0.000000 0.000000 -72.366943 1.203003 -25.817871 -1.668000 -0.494000 3.702000 32.570000
-0.040039 -0.914062 0.370605 -0.305176 0.000000 0.000000 -72.361450 1.203003 -25.828857 -1.659000 -0.491000 3.698000 32.570000
-0.040039 -0.914551 0.371094 -0.244141 0.000000 0.000000 -72.366943 1.203003 -25.828857 -1.658000 -0.463000 3.706000 32.540000
-0.040527 -0.915527 0.370605 0.000000 0.000000 0.000000 -72.366943 1.203003 -25.828857 -1.663000 -0.444000 3.700000 32.540000
-0.040527 -0.915039 0.373047 -0.610352 0.000000 0.000000 -72.372437 1.208496 -25.834351 -1.667000 -0.452000 3.695000 32.570000
-0.039551 -0.914551 0.370605 -0.061035 0.000000 0.000000 -72.366943 1.208496 -25.845337 -1.669000 -0.358000 3.705000 32.530000
-0.041016 -0.914551 0.371582 -0.122070 0.000000 0.000000 -72.366943 1.208496 -25.861816 -1.656000 -0.484000 3.683000 32.530000
-0.040039 -0.915039 0.370605 0.000000 0.000000 0.000000 -72.366943 1.208496 -25.872803 -1.666000 -0.368000 3.703000 32.500000
-0.040527 -0.914551 0.372559 0.183105 0.000000 0.000000 -72.366943 1.208496 -25.878296 -1.662000 -0.434000 3.697000 32.500000
-0.040527 -0.914062 0.372070 -0.061035 0.000000 0.000000 -72.372437 1.208496 -25.889282 -1.671000 -0.465000 3.692000 32.500000
-0.040527 -0.914551 0.369629 -0.305176 0.000000 0.000000 -72.377930 1.208496 -25.894775 -1.648000 -0.484000 3.696000 32.530000
-0.040039 -0.915527 0.368164 -0.610352 -0.122070 0.000000 -72.377930 1.203003 -25.894775 -1.653000 -0.488000 3.702000 32.470000
-0.040039 -0.914062 0.370605 0.183105 0.000000 0.000000 -72.377930 1.203003 -25.894775 -1.651000 -0.491000 3.680000 32.470000
-0.040039 -0.914551 0.371094 -0.122070 0.000000 0.000000 -72.372437 1.203003 -25.900269 -1.663000 -0.454000 3.681000 32.600000
-0.041504 -0.915527 0.372070 0.305176 0.000000 0.000000 -72.377930 1.203003 -25.894775 -1.660000 -0.427000 3.701000 32.420000
-0.040527 -0.914551 0.371582 0.000000 0.000000 0.000000 -72.372437 1.203003 -25.894775 -1.651000 -0.475000 3.694000 32.560000
-0.040527 -0.914551 0.372070 0.061035 0.000000 0.000000 -72.372437 1.203003 -25.889282 -1.639000 -0.496000 3.675000 32.450000
-0.039551 -0.914551 0.372070 0.000000 0.000000 0.000000 -72.366943 1.203003 -25.872803 -1.647000 -0.353000 3.684000 32.450000
-0.040527 -0.915039 0.372070 -0.061035 0.000000 0.000000 -72.366943 1.203003 -25.850830 -1.659000 -0.212000 3.684000 32.570000
-0.040527 -0.915039 0.372070 -0.061035 0.000000 0.000000 -72.366943 1.203003 -25.823364 -1.655000 -0.187000 3.679000 32.510000
-0.040039 -0.914551 0.371094 0.000000 0.000000 0.000000 -72.366943 1.203003 -25.806885 -1.662000 -0.218000 3.695000 32.550000
-0.040527 -0.916016 0.370605 0.244141 0.000000 0.000000 -72.361450 1.203003 -25.790405 -1.652000 -0.274000 3.685000 32.480000
-0.041504 -0.914062 0.373047 0.427246 0.000000 0.000000 -72.361450 1.208496 -25.757446 -1.654000 -0.427000 3.684000 32.490000
-0.040527 -0.914551 0.371582 -0.488281 0.000000 0.000000 -72.366943 1.208496 -25.746460 -1.660000 -0.443000 3.687000 32.430000
-0.040527 -0.915039 0.369629 -0.549316 0.000000 0.000000 -72.366943 1.208496 -25.729980 -1.666000 -0.212000 3.682000 32.500000
-0.040527 -0.914062 0.370117 0.000000 0.000000 0.000000 -72.361450 1.208496 -25.718994 -1.653000 -0.254000 3.691000 32.490000
-0.040527 -0.914062 0.372070 0.305176 0.000000 0.000000 -72.361450 1.208496 -25.708008 -1.653000 -0.390000 3.684000 32.520000
-0.039551 -0.915039 0.371582 0.000000 0.000000 0.000000 -72.361450 1.208496 -25.675049 -1.655000 -0.285000 3.698000 32.500000
-0.040039 -0.914062 0.372559 0.000000 0.000000 0.000000 -72.366943 1.208496 -25.669556 -1.658000 -0.268000 3.677000 32.460000
-0.039551 -0.914062 0.372070 0.061035 0.000000 0.000000 -72.361450 1.208496 -25.658569 -1.654000 -0.081000 3.692000 32.570000
-0.040039 -0.915039 0.371582 -0.061035 0.000000 0.000000 -72.361450 1.208496 -25.647583 -1.654000 -0.333000 3.710000 32.450000
-0.040527 -0.914551 0.371582 0.000000 0.000000 0.000000 -72.361450 1.213989 -25.642090 -1.657000 -0.214000 3.695000 32.460000
-0.040527 -0.915527 0.372070 0.000000 0.000000 0.000000 -72.355957 1.213989 -25.631104 -1.655000 -0.286000 3.664000 32.500000
-0.040039 -0.914551 0.371582 0.000000 0.000000 0.000000 -72.355957 1.213989 -25.620117 -1.649000 -0.074000 3.710000 32.500000
-0.040039 -0.914551 0.372070 0.000000 0.000000 0.000000 -72.355957 1.213989 -25.614624 -1.650000 -0.208000 3.685000 32.480000
-0.040527 -0.914551 0.371582 0.000000 0.000000 0.000000 -72.355957 1.213989 -25.609131 -1.660000 -0.357000 3.708000 32.530000
-0.040527 -0.914062 0.371582 0.000000 0.000000 0.000000 -72.361450 1.213989 -25.603638 -1.653000 -0.192000 3.672000 32.440000
-0.040039 -0.914551 0.371582 0.000000 0.000000 0.000000 -72.366943 1.213989 -25.592651 -1.661000 -0.127000 3.692000 32.400000
-0.039551 -0.915527 0.370605 0.000000 0.000000 0.000000 -72.366943 1.208496 -25.587158 -1.651000 -0.235000 3.679000 32.530000
-0.040039 -0.915527 0.372070 0.000000 0.000000 0.000000 -72.372437 1.208496 -25.581665 -1.652000 -0.264000 3.699000 32.390000
-0.040039 -0.914551 0.370605 0.000000 0.000000 0.000000 -72.377930 1.208496 -25.576172 -1.650000 -0.231000 3.687000 32.410000
-0.040039 -0.915039 0.372070 0.000000 0.000000 0.000000 -72.377930 1.208496 -25.576172 -1.650000 -0.355000 3.681000 32.430000
-0.039551 -0.915039 0.368164 0.488281 0.000000 0.000000 -72.383423 1.213989 -25.570679 -1.656000 -0.161000 3.690000 32.500000
-0.040527 -0.915039 0.371094 0.610352 0.000000 0.000000 -72.394409 1.213989 -25.565186 -1.651000 -0.447000 3.684000 32.530000
-0.040527 -0.914551 0.372070 0.183105 0.000000 0.000000 -72.394409 1.213989 -25.565186 -1.659000 -0.318000 3.682000 32.390000
-0.041016 -0.914551 0.372559 0.000000 0.000000 0.000000 -72.394409 1.208496 -25.559692 -1.648000 -0.183000 3.710000 32.350000
-0.040039 -0.914551 0.372070 -0.183105 0.000000 0.000000 -72.399902 1.208496 -25.559692 -1.657000 -0.217000 3.689000 32.420000
-0.040527 -0.914551 0.371582 0.000000 0.000000 0.000000 -72.410889 1.208496 -25.554199 -1.663000 -0.243000 3.690000 32.420000
-0.040039 -0.914062 0.371094 0.000000 0.000000 0.000000 -72.410889 1.213989 -25.548706 -1.648000 -0.085000 3.662000 32.360000
-0.040527 -0.914551 0.371582 0.000000 0.000000 0.000000 -72.416382 1.213989 -25.548706 -1.655000 -0.131000 3.694000 32.420000
-0.040039 -0.915527 0.370605 0.000000 0.000000 0.000000 -72.416382 1.213989 -25.548706 -1.661000 -0.354000 3.676000 32.440000
-0.039551 -0.914551 0.371582 0.061035 0.000000 0.000000 -72.421875 1.213989 -25.543213 -1.661000 -0.395000 3.686000 32.390000
-0.040039 -0.914551 0.371094 -0.122070 0.000000 0.000000 -72.427368 1.213989 -25.543213 -1.650000 -0.261000 3.685000 32.450000
-0.040039 -0.915039 0.370605 0.000000 0.000000 0.000000 -72.427368 1.213989 -25.543213 -1.650000 -0.174000 3.705000 32.450000
-0.040527 -0.914551 0.370605 0.000000 0.000000 0.000000 -72.427368 1.213989 -25.537720 -1.658000 -0.346000 3.681000 32.370000
-0.040527 -0.914551 0.371094 0.000000 0.000000 0.000000 -72.432861 1.208496 -25.537720 -1.658000 -0.330000 3.682000 32.480000
-0.040527 -0.915039 0.370605 0.000000 0.000000 0.000000 -72.432861 1.208496 -25.537720 -1.650000 -0.158000 3.693000 32.430000
-0.040527 -0.915039 0.372070 0.000000 0.000000 0.000000 -72.432861 1.208496 -25.537720 -1.656000 -0.245000 3.697000 32.430000
-0.040527 -0.914551 0.372070 0.000000 0.000000 0.000000 -72.432861 1.213989 -25.532227 -1.658000 -0.255000 3.707000 32.490000
-0.040039 -0.914062 0.372070 0.000000 0.000000 0.000000 -72.432861 1.213989 -25.532227 -1.639000 -0.422000 3.691000 32.370000
-0.040039 -0.914551 0.371582 0.000000 0.000000 0.000000 -72.427368 1.213989 -25.532227 -1.660000 -0.341000 3.679000 32.350000
-0.040039 -0.914062 0.371094 0.000000 0.000000 0.000000 -72.427368 1.213989 -25.532227 -1.661000 -0.203000 3.665000 32.460000
-0.039062 -0.914551 0.372070 0.000000 0.000000 0.000000 -72.427368 1.213989 -25.532227 -1.649000 -0.388000 3.694000 32.410000
-0.041016 -0.914551 0.372070 0.000000 0.000000 0.000000 -72.427368 1.208496 -25.526733 -1.663000 -0.345000 3.683000 32.350000
-0.040527 -0.914062 0.370605 0.000000 0.000000 0.000000 -72.421875 1.208496 -25.526733 -1.650000 -0.259000 3.674000 32.460000
-0.040039 -0.915527 0.368164 -1.037598 0.000000 0.000000 -72.421875 1.213989 -25.526733 -1.654000 -0.241000 3.669000 32.390000
-0.040527 -0.915039 0.369629 0.427246 0.000000 0.000000 -72.427368 1.213989 -25.526733 -1.663000 -0.101000 3.658000 32.420000
-0.040527 -0.914551 0.372559 0.427246 0.061035 0.000000 -72.427368 1.213989 -25.526733 -1.657000 -0.235000 3.692000 32.350000
-0.041504 -0.915039 0.373047 -0.549316 0.000000 0.000000 -72.421875 1.213989 -25.526733 -1.638000 -0.216000 3.697000 32.350000
-0.040039 -0.914551 0.371582 0.000000 0.000000 0.000000 -72.427368 1.213989 -25.526733 -1.655000 -0.192000 3.675000 32.350000
-0.040527 -0.914551 0.370605 0.305176 0.000000 0.000000 -72.427368 1.213989 -25.526733 -1.659000 -0.290000 3.662000 32.370000
-0.039551 -0.915039 0.374023 5.187988 0.183105 0.793457 -72.438354 1.213989 -25.532227 -1.659000 -0.202000 3.679000 32.350000
-0.041016 -0.914551 0.372070 1.892090 0.061035 0.122070 -72.421875 1.219482 -25.526733 -1.659000 -0.245000 3.685000 32.390000
-0.041016 -0.913574 0.377930 -0.366211 0.000000 0.000000 -72.416382 1.219482 -25.521240 -1.657000 -0.191000 3.694000 32.430000
-0.040527 -0.915039 0.371582 -1.037598 0.000000 -0.122070 -72.410889 1.219482 -25.521240 -1.651000 -0.214000 3.698000 32.430000
-0.039551 -0.917480 0.369141 0.183105 0.000000 0.000000 -72.416382 1.219482 -25.504761 -1.659000 -0.118000 3.706000 32.320000
-0.040039 -0.914062 0.370605 0.122070 0.000000 0.000000 -72.416382 1.219482 -25.504761 -1.655000 -0.260000 3.687000 32.390000
-0.040039 -0.915039 0.370605 0.244141 0.000000 0.000000 -72.416382 1.219482 -25.499268 -1.652000 -0.155000 3.693000 32.300000
-0.039062 -0.914551 0.373047 0.427246 0.000000 0.000000 -72.416382 1.219482 -25.493774 -1.648000 -0.134000 3.679000 32.420000
-0.040527 -0.915039 0.372559 -0.183105 0.000000 0.000000 -72.416382 1.219482 -25.477295 -1.655000 -0.171000 3.689000 32.350000
-0.040527 -0.915527 0.371582 -0.366211 0.000000 0.000000 -72.421875 1.219482 -25.477295 -1.658000 -0.360000 3.688000 32.340000
-0.040039 -0.915039 0.371094 -0.244141 0.000000 0.000000 -72.421875 1.219482 -25.488281 -1.648000 -0.239000 3.690000 32.380000
-0.040527 -0.915527 0.370117 0.000000 0.000000 0.000000 -72.421875 1.219482 -25.482788 -1.657000 -0.232000 3.689000 32.360000
-0.040527 -0.914551 0.371582 0.122070 0.000000 0.000000 -72.421875 1.219482 -25.482788 -1.659000 -0.130000 3.679000 32.340000
-0.040039 -0.914551 0.373047 0.000000 0.000000 0.000000 -72.427368 1.219482 -25.477295 -1.653000 -0.045000 3.664000 32.310000
-0.039551 -0.916016 0.371094 0.122070 0.000000 0.000000 -72.427368 1.219482 -25.477295 -1.662000 -0.303000 3.683000 32.320000
-0.040527 -0.914551 0.371094 0.000000 0.000000 0.000000 -72.421875 1.219482 -25.471802 -1.666000 -0.159000 3.683000 32.350000
-0.039551 -0.914551 0.371582 0.061035 0.000000 0.000000 -72.421875 1.213989 -25.471802 -1.661000 -0.294000 3.696000 32.230000
-0.039551 -0.915039 0.372070 0.122070 0.000000 0.000000 -72.421875 1.213989 -25.471802 -1.657000 -0.420000 3.680000 32.320000
