0.106445 -0.263184 -0.958984 -0.061035 0.488281 0.000000 -10.491943 1.746826 -0.878906 0.946000 -5.909000 3.753000 29.240000
0.106445 -0.260742 -0.958496 0.061035 0.488281 0.000000 -10.497437 1.746826 -0.895386 0.950000 -5.868000 3.743000 29.230000
0.106445 -0.260742 -0.958496 0.061035 0.549316 0.000000 -10.497437 1.741333 -0.906372 0.947000 -5.884000 3.749000 29.270000
0.106934 -0.261230 -0.957520 0.000000 0.488281 0.000000 -10.497437 1.741333 -0.917358 0.943000 -5.911000 3.742000 29.250000
0.106445 -0.260742 -0.958008 -0.061035 0.488281 0.000000 -10.491943 1.741333 -0.933838 0.958000 -5.895000 3.744000 29.250000
0.106445 -0.260254 -0.958496 -0.122070 0.488281 0.000000 -10.491943 1.735840 -0.944824 0.956000 -5.922000 3.735000 29.290000
0.106934 -0.260254 -0.958496 0.000000 0.000000 0.000000 -10.491943 1.741333 -0.961304 0.948000 -5.914000 3.747000 29.280000
0.106934 -0.260742 -0.959473 0.000000 0.000000 0.000000 -10.491943 1.867676 -0.961304 0.951000 -5.912000 3.743000 29.270000
0.106445 -0.260254 -0.958496 0.000000 0.000000 0.000000 -10.491943 1.906128 -0.961304 0.946000 -5.903000 3.744000 29.270000
0.106445 -0.259766 -0.958984 0.000000 0.000000 0.000000 -10.497437 1.939087 -0.961304 0.957000 -5.918000 3.737000 29.280000
0.106445 -0.259766 -0.958496 0.000000 0.000000 0.000000 -10.497437 1.972046 -0.961304 0.949000 -5.882000 3.740000 29.330000
0.106445 -0.259766 -0.958984 0.244141 0.000000 0.000000 -10.497437 2.005005 -0.955811 0.949000 -5.918000 3.743000 29.290000
0.106445 -0.261230 -0.959473 0.122070 0.000000 0.000000 -10.486450 2.059937 -0.955811 0.955000 -5.928000 3.743000 29.330000
0.107422 -0.262695 -0.958496 0.000000 0.000000 0.000000 -10.486450 2.081909 -0.955811 0.956000 -5.898000 3.748000 29.330000
0.106934 -0.260742 -0.958496 -0.122070 0.000000 0.000000 -10.491943 2.109375 -0.955811 0.933000 -5.900000 3.749000 29.330000
0.107422 -0.260254 -0.958496 -0.122070 0.000000 0.000000 -10.486450 2.131348 -0.955811 0.956000 -5.912000 3.747000 29.310000
0.107422 -0.260254 -0.958984 0.000000 0.000000 0.000000 -10.486450 2.147827 -0.955811 0.942000 -5.892000 3.739000 29.320000
0.106934 -0.260254 -0.958496 0.427246 0.000000 0.000000 -10.475464 2.208252 -0.955811 0.966000 -5.896000 3.744000 29.360000
0.106934 -0.261230 -0.958496 0.427246 0.000000 0.000000 -10.469971 2.224731 -0.955811 0.951000 -5.927000 3.739000 29.340000
0.107422 -0.260254 -0.958496 0.183105 0.000000 0.000000 -10.475464 2.241211 -0.955811 0.957000 -5.888000 3.744000 29.370000
0.107422 -0.261230 -0.958008 0.000000 0.000000 0.000000 -10.475464 2.252197 -0.955811 0.951000 -5.882000 3.744000 29.350000
0.106934 -0.260254 -0.958008 0.000000 -0.061035 0.000000 -10.475464 2.268677 -0.955811 0.956000 -5.905000 3.739000 29.390000
0.107422 -0.261230 -0.958496 0.000000 -0.061035 0.000000 -10.469971 2.290649 -0.955811 0.954000 -5.905000 3.737000 29.390000
0.107910 -0.261719 -0.958008 0.122070 0.000000 0.000000 -10.469971 2.307129 -0.955811 0.951000 -5.910000 3.748000 29.380000
0.106934 -0.261230 -0.958496 0.244141 0.000000 0.000000 -10.464478 2.312622 -0.955811 0.954000 -5.894000 3.740000 29.400000
0.107910 -0.261719 -0.958496 0.183105 0.000000 0.000000 -10.464478 2.323608 -0.955811 0.948000 -5.908000 3.738000 29.400000
0.106934 -0.261719 -0.958008 0.000000 0.000000 0.000000 -10.464478 2.334595 -0.955811 0.947000 -5.894000 3.730000 29.440000
0.107422 -0.260742 -0.957031 -0.183105 -0.061035 0.000000 -10.458984 2.362061 -0.955811 0.951000 -5.906000 3.738000 29.410000
0.107910 -0.261230 -0.958984 0.000000 0.000000 0.000000 -10.458984 2.367554 -0.955811 0.947000 -5.903000 3.735000 29.350000
0.107422 -0.261230 -0.957520 0.183105 0.000000 0.000000 -10.458984 2.378540 -0.955811 0.944000 -5.891000 3.742000 29.390000
0.107422 -0.262207 -0.957031 0.183105 0.000000 0.000000 -10.453491 2.384033 -0.955811 0.954000 -5.903000 3.740000 29.420000
0.107422 -0.260742 -0.958496 0.122070 0.000000 0.000000 -10.447998 2.389526 -0.955811 0.950000 -5.907000 3.737000 29.440000
0.107422 -0.260742 -0.958496 -0.183105 0.000000 0.000000 -10.453491 2.395020 -0.955811 0.948000 -5.921000 3.742000 29.430000
0.106934 -0.261230 -0.958008 -0.183105 0.000000 0.000000 -10.458984 2.400513 -0.955811 0.948000 -5.901000 3.734000 29.440000
0.106445 -0.261230 -0.958008 0.061035 0.000000 0.000000 -10.458984 2.406006 -0.955811 0.957000 -5.908000 3.750000 29.420000
0.107910 -0.261230 -0.958496 0.122070 0.000000 0.000000 -10.453491 2.411499 -0.955811 0.955000 -5.897000 3.746000 29.440000
0.107422 -0.260742 -0.958008 0.183105 0.000000 0.000000 -10.453491 2.411499 -0.955811 0.953000 -5.914000 3.759000 29.440000
0.107422 -0.262207 -0.958008 -0.183105 0.000000 0.000000 -10.447998 2.422485 -0.955811 0.953000 -5.902000 3.753000 29.450000
0.107422 -0.261719 -0.958496 -0.244141 -0.061035 0.000000 -10.447998 2.422485 -0.955811 0.955000 -5.904000 3.750000 29.470000
0.107422 -0.261719 -0.958496 -0.061035 0.000000 0.000000 -10.447998 2.427979 -0.955811 0.950000 -5.902000 3.740000 29.470000
0.107910 -0.261230 -0.958496 0.061035 0.000000 0.000000 -10.442505 2.427979 -0.955811 0.951000 -5.895000 3.747000 29.480000
0.107910 -0.261230 -0.958008 0.183105 0.000000 0.000000 -10.442505 2.433472 -0.955811 0.951000 -5.908000 3.749000 29.460000
0.107422 -0.260742 -0.958496 0.244141 0.000000 0.000000 -10.442505 2.433472 -0.955811 0.949000 -5.896000 3.751000 29.470000
0.106934 -0.260254 -0.958008 0.122070 0.000000 0.000000 -10.437012 2.438965 -0.955811 0.946000 -5.926000 3.742000 29.490000
0.107422 -0.261719 -0.957520 0.122070 0.000000 0.000000 -10.437012 2.438965 -0.955811 0.954000 -5.895000 3.754000 29.480000
0.107422 -0.260254 -0.958008 0.000000 0.000000 0.000000 -10.437012 2.444458 -0.955811 0.954000 -5.892000 3.740000 29.510000
0.107422 -0.260742 -0.958496 -0.183105 0.000000 0.000000 -10.442505 2.444458 -0.955811 0.960000 -5.892000 3.738000 29.510000
0.106445 -0.259766 -0.958008 0.000000 0.000000 0.000000 -10.437012 2.449951 -0.955811 0.956000 -5.905000 3.740000 29.510000
0.107422 -0.262207 -0.958008 0.061035 0.000000 0.000000 -10.431519 2.449951 -0.955811 0.949000 -5.898000 3.752000 29.510000
0.106934 -0.261230 -0.958496 0.000000 0.000000 0.000000 -10.437012 2.449951 -0.955811 0.955000 -5.895000 3.748000 29.540000
0.107422 -0.261230 -0.958496 0.000000 0.000000 0.000000 -10.437012 2.449951 -0.955811 0.946000 -5.883000 3.740000 29.540000
0.106934 -0.261230 -0.958496 0.000000 0.000000 0.000000 -10.442505 2.455444 -0.955811 0.960000 -5.920000 3.738000 29.540000
0.106445 -0.261230 -0.958496 0.183105 0.000000 0.000000 -10.442505 2.455444 -0.955811 0.944000 -5.909000 3.744000 29.530000
0.107422 -0.260742 -0.958984 0.122070 0.000000 0.000000 -10.442505 2.455444 -0.955811 0.964000 -5.910000 3.735000 29.510000
0.106934 -0.260742 -0.957520 0.061035 0.000000 0.000000 -10.447998 2.455444 -0.961304 0.951000 -5.881000 3.742000 29.510000
0.106934 -0.261230 -0.958008 0.000000 0.000000 0.000000 -10.447998 2.455444 -0.961304 0.946000 -5.906000 3.747000 29.550000
0.106934 -0.261719 -0.958496 0.122070 0.000000 0.000000 -10.453491 2.455444 -0.961304 0.960000 -5.886000 3.739000 29.540000
0.106934 -0.261719 -0.958984 0.000000 0.000000 0.000000 -10.453491 2.460938 -0.961304 0.941000 -5.915000 3.746000 29.590000
0.106934 -0.260742 -0.958984 -0.122070 0.000000 0.000000 -10.453491 2.466431 -0.961304 0.947000 -5.892000 3.747000 29.570000
0.107422 -0.261719 -0.958008 -0.122070 0.000000 0.000000 -10.458984 2.466431 -0.961304 0.959000 -5.907000 3.745000 29.530000
0.106934 -0.262207 -0.958496 -0.305176 0.000000 0.000000 -10.458984 2.466431 -0.961304 0.960000 -5.916000 3.729000 29.540000
0.106934 -0.262207 -0.958496 -0.244141 0.000000 0.000000 -10.458984 2.466431 -0.961304 0.956000 -5.891000 3.745000 29.560000
0.106934 -0.263184 -0.958496 0.122070 0.000000 0.000000 -10.458984 2.466431 -0.961304 0.964000 -5.910000 3.735000 29.590000
0.106445 -0.260742 -0.957520 0.183105 0.000000 0.000000 -10.458984 2.466431 -0.961304 0.953000 -5.897000 3.738000 29.610000
0.106445 -0.261719 -0.957520 0.061035 0.000000 0.000000 -10.458984 2.466431 -0.961304 0.951000 -5.894000 3.726000 29.590000
0.106934 -0.261719 -0.957520 0.000000 0.000000 0.000000 -10.458984 2.471924 -0.961304 0.961000 -5.911000 3.738000 29.590000
0.106445 -0.261230 -0.957520 0.061035 0.000000 0.000000 -10.464478 2.471924 -0.961304 0.964000 -5.898000 3.726000 29.580000
0.106934 -0.261230 -0.958496 0.061035 0.000000 0.000000 -10.469971 2.477417 -0.961304 0.961000 -5.901000 3.726000 29.600000
0.106445 -0.260254 -0.958008 0.122070 0.000000 0.000000 -10.475464 2.477417 -0.961304 0.961000 -5.882000 3.737000 29.580000
0.106445 -0.261230 -0.958984 0.000000 0.000000 0.000000 -10.475464 2.482910 -0.961304 0.954000 -5.912000 3.745000 29.620000
0.106934 -0.260254 -0.958008 0.000000 0.000000 0.000000 -10.475464 2.482910 -0.961304 0.949000 -5.895000 3.739000 29.630000
0.106934 -0.259766 -0.958984 0.488281 0.000000 0.000000 -10.480957 2.482910 -0.961304 0.952000 -5.910000 3.732000 29.640000
0.106934 -0.261719 -0.958496 0.610352 0.122070 0.000000 -10.469971 2.488403 -0.961304 0.954000 -5.906000 3.748000 29.650000
0.107910 -0.262695 -0.958008 0.183105 0.000000 0.000000 -10.464478 2.482910 -0.961304 0.956000 -5.906000 3.747000 29.620000
0.107910 -0.262207 -0.957520 -0.183105 0.000000 0.000000 -10.458984 2.482910 -0.961304 0.941000 -5.829000 3.731000 29.610000
0.108398 -0.263184 -0.959473 0.244141 0.000000 0.000000 -10.458984 2.482910 -0.961304 0.956000 -5.854000 3.760000 29.610000
0.107910 -0.261230 -0.957520 0.915527 0.122070 0.000000 -10.464478 2.477417 -0.961304 0.980000 -5.863000 3.788000 29.630000
0.107422 -0.263672 -0.957520 1.525879 0.183105 0.122070 -10.447998 2.477417 -0.966797 0.999000 -5.835000 3.799000 29.620000
-0.026855 -0.268066 -0.972168 0.488281 0.061035 0.000000 -10.453491 2.471924 -0.961304 0.987000 -5.854000 3.797000 29.650000
0.114746 -0.229492 -0.957520 80.322266 -0.671387 -40.954590 -7.855225 2.076416 0.939331 0.909000 -5.941000 3.881000 29.650000
0.123047 -0.216797 -0.933105 32.165527 2.075195 6.286621 -8.827515 2.109375 1.192017 0.881000 -6.021000 3.889000 29.650000
0.090332 -0.214355 -0.971680 50.048828 13.549805 3.417969 -9.212036 2.373047 1.060181 0.905000 -6.164000 3.897000 29.650000
0.107910 -0.235352 -0.956055 -34.179688 -3.417969 -4.943848 -7.728882 2.015991 3.455200 1.596000 -7.715000 4.603000 29.670000
0.108887 -0.270020 -0.949707 23.925781 2.502441 4.150391 -8.009033 2.087402 3.537598 1.695000 -7.854000 4.569000 29.660000
0.115723 -0.349121 -0.931152 10.742188 1.586914 2.624512 -7.366333 2.103882 3.389282 1.715000 -7.903000 4.624000 29.660000
0.113770 -0.336426 -0.938477 -21.179199 -1.831055 -3.601074 -6.948853 2.103882 3.180542 1.739000 -7.909000 4.697000 29.680000
0.117676 -0.303223 -0.943848 -3.356934 -0.488281 0.244141 -7.020264 2.103882 3.147583 1.756000 -7.899000 4.782000 29.690000
0.112793 -0.314453 -0.943359 -9.033203 -1.098633 -2.563477 -7.646484 2.114868 3.405762 1.723000 -7.937000 4.528000 29.680000
0.110840 -0.299805 -0.946289 2.075195 0.244141 0.366211 -7.816772 2.147827 3.405762 1.723000 -7.919000 4.429000 29.670000
0.111328 -0.305176 -0.945312 0.427246 0.000000 0.122070 -7.877197 2.147827 3.422241 1.732000 -7.901000 4.417000 29.690000
0.107910 -0.304688 -0.946777 -1.037598 -0.061035 -0.244141 -7.866211 2.147827 3.427734 1.740000 -7.892000 4.423000 29.700000
0.111816 -0.308594 -0.944824 3.601074 0.427246 0.732422 -7.827759 2.169800 3.383789 1.720000 -7.917000 4.409000 29.670000
0.129395 -0.289551 -0.945312 4.455566 0.244141 0.915527 -7.866211 2.164307 3.427734 1.724000 -7.882000 4.423000 29.670000
0.122070 -0.280273 -0.950684 -4.150391 0.122070 2.258301 -7.827759 2.169800 3.416748 1.727000 -7.883000 4.415000 29.700000
0.111816 -0.341797 -0.936523 11.901855 1.464844 2.624512 -7.860718 2.197266 3.317871 1.756000 -7.908000 4.401000 29.730000
0.111328 -0.290039 -0.946289 -1.037598 0.061035 -0.854492 -7.360840 2.186279 2.850952 1.470000 -7.971000 4.530000 29.690000
0.110840 -0.304688 -0.943848 0.610352 0.183105 0.000000 -7.619019 2.164307 3.010254 1.454000 -8.008000 4.480000 29.710000
0.112305 -0.308594 -0.943848 0.000000 0.122070 0.183105 -7.580566 2.186279 2.988281 1.378000 -7.992000 4.383000 29.710000
0.110352 -0.311523 -0.943848 0.244141 0.000000 0.244141 -7.525635 2.202759 2.933350 1.587000 -7.997000 4.438000 29.700000
0.110840 -0.311523 -0.943359 -0.427246 0.183105 -0.122070 -7.520142 2.197266 2.927856 1.453000 -8.002000 4.419000 29.710000
0.111328 -0.311523 -0.942871 -0.061035 0.000000 -0.061035 -7.514648 2.202759 2.916870 1.493000 -8.017000 4.439000 29.740000
0.111328 -0.311035 -0.942871 0.244141 0.061035 0.000000 -7.509155 2.208252 2.905884 1.508000 -7.971000 4.373000 29.730000
0.110840 -0.309082 -0.942871 -0.427246 -0.061035 0.122070 -7.509155 2.208252 2.911377 1.359000 -8.005000 4.538000 29.700000
0.110352 -0.311035 -0.943359 0.427246 0.000000 0.000000 -7.514648 2.208252 2.911377 1.497000 -8.006000 4.472000 29.730000
0.111328 -0.310547 -0.942871 0.000000 0.000000 0.122070 -7.498169 2.213745 2.911377 1.368000 -8.022000 4.663000 29.730000
0.109863 -0.312988 -0.942871 0.305176 0.000000 0.000000 -7.487183 2.213745 2.911377 1.305000 -7.999000 4.547000 29.710000
0.111328 -0.311523 -0.942383 -0.854492 0.000000 -0.122070 -7.465210 2.219238 2.905884 1.361000 -8.010000 4.459000 29.730000
0.110352 -0.313477 -0.942871 0.000000 0.183105 -0.671387 -7.487183 2.208252 2.938843 1.335000 -8.004000 4.417000 29.730000
0.111328 -0.312500 -0.942383 -0.366211 -0.061035 -0.427246 -7.509155 2.197266 2.988281 1.322000 -8.012000 4.374000 29.760000
0.111328 -0.310547 -0.943848 -0.061035 0.000000 -0.305176 -7.547607 2.191772 3.026733 1.465000 -8.024000 4.447000 29.740000
0.111328 -0.310547 -0.943848 -0.427246 0.061035 0.000000 -7.525635 2.197266 3.010254 1.700000 -8.022000 4.482000 29.770000
0.110840 -0.308105 -0.943848 0.122070 -0.061035 1.403809 -7.531128 2.202759 2.960815 1.424000 -8.008000 4.500000 29.740000
0.111816 -0.310547 -0.942871 0.183105 0.305176 -0.122070 -7.525635 2.202759 2.955322 1.380000 -8.014000 4.423000 29.750000
0.111328 -0.309082 -0.942871 0.000000 -0.061035 0.061035 -7.520142 2.213745 2.949829 1.327000 -8.018000 4.377000 29.750000
0.111816 -0.311035 -0.942871 0.000000 0.000000 -0.061035 -7.520142 2.219238 2.955322 1.434000 -8.022000 4.422000 29.760000
0.110352 -0.311035 -0.943359 -0.061035 0.061035 -0.061035 -7.520142 2.219238 2.960815 1.386000 -8.009000 4.474000 29.770000
0.112793 -0.309570 -0.942383 0.061035 0.000000 0.000000 -7.525635 2.219238 2.966309 1.315000 -8.010000 4.479000 29.730000
0.110840 -0.310059 -0.942871 -0.122070 0.366211 -0.244141 -7.531128 2.202759 2.971802 1.311000 -8.003000 4.463000 29.750000
0.111328 -0.312500 -0.943359 -0.244141 0.061035 -0.244141 -7.520142 2.213745 2.971802 1.340000 -8.014000 4.508000 29.710000
0.110840 -0.312500 -0.943359 0.061035 -0.061035 -0.122070 -7.525635 2.219238 2.982788 1.356000 -8.004000 4.383000 29.770000
0.110840 -0.312012 -0.943359 0.305176 0.061035 -0.244141 -7.531128 2.219238 3.004761 1.510000 -8.006000 4.416000 29.800000
0.111328 -0.310059 -0.943848 -0.427246 0.427246 -0.427246 -7.514648 2.219238 3.004761 1.325000 -8.011000 4.412000 29.760000
0.111328 -0.311523 -0.943359 -0.244141 0.000000 -0.122070 -7.503662 2.224731 2.999268 1.307000 -8.008000 4.525000 29.800000
0.110840 -0.311035 -0.942383 0.427246 0.000000 -0.122070 -7.498169 2.202759 3.021240 1.392000 -8.019000 4.606000 29.790000
0.112793 -0.306641 -0.943359 -0.793457 -0.061035 0.000000 -7.492676 2.219238 3.021240 1.375000 -8.023000 4.474000 29.790000
0.111816 -0.310059 -0.943848 0.305176 0.061035 0.183105 -7.569580 2.197266 3.109131 1.519000 -8.016000 4.441000 29.800000
0.111328 -0.311035 -0.942383 -1.098633 0.000000 -0.549316 -7.575073 2.197266 3.120117 1.652000 -8.000000 4.410000 29.790000
0.111328 -0.311523 -0.942871 0.427246 0.000000 -0.549316 -7.509155 2.224731 3.037720 1.399000 -7.999000 4.639000 29.810000
0.112305 -0.312012 -0.942383 0.549316 0.122070 -0.671387 -7.558594 2.219238 3.103638 1.403000 -8.010000 4.599000 29.770000
0.110840 -0.316895 -0.942383 0.061035 0.000000 -0.122070 -7.602539 2.208252 3.147583 1.374000 -7.997000 4.435000 29.780000
0.113281 -0.303711 -0.942871 -2.136230 0.183105 -0.976562 -7.575073 2.224731 3.048706 1.382000 -8.020000 4.378000 29.770000
0.110840 -0.304199 -0.943848 2.075195 -0.122070 3.845215 -7.586060 2.230225 3.076172 1.577000 -8.002000 4.392000 29.810000
0.111328 -0.310059 -0.943848 -1.281738 0.122070 -0.427246 -7.630005 2.202759 3.142090 1.585000 -8.016000 4.384000 29.840000
0.110352 -0.311035 -0.942871 -0.183105 0.000000 -0.061035 -7.597046 2.213745 3.114624 1.395000 -7.988000 4.375000 29.810000
0.111328 -0.310547 -0.943359 -0.366211 0.122070 -0.061035 -7.597046 2.213745 3.114624 1.322000 -7.999000 4.403000 29.810000
0.110352 -0.311035 -0.943848 -0.183105 -0.122070 0.061035 -7.597046 2.219238 3.103638 1.359000 -7.976000 4.390000 29.840000
0.110840 -0.310059 -0.943359 0.061035 -0.122070 0.061035 -7.591553 2.230225 3.092651 1.339000 -8.007000 4.388000 29.880000
0.111816 -0.312012 -0.942383 -0.305176 0.000000 -0.061035 -7.597046 2.230225 3.114624 1.355000 -8.024000 4.385000 29.840000
0.111816 -0.311523 -0.943848 0.000000 0.061035 -0.061035 -7.602539 2.230225 3.125610 1.348000 -8.010000 4.397000 29.850000
0.110840 -0.309570 -0.943848 -0.183105 -0.122070 0.000000 -7.597046 2.235718 3.125610 1.308000 -8.012000 4.404000 29.840000
0.110840 -0.310059 -0.943359 -0.366211 0.000000 -0.427246 -7.602539 2.235718 3.136597 1.372000 -8.007000 4.387000 29.860000
0.111328 -0.310059 -0.944336 -0.061035 0.000000 0.000000 -7.608032 2.224731 3.169556 1.362000 -7.982000 4.386000 29.860000
0.111328 -0.308594 -0.943359 -0.061035 0.000000 0.000000 -7.608032 2.219238 3.191528 1.518000 -8.009000 4.383000 29.810000
0.111328 -0.311523 -0.943359 -0.061035 0.000000 -0.183105 -7.591553 2.224731 3.169556 1.344000 -7.991000 4.386000 29.850000
0.111328 -0.310547 -0.943359 -0.183105 0.000000 0.061035 -7.586060 2.224731 3.169556 1.520000 -7.997000 4.383000 29.910000
0.110840 -0.309570 -0.943359 0.061035 0.000000 0.061035 -7.580566 2.230225 3.164062 1.397000 -7.993000 4.375000 29.860000
0.111328 -0.310059 -0.942871 0.000000 0.000000 -0.061035 -7.575073 2.230225 3.158569 1.313000 -7.995000 4.426000 29.860000
0.110840 -0.311035 -0.943359 -0.061035 0.000000 0.000000 -7.575073 2.230225 3.158569 1.473000 -7.982000 4.386000 29.860000
0.110840 -0.310547 -0.943359 0.000000 0.000000 0.000000 -7.569580 2.235718 3.164062 1.323000 -7.965000 4.388000 29.860000
0.110840 -0.310059 -0.943359 -0.122070 0.000000 0.000000 -7.569580 2.235718 3.164062 1.300000 -7.972000 4.382000 29.860000
0.110352 -0.310059 -0.943359 -0.061035 0.000000 0.000000 -7.564087 2.235718 3.164062 1.320000 -8.011000 4.384000 29.910000
0.110840 -0.310547 -0.942871 0.000000 0.061035 0.000000 -7.564087 2.241211 3.164062 1.304000 -7.991000 4.378000 29.920000
0.111328 -0.310059 -0.943359 -0.183105 0.000000 0.000000 -7.558594 2.241211 3.164062 1.355000 -8.006000 4.385000 29.900000
0.111816 -0.310059 -0.943848 -0.244141 0.000000 0.000000 -7.558594 2.241211 3.164062 1.412000 -7.999000 4.390000 29.880000
0.110840 -0.310059 -0.943359 -0.122070 0.000000 0.000000 -7.558594 2.241211 3.164062 1.424000 -8.004000 4.394000 29.910000
0.110840 -0.310547 -0.943848 0.000000 0.000000 0.000000 -7.558594 2.246704 3.164062 1.321000 -8.013000 4.386000 29.880000
0.110840 -0.311035 -0.943359 0.000000 0.000000 0.000000 -7.558594 2.246704 3.164062 1.300000 -8.001000 4.391000 29.890000
0.110840 -0.310547 -0.943359 -0.061035 0.000000 0.000000 -7.558594 2.246704 3.164062 1.310000 -8.006000 4.382000 29.920000
0.111328 -0.311035 -0.943848 0.122070 0.000000 0.000000 -7.553101 2.246704 3.164062 1.327000 -8.001000 4.390000 29.910000
0.110840 -0.311035 -0.943848 -0.061035 0.000000 0.000000 -7.558594 2.246704 3.164062 1.300000 -7.987000 4.448000 29.900000
0.110840 -0.310547 -0.943848 0.000000 0.000000 0.000000 -7.558594 2.246704 3.164062 1.399000 -7.987000 4.391000 29.920000
0.110840 -0.311523 -0.942871 0.000000 0.000000 0.000000 -7.558594 2.252197 3.164062 1.364000 -8.011000 4.379000 29.900000
0.111328 -0.310547 -0.943359 0.000000 0.061035 0.000000 -7.553101 2.252197 3.164062 1.329000 -7.997000 4.377000 29.950000
0.110840 -0.311035 -0.943359 -0.305176 0.000000 0.000000 -7.558594 2.252197 3.164062 1.482000 -8.010000 4.433000 29.910000
0.110840 -0.313965 -0.943848 0.000000 0.000000 0.000000 -7.558594 2.252197 3.164062 1.357000 -8.005000 4.388000 29.920000
0.111328 -0.314453 -0.944336 0.000000 0.000000 0.000000 -7.553101 2.252197 3.164062 1.309000 -8.005000 4.387000 29.950000
0.110840 -0.313965 -0.943848 0.000000 0.000000 0.000000 -7.536621 2.252197 3.164062 1.337000 -7.990000 4.394000 29.920000
0.111816 -0.313477 -0.943359 0.000000 0.000000 0.000000 -7.525635 2.257690 3.164062 1.370000 -7.981000 4.378000 29.940000
0.110352 -0.314453 -0.943848 0.000000 0.000000 0.000000 -7.509155 2.263184 3.153076 1.452000 -8.011000 4.383000 29.960000
0.110840 -0.313965 -0.943359 -0.061035 0.061035 0.000000 -7.498169 2.263184 3.153076 1.338000 -8.009000 4.377000 29.960000
0.110352 -0.313965 -0.943848 0.000000 0.000000 -0.061035 -7.492676 2.263184 3.153076 1.331000 -7.980000 4.387000 29.980000
0.110840 -0.313477 -0.943848 0.122070 0.000000 0.000000 -7.487183 2.268677 3.153076 1.305000 -8.009000 4.377000 29.930000
0.110352 -0.315430 -0.943359 -0.244141 0.000000 0.000000 -7.481689 2.268677 3.158569 1.356000 -8.001000 4.384000 30.000000
0.110840 -0.313965 -0.943848 -0.061035 0.000000 0.000000 -7.476196 2.263184 3.158569 1.472000 -7.977000 4.393000 29.960000
0.110840 -0.314453 -0.944336 0.000000 0.000000 0.000000 -7.448730 2.263184 3.153076 1.304000 -8.012000 4.385000 29.990000
0.111328 -0.313965 -0.943359 0.000000 0.000000 0.000000 -7.437744 2.263184 3.153076 1.342000 -7.992000 4.382000 29.980000
0.111328 -0.314453 -0.943848 0.000000 0.000000 0.000000 -7.426758 2.263184 3.153076 1.333000 -7.983000 4.380000 30.000000
0.110352 -0.313965 -0.943848 -0.122070 0.000000 0.000000 -7.421265 2.263184 3.153076 1.463000 -7.981000 4.384000 29.990000
0.110352 -0.313965 -0.943848 0.000000 0.000000 0.000000 -7.415771 2.263184 3.153076 1.316000 -7.985000 4.379000 29.960000
0.110840 -0.314941 -0.943848 -0.061035 0.000000 0.000000 -7.404785 2.257690 3.153076 1.349000 -7.991000 4.381000 30.000000
0.110840 -0.313477 -0.942871 0.000000 0.000000 0.000000 -7.399292 2.263184 3.153076 1.307000 -8.005000 4.383000 29.960000
0.111328 -0.314453 -0.943848 0.000000 0.000000 0.000000 -7.393799 2.263184 3.153076 1.400000 -8.007000 4.386000 30.000000
0.110840 -0.314941 -0.943359 0.000000 0.000000 0.000000 -7.388306 2.263184 3.153076 1.382000 -8.002000 4.380000 29.970000
0.111328 -0.313965 -0.944336 0.000000 0.000000 0.000000 -7.388306 2.263184 3.153076 1.346000 -7.999000 4.386000 30.000000
0.110840 -0.312500 -0.943848 0.000000 0.000000 0.000000 -7.377319 2.263184 3.153076 1.486000 -7.982000 4.430000 30.000000
0.110352 -0.312988 -0.942383 0.000000 0.000000 0.000000 -7.377319 2.268677 3.153076 1.355000 -8.006000 4.389000 30.000000
0.110840 -0.313965 -0.943848 -0.122070 0.122070 0.000000 -7.377319 2.263184 3.153076 1.402000 -8.022000 4.394000 30.030000
0.111328 -0.314453 -0.943848 0.000000 0.000000 0.000000 -7.377319 2.263184 3.147583 1.398000 -8.021000 4.381000 29.970000
0.111328 -0.313477 -0.944336 0.000000 0.061035 -0.610352 -7.377319 2.252197 3.175049 1.435000 -8.001000 4.379000 30.030000
0.111328 -0.314941 -0.943848 0.000000 0.000000 0.122070 -7.366333 2.252197 3.164062 1.542000 -8.005000 4.380000 30.000000
0.111328 -0.313965 -0.943359 0.000000 0.000000 0.061035 -7.355347 2.252197 3.153076 1.421000 -8.023000 4.388000 30.070000
0.111328 -0.315430 -0.943359 0.000000 0.000000 0.000000 -7.355347 2.252197 3.153076 1.404000 -7.995000 4.379000 30.020000
0.111328 -0.314453 -0.943848 0.244141 0.000000 0.305176 -7.338867 2.257690 3.142090 1.379000 -7.994000 4.388000 30.070000
0.111328 -0.314453 -0.942871 0.061035 0.000000 0.244141 -7.333374 2.257690 3.125610 1.447000 -8.021000 4.379000 30.030000
0.111328 -0.313477 -0.943848 0.000000 0.000000 0.000000 -7.322388 2.263184 3.120117 1.305000 -8.016000 4.380000 30.070000
0.110840 -0.314453 -0.943359 0.122070 0.000000 0.000000 -7.322388 2.263184 3.114624 1.339000 -8.021000 4.373000 30.030000
0.111328 -0.314453 -0.944336 0.000000 0.000000 0.000000 -7.322388 2.263184 3.114624 1.309000 -7.999000 4.378000 30.060000
0.110840 -0.314453 -0.943848 -0.061035 0.000000 0.000000 -7.322388 2.263184 3.114624 1.386000 -8.002000 4.384000 30.070000
0.111328 -0.314453 -0.943359 0.000000 0.000000 0.000000 -7.316895 2.263184 3.114624 1.321000 -8.025000 4.380000 30.070000
0.111328 -0.314453 -0.943848 -0.183105 0.000000 0.000000 -7.316895 2.263184 3.114624 1.311000 -8.006000 4.379000 30.070000
0.111328 -0.313965 -0.943359 0.000000 0.000000 0.000000 -7.322388 2.257690 3.114624 1.377000 -7.988000 4.384000 30.110000
0.111328 -0.313965 -0.943359 0.000000 0.000000 0.000000 -7.316895 2.263184 3.114624 1.329000 -8.004000 4.384000 30.070000
0.110840 -0.314453 -0.943848 0.000000 0.000000 0.000000 -7.316895 2.263184 3.114624 1.387000 -7.979000 4.378000 30.090000
0.110840 -0.313477 -0.943848 0.305176 0.000000 0.000000 -7.311401 2.263184 3.114624 1.320000 -8.002000 4.378000 30.070000
0.110352 -0.314453 -0.943848 -0.061035 -0.061035 0.000000 -7.305908 2.268677 3.114624 1.305000 -8.006000 4.378000 30.090000
0.111328 -0.313965 -0.943359 0.000000 0.000000 0.000000 -7.300415 2.268677 3.114624 1.336000 -7.992000 4.377000 30.050000
0.110352 -0.314941 -0.943359 0.122070 0.000000 0.000000 -7.311401 2.274170 3.114624 1.418000 -7.990000 4.390000 30.120000
0.111816 -0.314941 -0.943359 -0.061035 0.000000 0.000000 -7.305908 2.274170 3.114624 1.338000 -8.010000 4.391000 30.090000
0.110352 -0.312500 -0.944336 -0.122070 0.061035 -0.061035 -7.305908 2.274170 3.114624 1.390000 -8.006000 4.386000 30.090000
0.111328 -0.313965 -0.943848 0.183105 0.061035 -0.061035 -7.311401 2.268677 3.136597 1.378000 -7.998000 4.386000 30.110000
0.110840 -0.314453 -0.943359 -0.061035 -0.061035 0.000000 -7.311401 2.263184 3.136597 1.315000 -8.002000 4.383000 30.060000
0.112305 -0.315430 -0.943359 -0.061035 0.000000 -0.183105 -7.316895 2.263184 3.142090 1.301000 -8.001000 4.387000 30.100000
0.111328 -0.314941 -0.942871 0.061035 0.000000 0.000000 -7.316895 2.257690 3.147583 1.416000 -7.991000 4.388000 30.120000
0.111328 -0.313477 -0.943848 -0.183105 0.000000 0.000000 -7.316895 2.257690 3.147583 1.379000 -7.999000 4.391000 30.110000
0.111816 -0.314453 -0.942871 -0.427246 -0.061035 0.000000 -7.333374 2.257690 3.147583 1.306000 -7.999000 4.390000 30.110000
0.111816 -0.315918 -0.943848 0.183105 0.000000 0.000000 -7.327881 2.257690 3.153076 1.457000 -7.966000 4.397000 30.110000
0.111328 -0.313965 -0.942871 0.061035 -0.061035 0.000000 -7.333374 2.257690 3.158569 1.347000 -7.980000 4.396000 30.100000
0.111328 -0.313477 -0.944336 0.000000 -0.061035 0.000000 -7.333374 2.257690 3.158569 1.387000 -7.968000 4.393000 30.110000
0.111328 -0.313965 -0.943848 0.061035 0.000000 0.000000 -7.327881 2.257690 3.158569 1.349000 -7.972000 4.391000 30.140000
0.112305 -0.314453 -0.942871 0.244141 -0.305176 0.244141 -7.327881 2.268677 3.147583 1.398000 -7.978000 4.382000 30.140000
0.112305 -0.310547 -0.939941 1.037598 -0.122070 0.061035 -7.316895 2.285156 3.136597 1.299000 -7.981000 4.395000 30.140000
0.111328 -0.316406 -0.941895 0.488281 0.183105 -0.671387 -7.305908 2.290649 3.136597 1.308000 -7.984000 4.383000 30.130000
0.110840 -0.315430 -0.942871 -0.061035 -0.061035 -0.244141 -7.327881 2.274170 3.186035 1.438000 -7.989000 4.397000 30.140000
0.111816 -0.313477 -0.943359 -0.183105 -0.061035 0.000000 -7.349854 2.257690 3.235474 1.352000 -7.974000 4.384000 30.160000
0.112305 -0.313965 -0.942871 -0.061035 -0.061035 0.000000 -7.360840 2.252197 3.246460 1.372000 -7.984000 4.385000 30.140000
0.112305 -0.314453 -0.943359 0.000000 -0.061035 0.000000 -7.360840 2.263184 3.257446 1.354000 -7.990000 4.399000 30.140000
0.111816 -0.313477 -0.943359 -0.244141 0.000000 0.000000 -7.360840 2.263184 3.251953 1.516000 -7.958000 4.407000 30.100000
0.111328 -0.313965 -0.944336 0.183105 -0.061035 0.000000 -7.355347 2.263184 3.257446 1.346000 -8.004000 4.391000 30.140000
0.111328 -0.314941 -0.943848 0.000000 -0.244141 0.549316 -7.338867 2.285156 3.229980 1.399000 -7.998000 4.390000 30.140000
0.110840 -0.314453 -0.942871 -0.366211 0.000000 -0.244141 -7.322388 2.301636 3.208008 1.460000 -8.004000 4.379000 30.150000
0.109863 -0.314941 -0.944336 -0.061035 -0.061035 -0.061035 -7.333374 2.307129 3.202515 1.333000 -8.020000 4.378000 30.140000
0.110840 -0.314453 -0.943848 0.122070 0.000000 0.000000 -7.327881 2.307129 3.208008 1.302000 -8.026000 4.375000 30.140000
0.110352 -0.313965 -0.943848 0.000000 -0.061035 0.000000 -7.327881 2.307129 3.208008 1.295000 -8.021000 4.382000 30.160000
0.109375 -0.313965 -0.943848 0.000000 0.000000 -0.122070 -7.322388 2.301636 3.218994 1.345000 -8.013000 4.405000 30.150000
0.109863 -0.315430 -0.943848 0.000000 0.000000 -0.122070 -7.322388 2.301636 3.218994 1.321000 -8.019000 4.379000 30.140000
0.111328 -0.314453 -0.943359 -0.244141 0.000000 0.000000 -7.316895 2.301636 3.218994 1.374000 -8.019000 4.369000 30.180000
0.111816 -0.315430 -0.943359 0.000000 0.000000 0.000000 -7.322388 2.301636 3.218994 1.510000 -8.001000 4.392000 30.180000
0.112305 -0.313965 -0.944336 0.000000 0.000000 0.000000 -7.322388 2.296143 3.224487 1.376000 -8.013000 4.383000 30.210000
0.111328 -0.314453 -0.943848 0.000000 0.000000 0.000000 -7.322388 2.296143 3.224487 1.342000 -8.050000 4.422000 30.180000
0.111328 -0.314453 -0.942871 0.000000 0.000000 0.000000 -7.322388 2.296143 3.224487 1.361000 -7.985000 4.385000 30.190000
0.110840 -0.314941 -0.943848 0.000000 -0.061035 0.000000 -7.322388 2.296143 3.224487 1.479000 -8.005000 4.429000 30.160000
0.110352 -0.314941 -0.944336 0.000000 -0.122070 0.000000 -7.322388 2.296143 3.224487 1.313000 -8.008000 4.419000 30.160000
0.110352 -0.313965 -0.943848 0.000000 -0.061035 0.000000 -7.327881 2.301636 3.224487 1.442000 -8.009000 4.378000 30.160000
0.110352 -0.312988 -0.943359 0.061035 0.000000 0.000000 -7.327881 2.301636 3.224487 1.402000 -8.012000 4.390000 30.170000
0.110840 -0.314941 -0.943359 -0.061035 -0.061035 0.000000 -7.327881 2.301636 3.224487 1.390000 -8.034000 4.376000 30.180000
0.110840 -0.314941 -0.943359 0.000000 0.000000 0.000000 -7.327881 2.307129 3.224487 1.387000 -8.025000 4.375000 30.200000
0.110840 -0.313965 -0.943359 0.000000 0.000000 0.000000 -7.327881 2.301636 3.224487 1.386000 -8.019000 4.377000 30.210000
0.111328 -0.314453 -0.944336 0.000000 0.000000 0.000000 -7.327881 2.296143 3.224487 1.584000 -8.018000 4.453000 30.190000
0.110840 -0.313965 -0.943848 0.000000 0.000000 0.000000 -7.327881 2.296143 3.224487 1.344000 -8.002000 4.427000 30.190000
0.111328 -0.314941 -0.942383 0.000000 0.000000 0.000000 -7.327881 2.296143 3.224487 1.426000 -7.992000 4.500000 30.190000
0.111328 -0.314941 -0.942383 0.000000 0.000000 0.000000 -7.322388 2.290649 3.224487 1.329000 -8.019000 4.393000 30.220000
0.110352 -0.314453 -0.943359 0.000000 0.000000 0.000000 -7.316895 2.290649 3.224487 1.523000 -7.997000 4.381000 30.210000
0.110352 -0.314941 -0.943359 0.000000 0.000000 0.000000 -7.316895 2.285156 3.224487 1.366000 -8.013000 4.383000 30.210000
0.110840 -0.313477 -0.943359 0.000000 0.000000 0.000000 -7.316895 2.285156 3.224487 1.304000 -8.021000 4.377000 30.210000
0.110840 -0.313965 -0.942871 0.000000 0.000000 0.000000 -7.316895 2.290649 3.224487 1.370000 -8.014000 4.452000 30.220000
0.110840 -0.314453 -0.943848 0.000000 0.000000 0.000000 -7.316895 2.290649 3.224487 1.313000 -8.012000 4.395000 30.220000
0.110840 -0.313477 -0.943359 0.000000 0.000000 0.000000 -7.316895 2.285156 3.224487 1.476000 -8.002000 4.411000 30.210000
0.110352 -0.313477 -0.944336 0.000000 0.000000 0.000000 -7.316895 2.285156 3.224487 1.320000 -8.007000 4.430000 30.220000
0.110352 -0.313477 -0.943359 0.000000 0.000000 0.000000 -7.316895 2.285156 3.224487 1.298000 -8.007000 4.390000 30.220000
0.111328 -0.314941 -0.943848 0.000000 0.000000 0.000000 -7.316895 2.285156 3.224487 1.350000 -8.014000 4.460000 30.190000
0.110840 -0.313965 -0.943848 0.000000 0.000000 0.000000 -7.316895 2.285156 3.224487 1.344000 -8.032000 4.400000 30.230000
0.110352 -0.314941 -0.943848 0.000000 0.000000 0.000000 -7.316895 2.285156 3.224487 1.310000 -8.000000 4.464000 30.220000
0.110352 -0.314453 -0.943359 0.000000 0.000000 0.000000 -7.316895 2.285156 3.224487 1.502000 -7.999000 4.434000 30.220000
0.111328 -0.315430 -0.943848 0.000000 0.000000 0.000000 -7.316895 2.285156 3.224487 1.456000 -8.026000 4.386000 30.220000
0.110840 -0.314941 -0.943359 0.000000 0.000000 0.000000 -7.316895 2.285156 3.224487 1.347000 -8.001000 4.467000 30.230000
0.110352 -0.313965 -0.943359 0.000000 0.000000 0.000000 -7.311401 2.285156 3.224487 1.303000 -8.007000 4.389000 30.190000
0.110352 -0.313965 -0.943848 0.000000 0.000000 0.000000 -7.311401 2.285156 3.224487 1.349000 -7.995000 4.374000 30.230000
0.109863 -0.314453 -0.943848 0.000000 0.000000 0.000000 -7.311401 2.290649 3.224487 1.491000 -8.003000 4.395000 30.220000
0.111328 -0.314453 -0.943359 0.000000 0.000000 0.000000 -7.311401 2.290649 3.224487 1.382000 -8.001000 4.507000 30.250000
0.110840 -0.316406 -0.943359 0.000000 0.000000 0.000000 -7.311401 2.290649 3.224487 1.390000 -8.008000 4.401000 30.260000
0.110352 -0.314453 -0.944336 0.000000 0.000000 0.000000 -7.311401 2.285156 3.224487 1.323000 -8.024000 4.372000 30.240000
0.111816 -0.314453 -0.943359 0.000000 0.000000 0.000000 -7.311401 2.285156 3.224487 1.341000 -8.018000 4.496000 30.260000
0.110840 -0.314941 -0.944336 0.000000 0.000000 0.000000 -7.311401 2.285156 3.224487 1.352000 -8.035000 4.374000 30.250000
0.110352 -0.313965 -0.943848 0.000000 0.000000 0.000000 -7.311401 2.285156 3.224487 1.399000 -8.016000 4.435000 30.240000
0.111328 -0.314941 -0.944336 0.000000 0.000000 0.000000 -7.311401 2.279663 3.224487 1.393000 -8.008000 4.379000 30.260000
0.110352 -0.313477 -0.943848 0.000000 0.000000 0.000000 -7.311401 2.279663 3.224487 1.444000 -8.024000 4.386000 30.260000
0.110840 -0.314941 -0.943848 0.000000 0.000000 0.000000 -7.311401 2.279663 3.224487 1.387000 -8.028000 4.591000 30.260000
0.110840 -0.313477 -0.943848 0.000000 0.000000 0.000000 -7.311401 2.279663 3.224487 1.352000 -8.000000 4.401000 30.230000
0.110840 -0.313965 -0.944336 0.000000 0.000000 0.000000 -7.311401 2.274170 3.224487 1.344000 -8.016000 4.448000 30.270000
0.110840 -0.315430 -0.943359 0.000000 0.000000 0.000000 -7.311401 2.274170 3.224487 1.387000 -8.005000 4.403000 30.260000
0.111328 -0.314453 -0.943848 0.000000 0.000000 0.000000 -7.311401 2.274170 3.224487 1.414000 -8.020000 4.526000 30.270000
0.111328 -0.314453 -0.942871 0.000000 0.000000 0.000000 -7.311401 2.274170 3.224487 1.331000 -8.011000 4.435000 30.260000
0.111328 -0.314453 -0.943848 0.000000 0.000000 0.000000 -7.311401 2.274170 3.224487 1.398000 -8.004000 4.388000 30.260000
0.111328 -0.314941 -0.943848 0.000000 0.000000 0.000000 -7.311401 2.274170 3.224487 1.443000 -8.005000 4.416000 30.260000
0.111816 -0.313965 -0.943848 0.000000 0.000000 0.000000 -7.305908 2.274170 3.224487 1.351000 -7.991000 4.383000 30.270000
0.110840 -0.314453 -0.943848 -0.061035 0.000000 0.000000 -7.305908 2.274170 3.224487 1.519000 -7.992000 4.373000 30.260000
0.110840 -0.314941 -0.943848 -0.061035 -0.061035 0.000000 -7.311401 2.274170 3.229980 1.457000 -8.012000 4.433000 30.280000
0.110840 -0.314941 -0.943848 0.000000 0.000000 0.000000 -7.311401 2.279663 3.229980 1.317000 -8.018000 4.399000 30.290000
0.110352 -0.313965 -0.943848 0.000000 0.000000 0.000000 -7.311401 2.279663 3.229980 1.391000 -8.013000 4.378000 30.250000
0.110840 -0.314941 -0.943359 0.000000 0.000000 0.000000 -7.311401 2.279663 3.229980 1.362000 -7.998000 4.396000 30.280000
0.109863 -0.314453 -0.944336 0.000000 0.000000 0.000000 -7.311401 2.285156 3.229980 1.458000 -8.006000 4.389000 30.290000
0.110352 -0.314941 -0.944336 0.000000 0.000000 0.000000 -7.311401 2.285156 3.229980 1.335000 -8.020000 4.384000 30.280000
0.110352 -0.313965 -0.943848 0.000000 0.000000 0.000000 -7.311401 2.285156 3.229980 1.442000 -7.990000 4.378000 30.290000
0.110352 -0.313477 -0.942871 -0.610352 -0.061035 0.000000 -7.311401 2.285156 3.229980 1.304000 -8.000000 4.376000 30.290000
0.111328 -0.315918 -0.942871 -0.122070 0.000000 0.000000 -7.305908 2.290649 3.229980 1.323000 -8.018000 4.451000 30.290000
0.109863 -0.314453 -0.943848 0.000000 0.000000 0.000000 -7.311401 2.290649 3.229980 1.299000 -8.006000 4.387000 30.300000
0.110840 -0.312500 -0.943848 0.000000 0.000000 0.000000 -7.311401 2.290649 3.229980 1.435000 -8.014000 4.406000 30.280000
0.110352 -0.313965 -0.944336 0.000000 0.000000 0.000000 -7.305908 2.290649 3.229980 1.348000 -8.004000 4.479000 30.280000
0.110840 -0.312988 -0.943359 0.000000 0.000000 0.000000 -7.311401 2.296143 3.229980 1.399000 -8.012000 4.441000 30.310000
0.110840 -0.313965 -0.943848 0.000000 0.000000 0.000000 -7.311401 2.296143 3.229980 1.309000 -8.016000 4.527000 30.320000
0.110352 -0.314453 -0.943359 0.000000 0.000000 0.000000 -7.316895 2.296143 3.229980 1.296000 -8.018000 4.418000 30.320000
0.110352 -0.314453 -0.943848 0.000000 0.000000 0.000000 -7.311401 2.296143 3.229980 1.456000 -8.013000 4.387000 30.310000
0.110352 -0.313965 -0.943359 0.000000 0.000000 0.000000 -7.316895 2.296143 3.229980 1.330000 -8.020000 4.390000 30.300000
0.110840 -0.314453 -0.944336 0.000000 0.000000 0.000000 -7.316895 2.296143 3.229980 1.450000 -8.011000 4.426000 30.290000
0.110352 -0.314453 -0.942871 0.000000 0.000000 0.000000 -7.316895 2.296143 3.229980 1.329000 -7.995000 4.379000 30.270000
0.109375 -0.313965 -0.943359 0.000000 0.000000 0.000000 -7.316895 2.296143 3.229980 1.467000 -8.034000 4.370000 30.300000
0.110840 -0.313965 -0.944336 0.000000 0.000000 0.000000 -7.316895 2.296143 3.229980 1.363000 -8.018000 4.397000 30.290000
0.110840 -0.314453 -0.942871 0.000000 0.000000 0.000000 -7.316895 2.296143 3.229980 1.539000 -7.998000 4.387000 30.330000
0.110840 -0.313965 -0.943359 0.000000 0.000000 0.000000 -7.316895 2.296143 3.229980 1.301000 -8.015000 4.467000 30.290000
0.110352 -0.314453 -0.943848 0.000000 0.000000 0.000000 -7.316895 2.296143 3.229980 1.307000 -7.984000 4.394000 30.330000
0.110352 -0.314453 -0.943359 0.000000 0.000000 0.000000 -7.316895 2.296143 3.229980 1.432000 -8.004000 4.379000 30.320000
0.109863 -0.312988 -0.943359 0.000000 0.000000 0.000000 -7.316895 2.296143 3.229980 1.325000 -8.006000 4.489000 30.330000
0.110840 -0.313965 -0.943848 0.000000 0.000000 0.000000 -7.316895 2.296143 3.229980 1.333000 -7.994000 4.389000 30.300000
0.110840 -0.314941 -0.943848 0.000000 0.000000 0.000000 -7.316895 2.301636 3.229980 1.333000 -8.018000 4.411000 30.330000
0.110352 -0.314453 -0.942871 0.000000 0.000000 0.000000 -7.316895 2.301636 3.229980 1.328000 -8.003000 4.385000 30.340000
0.110352 -0.314941 -0.943848 0.000000 0.000000 0.000000 -7.316895 2.301636 3.229980 1.302000 -8.023000 4.384000 30.330000
0.110840 -0.314941 -0.943848 0.000000 0.000000 0.000000 -7.316895 2.301636 3.229980 1.393000 -8.019000 4.370000 30.340000
0.110352 -0.314453 -0.943848 0.000000 0.000000 0.000000 -7.316895 2.301636 3.229980 1.343000 -8.018000 4.382000 30.350000
0.110352 -0.315430 -0.943848 0.000000 0.000000 0.000000 -7.316895 2.301636 3.229980 1.424000 -8.009000 4.380000 30.330000
0.109863 -0.314941 -0.943848 0.000000 0.000000 0.000000 -7.311401 2.301636 3.229980 1.352000 -8.012000 4.385000 30.290000
0.110840 -0.314941 -0.943848 0.000000 0.000000 0.000000 -7.311401 2.301636 3.229980 1.308000 -8.003000 4.387000 30.330000
0.110352 -0.315430 -0.943359 0.000000 0.000000 0.000000 -7.311401 2.301636 3.229980 1.323000 -8.005000 4.398000 30.340000
0.109863 -0.313477 -0.944336 0.000000 0.000000 0.000000 -7.311401 2.301636 3.229980 1.301000 -8.013000 4.380000 30.330000
0.110840 -0.315430 -0.944336 0.000000 0.000000 0.000000 -7.311401 2.301636 3.229980 1.351000 -7.994000 4.376000 30.330000
0.110352 -0.314941 -0.943848 0.000000 0.000000 0.000000 -7.311401 2.301636 3.229980 1.309000 -8.009000 4.451000 30.330000
0.110352 -0.313477 -0.943848 0.000000 0.000000 0.000000 -7.311401 2.301636 3.229980 1.320000 -8.013000 4.440000 30.360000
0.110840 -0.314941 -0.943359 0.000000 0.000000 0.000000 -7.311401 2.301636 3.229980 1.306000 -7.997000 4.593000 30.340000
0.111816 -0.314941 -0.943359 0.000000 0.000000 0.000000 -7.311401 2.301636 3.229980 1.390000 -8.020000 4.405000 30.370000
0.110840 -0.314941 -0.943359 0.000000 0.000000 0.000000 -7.311401 2.301636 3.229980 1.449000 -7.990000 4.374000 30.360000
0.110352 -0.314941 -0.943359 0.000000 0.000000 0.000000 -7.305908 2.296143 3.229980 1.382000 -8.026000 4.381000 30.380000
0.111816 -0.314941 -0.943359 0.000000 0.000000 0.000000 -7.305908 2.296143 3.229980 1.377000 -8.009000 4.430000 30.330000
0.111816 -0.314453 -0.942871 0.000000 0.000000 0.000000 -7.305908 2.296143 3.229980 1.361000 -8.033000 4.438000 30.360000
0.111328 -0.314453 -0.943848 0.000000 0.000000 0.000000 -7.305908 2.290649 3.229980 1.363000 -8.018000 4.386000 30.380000
0.110840 -0.314941 -0.944336 0.000000 0.000000 0.000000 -7.305908 2.290649 3.229980 1.306000 -8.033000 4.380000 30.370000
0.111328 -0.314941 -0.943848 0.000000 0.000000 0.000000 -7.305908 2.290649 3.229980 1.306000 -8.022000 4.372000 30.370000
0.111328 -0.314453 -0.943848 0.000000 0.000000 0.000000 -7.305908 2.290649 3.229980 1.299000 -8.013000 4.451000 30.350000
0.111328 -0.314941 -0.943848 0.000000 0.000000 0.000000 -7.305908 2.290649 3.229980 1.342000 -8.003000 4.483000 30.370000
0.110840 -0.313965 -0.943848 0.000000 0.000000 0.000000 -7.305908 2.285156 3.229980 1.310000 -8.011000 4.393000 30.370000
0.111328 -0.314941 -0.943848 0.000000 0.000000 0.000000 -7.305908 2.285156 3.229980 1.305000 -8.006000 4.386000 30.330000
0.111328 -0.314453 -0.943848 0.000000 0.000000 0.000000 -7.305908 2.285156 3.229980 1.348000 -8.000000 4.383000 30.370000
0.110840 -0.313477 -0.943848 0.000000 0.000000 0.000000 -7.305908 2.285156 3.229980 1.307000 -8.026000 4.380000 30.370000
0.110840 -0.314941 -0.943359 0.000000 0.000000 0.000000 -7.305908 2.285156 3.229980 1.307000 -8.009000 4.470000 30.370000
0.111328 -0.314941 -0.943359 0.000000 0.000000 0.000000 -7.305908 2.285156 3.229980 1.314000 -7.989000 4.402000 30.370000
0.111816 -0.315430 -0.943359 0.000000 0.000000 0.000000 -7.305908 2.285156 3.229980 1.435000 -8.001000 4.413000 30.370000
0.110840 -0.313965 -0.943359 0.000000 0.000000 0.000000 -7.305908 2.279663 3.229980 1.368000 -8.007000 4.377000 30.390000
0.111328 -0.313965 -0.944336 0.000000 0.000000 0.000000 -7.305908 2.279663 3.229980 1.386000 -8.008000 4.374000 30.390000
0.111328 -0.314453 -0.943359 0.000000 0.000000 0.000000 -7.305908 2.279663 3.229980 1.314000 -7.999000 4.371000 30.390000
0.111328 -0.314941 -0.943848 0.000000 0.000000 0.000000 -7.305908 2.279663 3.229980 1.368000 -8.031000 4.402000 30.360000
0.111328 -0.313965 -0.943848 0.000000 0.000000 0.000000 -7.305908 2.274170 3.229980 1.408000 -8.002000 4.426000 30.390000
0.111328 -0.314941 -0.943848 0.000000 0.000000 0.000000 -7.305908 2.274170 3.229980 1.325000 -8.000000 4.375000 30.390000
0.111328 -0.313965 -0.943359 0.000000 0.000000 0.000000 -7.305908 2.274170 3.229980 1.345000 -8.025000 4.459000 30.380000
0.111328 -0.314941 -0.944336 0.000000 0.000000 0.000000 -7.305908 2.274170 3.229980 1.305000 -8.003000 4.418000 30.370000
0.111328 -0.313965 -0.943848 0.000000 0.000000 0.000000 -7.305908 2.274170 3.229980 1.300000 -7.987000 4.382000 30.390000
0.110840 -0.314453 -0.943848 0.000000 0.000000 0.000000 -7.305908 2.268677 3.229980 1.312000 -8.004000 4.450000 30.410000
0.111328 -0.314941 -0.943848 0.000000 0.000000 0.000000 -7.305908 2.274170 3.229980 1.333000 -8.012000 4.462000 30.380000
0.110840 -0.314941 -0.943848 0.000000 0.000000 0.000000 -7.305908 2.274170 3.229980 1.449000 -7.999000 4.399000 30.370000
0.110840 -0.315430 -0.944336 0.000000 0.000000 0.000000 -7.305908 2.268677 3.229980 1.391000 -8.009000 4.377000 30.410000
0.110352 -0.315430 -0.943359 0.000000 0.000000 0.000000 -7.300415 2.274170 3.229980 1.368000 -7.992000 4.503000 30.400000
0.110840 -0.314453 -0.943848 0.000000 0.000000 0.000000 -7.300415 2.274170 3.229980 1.311000 -8.019000 4.410000 30.400000
