-0.024902 -0.997070 -0.011230 0.000000 0.000000 0.000000 -2.515869 0.186768 17.199097 0.034000 1.948000 4.199000 30.000000
-0.024902 -0.996582 -0.011230 0.000000 0.000000 0.000000 -2.515869 0.186768 17.199097 0.019000 1.971000 4.190000 30.000000
-0.024902 -0.997559 -0.011230 0.000000 0.000000 0.000000 -2.515869 0.186768 17.199097 0.024000 1.970000 4.195000 30.020000
-0.024902 -0.997070 -0.011230 0.000000 0.000000 0.000000 -2.515869 0.186768 17.199097 0.026000 1.967000 4.193000 30.010000
-0.025391 -0.998535 -0.011230 0.000000 0.000000 0.000000 -2.515869 0.186768 17.199097 0.026000 1.959000 4.186000 30.000000
-0.026367 -0.997070 -0.011230 0.000000 0.000000 0.000000 -2.515869 0.186768 17.199097 0.027000 1.966000 4.199000 30.000000
-0.024902 -0.997559 -0.010742 0.000000 0.000000 0.000000 -2.515869 0.186768 17.199097 0.026000 1.977000 4.204000 30.000000
-0.025391 -0.996582 -0.011719 0.000000 0.000000 0.000000 -2.515869 0.186768 17.199097 0.030000 1.974000 4.198000 30.040000
-0.024902 -0.997070 -0.010742 0.000000 0.000000 0.000000 -2.515869 0.186768 17.199097 0.034000 1.979000 4.206000 30.040000
-0.025879 -0.997559 -0.011230 0.000000 0.000000 0.000000 -2.515869 0.186768 17.199097 0.027000 1.979000 4.198000 30.030000
-0.025391 -0.996582 -0.011719 0.000000 0.000000 0.000000 -2.515869 0.186768 17.199097 0.047000 1.956000 4.204000 30.000000
-0.024902 -0.997070 -0.010742 0.000000 0.000000 0.000000 -2.515869 0.186768 17.199097 0.026000 1.952000 4.198000 30.020000
-0.024902 -0.997559 -0.011719 0.000000 0.000000 0.000000 -2.515869 0.186768 17.199097 0.032000 1.939000 4.202000 30.000000
-0.024902 -0.997070 -0.011230 0.000000 0.000000 0.000000 -2.515869 0.186768 17.199097 0.047000 1.977000 4.200000 30.000000
-0.024902 -0.997070 -0.011719 0.000000 0.000000 0.000000 -2.515869 0.186768 17.199097 0.029000 1.974000 4.192000 30.000000
-0.024414 -0.997070 -0.011719 0.000000 0.000000 0.000000 -2.515869 0.186768 17.199097 0.021000 1.962000 4.186000 30.000000
-0.025879 -0.996582 -0.011719 0.000000 0.000000 0.000000 -2.515869 0.186768 17.199097 0.029000 1.956000 4.192000 30.030000
-0.025391 -0.996582 -0.011230 0.000000 0.000000 0.000000 -2.515869 0.186768 17.199097 0.027000 1.958000 4.192000 30.010000
-0.024902 -0.997070 -0.011719 0.000000 0.000000 0.000000 -2.515869 0.186768 17.199097 0.027000 1.952000 4.191000 30.000000
-0.025391 -0.996582 -0.011719 0.000000 0.000000 0.000000 -2.515869 0.186768 17.199097 0.052000 1.969000 4.192000 30.000000
-0.024902 -0.997559 -0.010742 0.000000 0.000000 0.000000 -2.515869 0.186768 17.199097 0.094000 1.947000 4.185000 29.980000
-0.024902 -0.997559 -0.011230 0.000000 0.000000 0.000000 -2.515869 0.186768 17.199097 0.034000 1.950000 4.206000 30.000000
-0.025391 -0.996094 -0.011719 0.000000 0.000000 0.000000 -2.515869 0.186768 17.199097 0.030000 1.943000 4.198000 30.000000
-0.025391 -0.997559 -0.011719 0.000000 0.000000 0.000000 -2.515869 0.186768 17.199097 0.026000 1.925000 4.191000 30.000000
-0.024902 -0.997559 -0.012207 0.000000 0.000000 0.000000 -2.515869 0.186768 17.199097 0.055000 1.931000 4.201000 29.960000
-0.024902 -0.997070 -0.011719 0.000000 0.000000 0.000000 -2.515869 0.186768 17.199097 0.034000 1.956000 4.196000 30.000000
-0.024902 -0.996582 -0.010742 0.000000 0.000000 0.000000 -2.521362 0.186768 17.199097 0.024000 1.950000 4.186000 30.020000
-0.025391 -0.997559 -0.011230 0.000000 0.000000 0.000000 -2.521362 0.186768 17.199097 0.023000 1.961000 4.197000 30.000000
-0.024902 -0.996582 -0.011719 0.000000 0.000000 0.000000 -2.521362 0.186768 17.199097 0.028000 1.952000 4.193000 30.010000
-0.025391 -0.997070 -0.011719 0.000000 0.000000 0.000000 -2.521362 0.186768 17.199097 0.024000 1.931000 4.200000 29.960000
-0.024902 -0.997559 -0.012207 0.000000 0.000000 0.000000 -2.521362 0.186768 17.199097 0.031000 1.944000 4.204000 30.010000
-0.025391 -0.997070 -0.010742 0.000000 0.000000 0.000000 -2.521362 0.186768 17.199097 0.027000 1.951000 4.184000 29.960000
-0.025391 -0.996582 -0.011719 0.000000 0.000000 0.000000 -2.521362 0.186768 17.199097 0.028000 1.969000 4.192000 30.000000
