0.125488 0.046387 -0.987305 0.000000 0.000000 0.000000 -28.454590 1.428223 147.744141 0.893000 -0.605000 2.538000 31.670000
0.125000 0.047852 -0.986816 0.000000 0.000000 0.000000 -28.454590 1.428223 147.744141 0.905000 -0.578000 2.532000 31.700000
0.125000 0.046387 -0.986816 0.000000 0.000000 0.000000 -28.454590 1.428223 147.744141 0.897000 -0.586000 2.515000 31.690000
0.125000 0.045898 -0.987305 0.000000 0.000000 0.000000 -28.454590 1.428223 147.744141 0.893000 -0.603000 2.530000 31.710000
0.125000 0.046387 -0.986816 0.000000 0.000000 0.000000 -28.454590 1.428223 147.744141 0.888000 -0.614000 2.532000 31.700000
0.125000 0.046387 -0.987305 0.000000 0.000000 0.000000 -28.454590 1.428223 147.744141 0.893000 -0.606000 2.506000 31.710000
0.125000 0.046387 -0.987793 0.000000 0.000000 0.000000 -28.454590 1.428223 147.744141 0.891000 -0.624000 2.493000 31.690000
0.124512 0.045898 -0.986816 0.000000 0.000000 0.000000 -28.454590 1.428223 147.744141 0.898000 -0.582000 2.529000 31.720000
0.125000 0.046387 -0.986816 0.000000 0.000000 0.000000 -28.454590 1.428223 147.744141 0.906000 -0.603000 2.520000 31.720000
0.125488 0.046875 -0.987305 0.000000 0.000000 0.000000 -28.454590 1.428223 147.744141 0.896000 -0.631000 2.533000 31.690000
0.125488 0.046387 -0.987305 0.000000 0.000000 0.000000 -28.454590 1.428223 147.744141 0.893000 -0.596000 2.514000 31.650000
0.124512 0.045898 -0.986328 0.000000 0.000000 0.000000 -28.454590 1.428223 147.744141 0.895000 -0.599000 2.537000 31.680000
0.125000 0.045898 -0.987305 0.000000 0.000000 0.000000 -28.454590 1.428223 147.744141 0.890000 -0.601000 2.498000 31.680000
0.125488 0.046387 -0.986328 0.000000 0.000000 0.000000 -28.454590 1.428223 147.744141 0.885000 -0.605000 2.532000 31.700000
0.125000 0.046387 -0.987793 0.000000 0.000000 0.000000 -28.454590 1.428223 147.744141 0.887000 -0.591000 2.530000 31.710000
0.125000 0.046875 -0.987793 0.000000 0.000000 0.000000 -28.454590 1.428223 147.744141 0.883000 -0.611000 2.480000 31.690000
0.125000 0.046387 -0.987793 0.000000 0.000000 0.000000 -28.454590 1.428223 147.744141 0.884000 -0.593000 2.507000 31.740000
0.125000 0.047363 -0.987305 0.000000 0.000000 0.000000 -28.460083 1.428223 147.744141 0.891000 -0.591000 2.512000 31.690000
0.124512 0.045898 -0.987305 0.000000 0.000000 0.000000 -28.460083 1.428223 147.744141 0.894000 -0.588000 2.535000 31.670000
0.125488 0.046387 -0.987305 0.000000 0.000000 0.000000 -28.460083 1.428223 147.744141 0.892000 -0.576000 2.477000 31.690000
0.125488 0.046875 -0.987793 0.000000 0.000000 0.000000 -28.460083 1.428223 147.744141 0.893000 -0.620000 2.464000 31.700000
0.125000 0.046875 -0.987793 0.000000 0.000000 0.000000 -28.460083 1.428223 147.744141 0.902000 -0.580000 2.475000 31.690000
0.125000 0.046387 -0.987305 0.000000 0.000000 0.000000 -28.460083 1.428223 147.744141 0.880000 -0.594000 2.463000 31.720000
0.125488 0.046875 -0.987793 0.000000 0.000000 0.000000 -28.454590 1.422729 147.744141 0.886000 -0.591000 2.537000 31.700000
0.125488 0.046875 -0.986816 0.000000 0.000000 0.000000 -28.454590 1.422729 147.744141 0.891000 -0.590000 2.533000 31.660000
0.125488 0.046387 -0.987305 0.000000 0.000000 0.000000 -28.454590 1.422729 147.744141 0.893000 -0.596000 2.537000 31.700000
0.125977 0.047363 -0.986816 0.000000 0.000000 0.000000 -28.454590 1.422729 147.744141 0.889000 -0.600000 2.526000 31.680000
0.125977 0.046387 -0.987305 0.000000 0.000000 0.000000 -28.454590 1.417236 147.744141 0.894000 -0.586000 2.534000 31.670000
0.125977 0.045898 -0.986816 0.000000 0.000000 0.000000 -28.454590 1.417236 147.744141 0.883000 -0.595000 2.531000 31.680000
0.125977 0.046387 -0.987305 0.000000 0.000000 0.000000 -28.449097 1.411743 147.744141 0.887000 -0.582000 2.532000 31.690000
0.125977 0.046387 -0.986816 0.000000 0.000000 0.000000 -28.449097 1.411743 147.744141 0.900000 -0.617000 2.454000 31.690000
0.125977 0.047363 -0.987305 0.000000 0.000000 0.000000 -28.449097 1.411743 147.744141 0.889000 -0.589000 2.396000 31.690000
0.125000 0.046875 -0.987793 0.000000 0.000000 0.000000 -28.449097 1.411743 147.744141 0.893000 -0.591000 2.504000 31.690000
