-0.024902 -0.996582 -0.011230 0.000000 0.000000 0.000000 -2.493896 0.142822 16.836548 0.047000 1.908000 4.164000 30.240000
-0.024414 -0.998047 -0.010254 0.000000 0.000000 0.000000 -2.493896 0.142822 16.836548 0.027000 1.904000 4.161000 30.260000
-0.023926 -0.997070 -0.010742 0.000000 0.000000 0.000000 -2.493896 0.142822 16.836548 0.040000 1.912000 4.160000 30.220000
-0.024414 -0.997559 -0.011230 0.000000 0.000000 0.000000 -2.493896 0.142822 16.836548 0.030000 1.897000 4.177000 30.250000
-0.024902 -0.996582 -0.011230 0.000000 0.000000 0.000000 -2.493896 0.142822 16.836548 0.032000 1.903000 4.149000 30.220000
-0.024414 -0.997559 -0.010742 0.000000 0.000000 0.000000 -2.493896 0.142822 16.836548 0.033000 1.912000 4.164000 30.280000
-0.023926 -0.997070 -0.010742 0.000000 0.000000 0.000000 -2.493896 0.142822 16.836548 0.032000 1.896000 4.160000 30.230000
-0.024414 -0.997070 -0.011230 0.000000 0.000000 0.000000 -2.493896 0.142822 16.836548 0.030000 1.904000 4.165000 30.220000
-0.024902 -0.997070 -0.011230 0.000000 0.000000 0.000000 -2.493896 0.142822 16.836548 0.020000 1.912000 4.158000 30.230000
-0.023926 -0.997559 -0.010742 0.000000 0.000000 0.000000 -2.493896 0.142822 16.836548 0.026000 1.940000 4.162000 30.230000
-0.023926 -0.997559 -0.010742 0.000000 0.000000 0.000000 -2.493896 0.142822 16.836548 0.049000 1.904000 4.160000 30.250000
-0.024414 -0.997559 -0.010742 0.000000 0.000000 0.000000 -2.493896 0.142822 16.836548 0.043000 1.901000 4.165000 30.220000
-0.024414 -0.998047 -0.011230 0.000000 0.000000 0.000000 -2.493896 0.142822 16.836548 0.041000 1.886000 4.161000 30.240000
-0.024902 -0.997559 -0.011230 0.000000 0.000000 0.000000 -2.493896 0.142822 16.836548 0.040000 1.916000 4.165000 30.280000
-0.024414 -0.997559 -0.010254 0.000000 0.000000 0.000000 -2.493896 0.142822 16.836548 0.021000 1.880000 4.169000 30.240000
-0.024414 -0.998047 -0.010742 0.000000 0.000000 0.000000 -2.499390 0.142822 16.836548 0.029000 1.883000 4.165000 30.260000
-0.024902 -0.997559 -0.011230 0.000000 0.000000 0.000000 -2.499390 0.142822 16.836548 0.040000 1.915000 4.169000 30.220000
-0.023926 -0.997559 -0.011230 0.000000 0.000000 0.000000 -2.499390 0.142822 16.836548 0.050000 1.914000 4.164000 30.250000
-0.023926 -0.997559 -0.011230 0.000000 0.000000 0.000000 -2.499390 0.142822 16.836548 0.034000 1.913000 4.165000 30.220000
-0.025391 -0.998047 -0.011230 0.000000 0.000000 0.000000 -2.499390 0.142822 16.836548 0.041000 1.913000 4.167000 30.260000
-0.024902 -0.997559 -0.011230 0.000000 0.000000 0.000000 -2.499390 0.142822 16.836548 0.041000 1.916000 4.153000 30.250000
-0.024902 -0.997070 -0.010742 0.000000 0.000000 0.000000 -2.499390 0.142822 16.836548 0.041000 1.911000 4.167000 30.230000
-0.023926 -0.997070 -0.011230 0.000000 0.000000 0.000000 -2.499390 0.142822 16.836548 0.043000 1.891000 4.177000 30.220000
-0.024414 -0.997559 -0.011230 0.000000 0.000000 0.000000 -2.499390 0.142822 16.836548 0.038000 1.895000 4.165000 30.220000
-0.024414 -0.997070 -0.011719 0.000000 0.000000 0.000000 -2.499390 0.142822 16.836548 0.050000 1.915000 4.156000 30.250000
-0.023438 -0.997559 -0.011230 0.000000 0.000000 0.000000 -2.499390 0.142822 16.836548 0.035000 1.913000 4.163000 30.250000
-0.023926 -0.997070 -0.010742 0.000000 0.000000 0.000000 -2.499390 0.142822 16.836548 0.032000 1.930000 4.170000 30.260000
-0.024414 -0.997070 -0.010742 0.000000 0.000000 0.000000 -2.499390 0.142822 16.836548 0.048000 1.891000 4.168000 30.230000
-0.024902 -0.997070 -0.010742 0.000000 0.000000 0.000000 -2.499390 0.142822 16.836548 0.031000 1.898000 4.163000 30.260000
-0.024414 -0.997559 -0.011230 0.000000 0.000000 0.000000 -2.499390 0.142822 16.836548 0.033000 1.890000 4.168000 30.220000
-0.024414 -0.997559 -0.010742 0.000000 0.000000 0.000000 -2.499390 0.142822 16.836548 0.030000 1.899000 4.168000 30.270000
