0.125488 0.043457 -0.987793 0.000000 0.000000 0.000000 -28.317261 1.422729 147.991333 0.917000 -0.612000 2.073000 32.360000
0.124512 0.043945 -0.987305 0.000000 0.000000 0.000000 -28.317261 1.422729 147.991333 0.927000 -0.593000 2.069000 32.300000
0.125488 0.044434 -0.987305 0.000000 0.000000 0.000000 -28.322754 1.422729 147.991333 0.921000 -0.604000 2.069000 32.280000
0.124512 0.043945 -0.987793 0.000000 0.000000 0.000000 -28.322754 1.422729 147.991333 0.926000 -0.571000 2.099000 32.340000
0.124512 0.043945 -0.986816 0.000000 0.000000 0.000000 -28.317261 1.422729 147.991333 0.923000 -0.581000 2.071000 32.320000
0.124512 0.042969 -0.987305 0.000000 0.000000 0.000000 -28.317261 1.428223 147.991333 0.930000 -0.583000 2.077000 32.350000
0.125000 0.044434 -0.987305 0.000000 0.000000 0.000000 -28.317261 1.428223 147.991333 0.925000 -0.603000 2.107000 32.340000
0.124023 0.044434 -0.986816 0.000000 0.000000 0.000000 -28.317261 1.428223 147.991333 0.934000 -0.614000 2.093000 32.330000
0.125000 0.044922 -0.987305 0.000000 0.000000 0.000000 -28.317261 1.428223 147.991333 0.938000 -0.613000 2.072000 32.340000
0.124512 0.044922 -0.986816 0.000000 0.000000 0.000000 -28.322754 1.428223 147.991333 0.935000 -0.604000 2.166000 32.290000
0.124512 0.043945 -0.987793 0.000000 0.000000 0.000000 -28.322754 1.428223 147.991333 0.933000 -0.602000 2.113000 32.320000
0.125488 0.044922 -0.987305 0.000000 0.000000 0.000000 -28.322754 1.428223 147.991333 0.930000 -0.601000 2.089000 32.310000
0.125488 0.044434 -0.986816 0.000000 0.000000 0.000000 -28.322754 1.428223 147.991333 0.923000 -0.597000 2.071000 32.280000
0.125488 0.043945 -0.986328 0.000000 0.000000 0.000000 -28.322754 1.428223 147.991333 0.931000 -0.614000 2.081000 32.310000
0.125977 0.044434 -0.987305 0.000000 0.000000 0.000000 -28.322754 1.422729 147.991333 0.927000 -0.617000 2.134000 32.320000
0.125977 0.044434 -0.987305 0.000000 0.000000 0.000000 -28.322754 1.422729 147.991333 0.921000 -0.612000 2.078000 32.350000
0.125488 0.044434 -0.987305 0.000000 0.000000 0.000000 -28.322754 1.422729 147.991333 0.927000 -0.605000 2.072000 32.320000
0.125000 0.043457 -0.987305 0.000000 0.000000 0.000000 -28.322754 1.417236 147.991333 0.923000 -0.602000 2.069000 32.300000
0.125977 0.043945 -0.987793 0.000000 0.000000 0.000000 -28.322754 1.417236 147.991333 0.922000 -0.614000 2.080000 32.320000
0.125488 0.043945 -0.987305 0.000000 0.000000 0.000000 -28.322754 1.417236 147.991333 0.922000 -0.611000 2.163000 32.310000
0.125000 0.043945 -0.987305 0.000000 0.000000 0.000000 -28.317261 1.417236 147.991333 0.930000 -0.601000 2.093000 32.340000
0.125977 0.043945 -0.987305 0.000000 0.000000 0.000000 -28.317261 1.411743 147.991333 0.927000 -0.611000 2.078000 32.330000
0.125000 0.043457 -0.987305 0.000000 0.000000 0.000000 -28.317261 1.411743 147.991333 0.935000 -0.608000 2.081000 32.320000
0.125488 0.044434 -0.987305 0.000000 0.000000 0.000000 -28.317261 1.411743 147.991333 0.933000 -0.598000 2.068000 32.300000
0.125488 0.043945 -0.987305 0.000000 0.000000 0.000000 -28.317261 1.411743 147.991333 0.924000 -0.602000 2.069000 32.300000
0.125488 0.043945 -0.987305 0.000000 0.000000 0.000000 -28.317261 1.411743 147.991333 0.920000 -0.598000 2.116000 32.340000
0.125000 0.043457 -0.987793 0.000000 0.000000 0.000000 -28.317261 1.411743 147.991333 0.925000 -0.620000 2.107000 32.320000
0.125977 0.044434 -0.986816 -0.061035 0.244141 -0.244141 -28.317261 1.411743 147.985840 0.922000 -0.609000 2.079000 32.290000
0.125977 0.044922 -0.987305 0.000000 0.000000 0.000000 -28.317261 1.411743 147.991333 0.928000 -0.604000 2.076000 32.350000
0.125000 0.042969 -0.988281 0.000000 0.244141 -0.305176 -28.317261 1.417236 147.969360 0.919000 -0.601000 2.073000 32.310000
0.127930 0.042969 -0.986816 0.061035 0.000000 0.061035 -28.207397 1.235962 148.134155 0.935000 -0.607000 2.089000 32.310000
0.126465 0.041504 -0.987305 0.061035 0.061035 0.000000 -28.163452 1.307373 148.106689 0.935000 -0.611000 2.117000 32.310000
0.126465 0.041504 -0.987305 0.000000 0.061035 0.000000 -28.163452 1.307373 148.106689 0.930000 -0.592000 2.120000 32.280000
0.126953 0.041504 -0.987793 0.061035 0.000000 0.000000 -28.163452 1.301880 148.106689 0.926000 -0.580000 2.100000 32.320000
0.127441 0.041504 -0.986816 0.000000 0.061035 0.000000 -28.163452 1.296387 148.106689 0.939000 -0.603000 2.084000 32.340000
0.126465 0.041992 -0.987793 0.000000 0.061035 0.000000 -28.152466 1.285400 148.106689 0.928000 -0.617000 2.079000 32.310000
0.126953 0.041992 -0.987793 0.000000 0.000000 0.000000 -28.157959 1.279907 148.106689 0.942000 -0.603000 2.071000 32.330000
0.126953 0.040527 -0.986816 0.000000 0.000000 0.000000 -28.157959 1.279907 148.106689 0.928000 -0.588000 2.081000 32.340000
0.126953 0.041504 -0.987793 0.061035 0.000000 0.000000 -28.157959 1.279907 148.106689 0.929000 -0.595000 2.104000 32.360000
0.126953 0.041504 -0.987793 0.000000 0.061035 0.000000 -28.157959 1.274414 148.106689 0.941000 -0.597000 2.082000 32.310000
0.126953 0.041504 -0.986816 0.000000 0.000000 0.000000 -28.157959 1.274414 148.106689 0.923000 -0.592000 2.072000 32.300000
0.126953 0.041504 -0.987793 0.000000 0.000000 0.000000 -28.157959 1.274414 148.106689 0.928000 -0.595000 2.105000 32.340000
0.126465 0.042480 -0.986816 0.000000 0.000000 0.000000 -28.157959 1.279907 148.106689 0.934000 -0.603000 2.085000 32.310000
0.127930 0.039551 -0.986816 0.000000 0.061035 -0.366211 -28.163452 1.279907 148.106689 0.924000 -0.622000 2.079000 32.340000
0.126465 0.042480 -0.986816 0.000000 -0.122070 0.061035 -28.163452 1.279907 148.117676 0.934000 -0.600000 2.135000 32.320000
0.125000 0.043457 -0.987305 0.732422 -0.244141 -0.976562 -28.267822 1.362305 147.936401 0.934000 -0.590000 2.079000 32.290000
0.137207 0.068848 -0.972168 14.709473 -7.141113 -0.122070 -28.048096 1.466675 147.947388 0.929000 -0.593000 2.076000 32.320000
0.105957 0.033691 -0.991699 0.305176 0.244141 -3.295898 -27.740479 1.593018 148.106689 0.926000 -0.576000 2.094000 32.310000
0.124023 0.039551 -0.986328 0.305176 -1.159668 1.525879 -27.762451 1.642456 147.996826 0.924000 -0.583000 2.106000 32.320000
0.120605 0.035156 -0.987793 -0.549316 0.610352 -1.098633 -27.800903 1.642456 147.974854 0.891000 -0.560000 2.096000 32.380000
0.101074 0.032227 -0.992676 0.061035 -0.061035 -0.122070 -27.861328 1.593018 148.106689 0.911000 -0.594000 2.101000 32.290000
0.123047 0.039062 -0.987793 -1.342773 -0.549316 12.817383 -27.800903 1.636963 147.183838 0.922000 -0.582000 2.162000 32.290000
0.121582 0.036133 -0.988281 -0.427246 -0.366211 3.906250 -27.850342 1.560059 146.903687 0.919000 -0.541000 2.424000 32.310000
0.121094 0.034668 -0.987793 1.098633 0.366211 -4.577637 -27.806396 1.604004 146.766357 0.916000 -0.543000 2.268000 32.300000
0.121094 0.033691 -0.987793 0.000000 -0.122070 1.098633 -27.789917 1.614990 146.837769 0.917000 -0.532000 2.456000 32.350000
0.120605 0.037109 -0.988281 -0.305176 0.366211 -0.854492 -27.789917 1.620483 146.837769 0.923000 -0.564000 2.349000 32.300000
0.120605 0.034668 -0.988281 0.061035 -0.122070 0.549316 -27.795410 1.614990 146.837769 0.922000 -0.518000 2.365000 32.310000
0.121582 0.034668 -0.988770 0.000000 0.000000 0.000000 -27.811890 1.598511 146.898193 0.922000 -0.551000 2.349000 32.380000
0.121582 0.035645 -0.988281 0.000000 0.000000 -0.671387 -27.806396 1.598511 146.892700 0.927000 -0.558000 2.313000 32.360000
0.122070 0.035645 -0.988281 -0.061035 0.244141 -0.061035 -27.811890 1.587524 146.914673 0.923000 -0.545000 2.492000 32.290000
0.122070 0.036133 -0.988770 0.000000 0.122070 -0.122070 -27.817383 1.576538 146.931152 0.931000 -0.552000 2.418000 32.310000
0.122070 0.035645 -0.987305 0.000000 0.000000 -0.122070 -27.817383 1.554565 146.964111 0.927000 -0.553000 2.222000 32.310000
0.123047 0.036133 -0.987793 0.061035 0.122070 0.000000 -27.828369 1.543579 146.991577 0.924000 -0.556000 2.416000 32.310000
0.122559 0.035156 -0.987793 0.122070 -0.122070 0.061035 -27.833862 1.538086 147.030029 0.927000 -0.550000 2.138000 32.360000
0.122559 0.036133 -0.988770 0.122070 0.122070 -0.122070 -27.822876 1.543579 147.019043 0.923000 -0.586000 2.246000 32.310000
0.122559 0.036133 -0.987793 0.061035 0.061035 -0.061035 -27.811890 1.543579 147.019043 0.936000 -0.565000 2.465000 32.330000
0.122070 0.034668 -0.988281 0.183105 -0.122070 0.610352 -27.789917 1.538086 147.024536 0.921000 -0.534000 2.395000 32.330000
0.122070 0.035156 -0.988770 0.183105 -0.183105 0.183105 -27.773438 1.554565 147.019043 0.927000 -0.573000 2.359000 32.350000
0.122559 0.035156 -0.988281 -0.122070 0.366211 -0.183105 -27.778931 1.532593 147.024536 0.918000 -0.543000 2.285000 32.310000
0.123047 0.035645 -0.987793 0.000000 0.183105 -0.183105 -27.784424 1.505127 147.046509 0.934000 -0.544000 2.359000 32.360000
0.122070 0.035156 -0.988281 0.000000 0.183105 0.000000 -27.784424 1.494141 147.062988 0.923000 -0.561000 2.411000 32.350000
0.122559 0.035156 -0.987305 -0.061035 0.183105 0.000000 -27.778931 1.483154 147.150879 0.923000 -0.567000 2.277000 32.310000
0.122559 0.035645 -0.988770 0.122070 -0.183105 0.183105 -27.773438 1.499634 147.134399 0.926000 -0.568000 2.460000 32.270000
0.122559 0.034668 -0.988281 -0.061035 0.122070 0.244141 -27.778931 1.494141 147.128906 0.928000 -0.570000 2.393000 32.330000
0.120117 0.033203 -0.990234 0.549316 -0.854492 -0.244141 -27.767944 1.527100 147.123413 0.919000 -0.553000 2.356000 32.280000
0.122070 0.035645 -0.988281 -0.183105 0.671387 -0.549316 -27.817383 1.477661 147.348633 0.918000 -0.573000 2.352000 32.320000
0.121582 0.036133 -0.988281 0.305176 -0.366211 -0.610352 -27.795410 1.538086 147.073975 0.935000 -0.554000 2.447000 32.310000
0.122559 0.036133 -0.988281 0.427246 -1.220703 2.929688 -27.795410 1.538086 146.964111 0.934000 -0.577000 2.276000 32.330000
0.123047 0.037598 -0.986816 0.183105 -0.366211 0.488281 -27.795410 1.554565 146.947632 0.931000 -0.565000 2.363000 32.290000
0.124512 0.037598 -0.986816 0.122070 -0.427246 1.220703 -27.784424 1.571045 146.898193 0.921000 -0.563000 2.267000 32.350000
0.121094 0.034180 -0.987793 0.000000 0.000000 0.000000 -27.762451 1.598511 146.826782 0.923000 -0.557000 2.207000 32.310000
0.115723 0.014160 -0.999023 -0.244141 -1.281738 4.516602 -27.751465 1.647949 146.689453 0.917000 -0.533000 2.493000 32.350000
0.119629 -0.008789 -0.995605 0.732422 -0.488281 11.840820 -27.493286 1.873169 145.777588 0.929000 -0.530000 2.454000 32.330000
0.120605 0.032715 -0.989746 4.333496 0.305176 1.770020 -27.773438 1.488647 146.184082 0.960000 -0.535000 2.422000 32.310000
0.124512 0.037109 -0.987305 0.000000 0.061035 -0.549316 -27.729492 1.488647 146.228027 0.966000 -0.551000 2.414000 32.310000
0.123535 0.034668 -0.987793 0.122070 -0.183105 -0.244141 -27.723999 1.505127 146.233521 0.964000 -0.566000 2.407000 32.290000
0.122559 0.033203 -0.988770 -0.061035 0.000000 -0.061035 -27.718506 1.543579 146.228027 0.963000 -0.558000 2.411000 32.270000
0.123047 0.034180 -0.988770 -0.061035 0.000000 0.000000 -27.723999 1.549072 146.244507 0.951000 -0.567000 2.414000 32.270000
0.122559 0.034180 -0.988281 -0.122070 0.000000 0.000000 -27.734985 1.549072 146.250000 0.955000 -0.569000 2.410000 32.280000
0.118652 0.033203 -0.989258 -0.366211 0.793457 -1.831055 -27.756958 1.538086 146.288452 0.952000 -0.539000 2.405000 32.310000
0.118164 0.032715 -0.987793 -0.305176 0.305176 -1.586914 -27.773438 1.521606 146.387329 0.955000 -0.539000 2.409000 32.310000
0.122559 0.035156 -0.988281 0.000000 0.061035 -0.122070 -27.784424 1.505127 146.453247 0.949000 -0.572000 2.425000 32.290000
0.122559 0.035645 -0.988281 0.061035 0.000000 0.000000 -27.789917 1.516113 146.475220 0.950000 -0.538000 2.418000 32.310000
0.121582 0.035156 -0.988281 0.061035 0.061035 -0.122070 -27.789917 1.510620 146.480713 0.950000 -0.559000 2.422000 32.310000
0.122070 0.035645 -0.987793 0.000000 -0.244141 -0.183105 -27.784424 1.516113 146.491699 0.952000 -0.574000 2.424000 32.310000
0.121582 0.035645 -0.988281 0.000000 0.000000 -0.183105 -27.784424 1.521606 146.497192 0.947000 -0.555000 2.423000 32.290000
0.122559 0.035645 -0.988281 0.061035 0.000000 0.000000 -27.784424 1.532593 146.508179 0.963000 -0.542000 2.421000 32.360000
0.122070 0.036133 -0.988281 0.061035 0.000000 0.000000 -27.784424 1.527100 146.508179 0.956000 -0.548000 2.432000 32.310000
0.121582 0.035156 -0.988281 0.000000 0.244141 0.000000 -27.784424 1.532593 146.508179 0.955000 -0.563000 2.424000 32.340000
0.122070 0.036133 -0.988770 0.122070 0.000000 0.000000 -27.784424 1.527100 146.508179 0.945000 -0.557000 2.423000 32.350000
0.120117 0.035156 -0.989258 -0.122070 0.244141 0.000000 -27.784424 1.527100 146.508179 0.964000 -0.559000 2.431000 32.310000
0.123047 0.056152 -0.983887 -0.122070 2.014160 2.136230 -28.059082 1.203003 146.590576 0.940000 -0.553000 2.345000 32.310000
0.192871 0.113281 -0.973145 -3.234863 1.708984 -0.305176 -28.311768 0.966797 146.552124 0.919000 -0.555000 2.131000 32.330000
0.123047 0.040527 -0.987793 4.455566 -0.854492 -12.817383 -28.201904 1.153564 147.233276 0.910000 -0.546000 2.178000 32.280000
0.124023 0.041504 -0.987793 -0.183105 -0.061035 0.671387 -28.075562 1.395264 146.991577 0.902000 -0.534000 2.177000 32.330000
0.125977 0.042969 -0.987305 0.061035 -0.061035 0.122070 -28.119507 1.329346 146.865234 0.900000 -0.514000 2.183000 32.280000
0.125488 0.039551 -0.987305 0.000000 -0.244141 0.122070 -28.130493 1.378784 146.667480 0.907000 -0.505000 2.179000 32.270000
0.125488 0.041504 -0.987793 -0.061035 0.122070 -0.244141 -28.125000 1.378784 146.678467 0.913000 -0.529000 2.181000 32.300000
0.125488 0.041992 -0.986816 -0.122070 0.000000 0.000000 -28.092041 1.411743 146.672974 0.924000 -0.514000 2.175000 32.350000
0.124512 0.040527 -0.987793 -0.061035 -0.061035 0.000000 -28.103027 1.417236 146.672974 0.942000 -0.490000 2.178000 32.320000
0.125977 0.040527 -0.987793 0.000000 -0.061035 0.000000 -28.108521 1.422729 146.672974 0.943000 -0.507000 2.176000 32.310000
0.125488 0.040527 -0.987793 -0.061035 0.000000 0.000000 -28.114014 1.422729 146.667480 0.939000 -0.537000 2.175000 32.380000
0.124512 0.040527 -0.986328 -0.061035 -0.061035 0.000000 -28.119507 1.428223 146.667480 0.940000 -0.516000 2.176000 32.380000
0.125000 0.040527 -0.987305 -0.061035 -0.061035 0.000000 -28.130493 1.428223 146.667480 0.932000 -0.498000 2.181000 32.300000
0.125977 0.040527 -0.986816 0.000000 -0.061035 0.000000 -28.135986 1.433716 146.667480 0.931000 -0.492000 2.188000 32.350000
0.124512 0.041504 -0.988281 -0.061035 -0.122070 0.000000 -28.135986 1.439209 146.667480 0.937000 -0.510000 2.180000 32.350000
0.125000 0.040039 -0.988281 -0.061035 -0.061035 0.000000 -28.141479 1.444702 146.667480 0.932000 -0.525000 2.179000 32.310000
0.125977 0.040527 -0.987305 0.000000 0.000000 0.000000 -28.152466 1.450195 146.667480 0.939000 -0.483000 2.175000 32.310000
0.125488 0.038086 -0.987305 0.000000 0.000000 0.000000 -28.152466 1.450195 146.667480 0.935000 -0.498000 2.166000 32.380000
0.125488 0.040039 -0.987305 0.000000 0.000000 0.000000 -28.146973 1.444702 146.667480 0.940000 -0.502000 2.183000 32.320000
0.125488 0.040527 -0.987305 0.000000 0.000000 0.000000 -28.146973 1.444702 146.667480 0.933000 -0.471000 2.179000 32.320000
0.125488 0.040527 -0.987305 0.000000 0.000000 0.000000 -28.146973 1.444702 146.667480 0.939000 -0.498000 2.174000 32.310000
