0 0 0 0 0 0 0 0 0 0 0 0 0 0 0 0
0 0 0 0 0 0 0 0 0 0 0 0 0 0 0 0
0 0 0 0 0 0 0 0 0 0 0 0 0 0 0 0
0 0 0 0 0 0 0 0 0 0 0 0 0 0 0 0
0 0 0 0 0 0 0 0 0 0 0 0 0 0 0 0
0 0 0 0 0 0 0 0 0 0 0 0 0 0 0 0
0 0 0 0 0 0 0 0 0 0 0 0 0 0 0 0
0 0 0 0 0 0 0 0 0 0 0 0 0 0 0 0
0 0 0 0 0 0 0 0 0 0 0 0 0 0 0 0
0 0 0 0 0 0 0 0 0 0 0 0 0 0 0 0
0 0 0 0 0 0 0 0 0 0 0 0 0 0 0 0
0 0 0 0 0 0 0 0 0 0 0 0 0 0 0 0
0 0 0 0 0 0 0 0 0 0 0 0 0 0 0 0
0 0 0 0 0 0 0 0 0 0 0 0 0 0 0 0
0 0 0 0 0 0 0 0 0 0 0 0 0 0 0 0
0 0 0 0 0 0 0 0 0 0 0 0 0 0 0 0
0 0 0 0 0 0 0 0 0 0 0 0 0 0 0 0
0 0 0 0 0 0 0 0 0 0 0 0 0 0 0 0
0 0 0 0 0 0 0 0 0 0 0 0 0 0 0 0
0 0 0 0 0 0 0 0 0 0 0 0 0 0 0 0
0 0 0 0 0 0 0 0 0 0 0 0 0 0 0 0
0 0 0 0 0 0 0 0 0 0 0 0 0 0 0 0
0 0 0 0 0 0 0 0 0 0 0 0 0 0 0 0
0 0 0 0 0 0 0 0 0 0 0 0 0 0 0 0
0 0 0 0 0 0 0 0 0 0 0 0 0 0 0 0
0 0 0 0 0 0 0 0 0 0 0 0 0 0 0 0
0 0 0 0 0 0 0 0 0 0 0 0 0 0 0 0
0 0 0 0 0 0 0 0 0 0 0 0 0 0 0 0
0 0 0 0 0 0 0 0 0 0 0 0 0 0 0 0
0 0 0 0 0 0 0 0 0 0 0 0 0 0 0 0
0 0 0 0 0 0 0 0 0 0 0 0 0 0 0 0
0 0 0 0 0 0 0 0 0 0 0 0 0 0 0 0
0 0 0 0 0 0 0 0 0 0 0 0 0 0 0 0
0 0 0 0 0 0 0 0 0 0 0 0 0 0 0 0
0 0 0 0 0 0 0 0 0 0 0 0 0 0 0 0
0 0 0 0 0 0 0 0 0 0 0 0 0 0 0 0
0 0 0 0 0 0 0 0 0 0 0 0 0 0 0 0
0 0 0 0 0 0 0 0 0 0 0 0 0 0 0 0
0 0 0 0 0 0 0 0 0 0 0 0 0 0 0 0
0 0 0 0 0 0 0 0 0 0 0 0 0 0 0 0
0 0 0 0 0 0 0 0 0 0 0 0 0 0 0 0
0 0 0 0 0 0 0 0 0 0 0 0 0 0 0 0
0 0 0 0 0 0 0 0 0 0 0 0 0 0 0 0
0 0 0 0 0 0 0 0 0 0 0 0 0 0 0 0
0 0 0 0 0 0 0 0 0 0 0 0 0 0 0 0
0 0 0 0 0 0 0 0 0 0 0 0 0 0 0 0
0 0 0 0 0 0 0 0 0 0 0 0 0 0 0 0
0 0 0 0 0 0 0 0 0 0 0 0 0 0 0 0
0 0 0 0 0 0 0 0 0 0 0 0 0 0 0 0
0 0 0 0 0 0 0 0 0 0 0 0 0 0 0 0
0 0 0 0 0 0 0 0 0 0 0 0 0 0 0 0
0 0 0 0 0 0 0 0 0 0 0 0 0 0 0 0
0 0 0 0 0 0 0 0 0 0 0 0 0 0 0 0
0 0 0 0 0 0 0 0 0 0 0 0 0 0 0 0
0 0 0 0 0 0 0 0 0 0 0 0 0 0 0 0
0 0 0 0 0 0 0 0 0 0 0 0 0 0 0 0
0 0 0 0 0 0 0 0 0 0 0 0 0 0 0 0
0 0 0 0 0 0 0 0 0 0 0 0 0 0 0 0
0 0 0 0 0 0 0 0 0 0 0 0 0 0 0 0
0 0 0 0 0 0 0 0 0 0 0 0 0 0 0 0
0 0 0 0 0 0 0 0 0 0 0 0 0 0 0 0
0 0 0 0 0 0 0 0 0 0 0 0 0 0 0 0
0 0 0 0 0 0 0 0 0 0 0 0 0 0 0 0
0 0 0 0 0 0 0 0 0 0 0 0 0 0 0 0
0 0 0 0 0 0 0 0 0 0 0 0 0 0 0 0
0 0 0 0 0 0 0 0 0 0 0 0 0 0 0 0
0 0 0 0 0 0 0 0 0 0 0 0 0 0 0 0
0 0 0 0 0 0 0 0 0 0 0 0 0 0 0 0
0 0 0 0 0 0 0 0 0 0 0 0 0 0 0 0
0 0 0 0 0 0 0 0 0 0 0 0 0 0 0 0
0 0 0 0 0 0 0 0 0 0 0 0 0 1 0 0
0 0 0 0 0 0 0 0 0 0 0 0 0 19 0 0
0 0 0 0 0 0 0 0 0 0 0 0 0 106 13 0
0 0 0 0 0 0 0 0 0 0 0 0 34 50 31 0
0 0 0 0 0 0 0 0 0 0 0 0 82 17 24 0
0 0 0 0 0 0 0 0 0 0 0 0 145 18 24 0
0 0 0 0 0 0 0 0 5 0 0 0 234 13 35 0
0 0 0 0 0 0 0 0 13 0 0 0 343 11 33 0
0 0 0 0 0 0 0 0 12 0 0 0 401 12 34 0
0 0 0 0 0 0 0 0 13 0 0 0 493 9 37 0
0 0 0 0 0 0 0 0 18 0 0 0 525 6 35 0
0 0 0 0 0 0 0 0 18 0 0 0 570 1 37 0
0 0 0 0 0 0 0 0 12 0 0 0 574 0 38 0
0 0 0 0 0 0 0 0 12 0 0 0 607 0 38 0
0 0 0 0 0 0 0 0 14 0 0 0 595 0 36 0
0 0 0 0 0 0 0 0 10 0 0 0 564 0 39 0
0 0 0 0 0 0 0 0 9 0 0 0 536 0 40 0
0 0 0 0 0 0 0 0 11 0 0 0 555 0 41 0
0 0 0 0 0 0 0 0 7 0 0 0 586 0 37 0
0 0 0 0 0 0 0 0 5 0 0 0 590 0 43 0
0 0 0 0 0 0 0 0 8 2 0 0 595 3 44 0
0 0 0 0 0 0 0 0 5 1 0 0 598 1 47 0
0 0 0 0 0 0 0 0 1 0 0 0 594 1 42 0
0 0 0 0 0 0 0 0 4 1 0 0 590 0 45 0
0 0 0 0 0 0 0 0 4 3 0 0 609 0 48 0
0 0 0 0 0 0 0 0 4 2 0 0 637 2 43 0
0 0 0 0 0 0 0 0 4 6 0 0 658 2 48 0
0 0 0 0 0 0 0 0 3 2 0 0 645 0 45 0
0 0 0 0 0 0 0 0 3 4 0 0 567 2 45 0
0 0 0 0 0 0 0 0 0 3 0 0 457 2 42 0
0 0 0 0 0 0 0 0 1 3 0 0 384 0 43 0
0 0 0 0 0 0 0 0 3 3 0 0 301 0 41 0
0 0 0 0 0 0 0 0 5 3 0 0 232 0 38 0
0 0 0 0 0 0 0 0 5 2 0 0 114 0 41 0
0 0 0 0 0 0 0 0 8 1 0 0 15 6 41 0
0 0 0 0 0 0 0 0 11 0 0 0 5 6 34 0
0 0 0 0 0 0 0 0 16 0 0 0 7 2 19 0
0 0 0 0 0 0 0 0 12 0 0 0 11 1 23 0
0 0 0 0 0 0 0 0 10 0 0 0 15 1 18 0
0 0 0 0 0 0 0 0 12 0 0 0 4 4 18 0
0 0 0 0 0 0 0 0 11 0 0 0 0 0 11 0
0 0 0 0 0 0 0 0 2 0 0 0 0 0 0 0
0 0 0 0 0 0 0 0 0 0 0 0 0 0 0 0
0 0 0 0 0 0 0 0 0 0 0 0 0 0 0 0
0 0 0 0 0 0 0 0 0 0 0 0 0 0 0 0
0 0 0 0 0 0 0 0 0 0 0 0 0 0 0 0
0 0 0 0 0 0 0 0 0 0 0 0 0 16 0 0
0 0 0 0 0 0 0 0 0 0 0 0 0 72 8 0
0 0 0 0 0 0 0 0 0 0 0 0 0 90 22 0
0 0 0 0 0 0 0 0 0 0 0 0 0 67 28 0
0 0 0 0 0 0 0 0 0 9 0 0 0 47 26 0
0 0 0 0 0 0 0 0 0 12 0 0 0 40 21 0
0 0 0 0 0 0 0 0 0 12 0 0 0 40 23 0
0 0 0 0 0 0 0 0 0 14 0 0 0 39 21 0
0 0 0 0 0 0 0 0 0 15 0 0 0 28 21 0
0 0 0 0 0 0 0 0 0 16 0 0 0 12 23 0
0 0 0 0 0 0 0 0 0 20 0 0 0 10 18 0
0 0 0 0 0 0 0 0 0 20 0 0 0 11 12 0
0 0 0 0 0 0 0 0 0 20 0 0 0 19 6 0
0 0 0 0 0 0 0 0 0 23 0 0 0 16 8 0
0 0 0 0 0 0 0 0 0 16 0 0 0 14 11 0
0 0 0 0 0 0 0 0 0 21 0 0 0 23 14 0
0 0 0 0 0 0 0 0 0 18 0 0 0 27 16 0
0 0 0 0 0 0 0 0 0 12 0 0 0 26 21 0
0 0 0 0 0 0 0 0 0 14 0 0 0 21 20 0
0 0 0 0 0 0 0 0 0 14 0 0 0 28 21 0
0 0 0 0 0 0 0 0 0 14 0 0 0 27 20 0
0 0 0 0 0 0 0 0 0 14 0 0 0 31 22 0
0 0 0 0 0 0 0 0 0 15 0 0 0 31 19 0
0 0 0 0 0 0 0 0 0 19 0 0 0 29 25 0
0 0 0 0 0 0 0 0 0 13 0 0 0 33 21 0
0 0 0 0 0 0 0 0 0 14 0 0 0 35 23 0
0 0 0 0 0 0 0 0 0 18 0 0 0 37 22 0
0 0 0 0 0 0 0 0 0 13 0 0 0 37 20 0
0 0 0 0 0 0 0 0 0 12 0 0 0 42 24 0
0 0 0 0 0 0 0 0 0 17 0 0 0 42 27 0
0 0 0 0 0 0 0 0 0 9 0 0 0 43 25 0
0 0 0 0 0 0 0 0 0 14 0 0 0 44 26 0
0 0 0 0 0 0 0 0 0 12 0 0 0 44 29 0
0 0 0 0 0 0 0 1 0 11 0 0 0 41 25 0
0 0 0 0 0 0 0 2 0 14 0 0 0 49 21 0
0 0 0 0 0 0 0 0 0 16 0 0 0 46 23 0
0 0 0 0 0 0 0 0 0 16 0 0 0 47 21 0
0 0 0 0 0 0 0 0 0 11 0 0 0 47 18 0
0 0 0 0 0 0 0 0 0 10 0 0 0 44 19 0
0 0 0 0 0 0 0 0 0 12 0 0 0 42 22 0
0 0 0 0 0 0 0 0 0 15 0 0 0 41 23 0
0 0 0 0 0 0 0 0 0 12 0 0 0 45 25 0
0 0 0 0 0 0 0 0 0 13 0 0 0 44 20 0
0 0 0 0 0 0 0 0 0 13 0 0 0 43 22 0
0 0 0 0 0 0 0 0 0 13 0 0 0 47 18 0
0 0 0 0 0 0 0 0 0 11 0 0 0 48 18 0
0 0 0 0 0 0 0 0 0 13 0 0 0 48 22 0
0 0 0 0 0 0 0 0 0 14 0 0 0 47 23 0
0 0 0 0 0 0 0 0 0 15 0 0 0 49 18 0
0 0 0 0 0 0 0 0 0 11 0 0 0 53 16 0
0 0 0 0 0 0 0 0 0 12 0 0 0 55 19 0
0 0 0 0 0 0 0 0 0 14 0 0 0 53 20 0
0 0 0 0 0 0 0 0 0 11 0 0 0 48 19 0
0 0 0 0 0 0 0 0 0 10 0 0 0 41 18 0
0 0 0 0 0 0 0 0 0 11 0 0 0 51 19 0
0 0 0 0 0 0 0 0 0 7 0 0 0 46 19 0
0 0 0 0 0 0 0 0 0 10 0 0 0 53 21 0
0 0 0 0 0 0 0 0 0 11 0 0 0 52 20 0
0 0 0 0 0 0 0 0 0 10 0 0 0 53 23 0
0 0 0 0 0 0 0 0 0 9 0 0 0 51 26 0
0 0 0 0 0 0 0 0 0 8 0 0 0 50 26 0
0 0 0 0 0 0 0 0 0 7 0 0 0 52 21 0
0 0 0 0 0 0 0 0 0 6 0 0 0 54 21 0
0 0 0 0 0 0 0 0 0 16 0 0 0 58 21 0
0 0 0 0 0 0 0 0 0 39 0 0 0 74 22 0
0 2 0 0 0 7 0 0 1 52 0 0 0 97 13 0
0 2 0 0 0 4 0 0 0 41 0 1 0 135 13 0
0 2 0 0 0 0 0 0 2 29 0 0 0 191 13 0
0 0 0 0 0 0 0 0 0 27 0 0 0 212 14 0
0 0 0 0 0 0 0 0 0 26 0 0 0 234 19 0
0 0 0 0 0 0 0 0 0 22 0 0 0 265 26 0
0 0 0 0 0 0 0 0 0 17 0 0 0 278 31 0
0 0 0 0 0 0 0 0 0 11 0 0 0 317 34 0
0 0 0 0 0 0 0 0 0 9 0 0 0 331 40 0
0 0 0 0 0 0 0 0 0 11 0 0 0 343 45 0
0 0 0 0 0 0 0 0 0 12 0 0 0 343 41 0
0 0 0 0 0 0 0 0 0 9 0 0 0 349 42 0
0 0 0 0 0 0 0 0 0 12 0 0 0 351 40 0
0 0 0 0 0 0 0 0 0 11 0 0 0 352 38 0
0 0 0 0 0 0 0 0 0 14 0 0 0 358 42 0
0 0 0 0 0 0 0 0 0 13 0 0 0 363 41 0
0 0 0 0 0 0 0 0 0 12 0 0 0 357 42 0
0 0 0 0 0 0 0 0 0 10 0 0 0 326 43 0
0 0 0 0 0 0 0 0 0 11 0 0 0 243 39 0
0 0 0 0 0 0 0 0 0 11 0 0 0 148 34 0
0 0 0 0 0 0 0 0 0 3 0 0 0 61 34 0
0 0 0 0 0 0 0 0 0 0 0 0 0 36 36 0
0 0 0 0 0 0 0 0 0 0 0 0 0 27 22 0
0 0 0 0 0 0 0 0 0 0 0 0 0 13 7 0
0 0 0 0 0 0 0 0 0 0 0 0 0 7 0 0
0 0 0 0 0 0 0 0 0 0 0 0 0 14 0 0
0 0 0 0 0 0 0 0 0 0 0 0 0 9 0 0
0 0 0 0 0 0 0 0 0 0 0 0 0 9 0 0
0 0 0 0 0 0 0 0 0 0 0 0 0 4 0 0
0 0 0 0 0 0 0 0 0 0 0 0 0 3 0 0
0 0 0 0 0 0 0 0 0 0 0 0 0 5 0 0
0 0 0 0 0 0 0 0 0 0 0 0 0 5 0 0
0 0 0 0 0 0 0 0 0 0 0 0 0 7 0 0
0 0 0 0 0 0 0 0 0 0 0 0 0 5 0 0
0 0 0 0 0 0 0 0 0 0 0 0 0 7 0 0
0 0 0 0 0 0 0 0 0 0 0 0 0 4 0 0
0 0 0 0 0 0 0 0 0 0 0 0 0 2 0 0
0 0 0 0 0 0 0 0 0 0 0 0 0 6 0 0
0 0 0 0 0 0 0 0 0 0 0 0 0 4 0 0
0 0 0 0 0 0 0 0 0 0 0 0 0 4 0 0
0 0 0 0 0 0 0 0 0 0 0 0 0 6 0 0
0 0 0 0 0 0 0 0 0 0 0 0 0 7 0 0
0 0 0 0 0 0 0 0 0 0 0 0 0 9 0 0
0 0 0 0 0 0 0 0 0 0 0 0 0 10 0 0
0 0 0 0 0 0 0 0 0 0 0 0 0 9 0 0
0 0 0 0 0 0 0 0 0 0 0 0 0 9 0 0
0 0 0 0 0 0 0 0 0 0 0 0 0 9 0 0
0 0 0 0 0 0 0 0 0 0 0 0 0 10 0 0
0 0 0 0 0 0 0 0 0 0 0 0 0 13 0 0
0 0 0 0 0 0 0 0 0 0 0 0 0 10 0 0
0 0 0 0 0 0 0 0 0 0 0 0 0 9 0 0
0 0 0 0 0 0 0 0 0 0 0 0 0 9 0 0
0 0 0 0 0 0 0 0 0 0 0 0 0 9 0 0
0 0 0 0 0 0 0 0 0 0 0 0 0 9 0 0
0 0 0 0 0 0 0 0 0 0 0 0 0 7 0 0
0 0 0 0 0 0 0 0 0 0 0 0 0 11 0 0
0 0 0 0 0 0 0 0 0 0 0 0 0 9 0 0
0 0 0 0 0 0 0 0 0 0 0 0 0 7 0 0
0 0 0 0 0 0 0 0 0 0 0 0 0 7 0 0
0 0 0 0 0 0 0 0 0 0 0 0 0 9 0 0
0 0 0 0 0 0 0 0 0 0 0 0 0 8 0 0
0 0 0 0 0 0 0 0 0 0 0 0 0 8 0 0
0 0 0 0 0 0 0 0 0 0 0 0 0 6 0 0
0 0 0 0 0 0 0 0 0 0 0 0 0 7 0 0
0 0 0 0 0 0 0 0 0 0 0 0 0 10 0 0
0 0 0 0 0 0 0 0 0 0 0 0 0 10 0 0
0 0 0 0 0 0 0 0 0 0 0 0 0 13 0 0
0 0 0 0 0 0 0 0 0 0 0 0 0 23 7 0
0 0 0 0 0 0 0 0 0 0 0 0 0 53 34 0
0 0 0 0 0 0 0 0 0 0 0 0 0 80 57 0
0 0 0 0 0 0 0 0 0 7 0 0 0 85 67 0
0 0 0 0 0 0 0 3 0 23 0 0 0 97 79 0
0 0 0 0 0 0 0 0 10 47 9 0 0 112 51 0
0 0 0 0 0 0 0 0 2 59 6 0 0 123 47 0
0 0 0 0 0 1 0 0 1 77 0 0 0 144 32 0
0 0 11 0 0 15 0 0 1 90 0 15 0 162 25 0
0 0 0 0 0 10 0 0 2 70 5 24 0 134 25 0
0 0 0 0 0 0 0 0 0 45 1 16 0 76 25 0
0 0 0 0 0 0 0 0 0 9 0 0 0 23 13 0
0 0 0 0 0 0 0 0 0 0 0 0 0 0 2 0
0 0 0 0 0 0 0 0 0 0 0 0 0 0 0 0
0 0 0 0 0 0 0 0 0 0 0 0 0 0 0 0
0 0 0 0 0 0 0 0 0 0 0 0 0 0 0 0
0 0 0 0 0 0 0 0 0 0 0 0 0 0 0 0
0 0 0 0 0 0 0 0 0 0 0 0 0 0 0 0
0 0 0 0 0 0 0 0 0 0 0 0 0 0 0 0
0 0 0 0 0 0 0 0 0 0 0 0 0 0 0 0
0 0 0 0 0 0 0 0 0 0 0 0 0 0 0 0
0 0 0 0 0 0 0 0 0 0 0 0 0 0 0 0
0 0 0 0 0 0 0 0 0 0 0 0 0 0 0 0
0 0 0 0 0 0 0 0 0 0 0 0 0 0 0 0
0 0 0 0 0 0 0 0 0 0 0 0 0 0 0 0
0 0 0 0 0 0 0 0 0 0 0 0 0 0 0 0
0 0 0 0 0 0 0 0 0 0 0 0 0 0 0 0
0 0 0 0 0 0 0 0 0 0 0 0 0 0 0 0
0 0 0 0 0 0 0 0 0 0 0 0 0 0 0 0
0 0 0 0 0 0 0 0 0 0 0 0 0 0 0 0
0 0 0 0 0 0 0 0 0 0 0 0 0 0 0 0
0 0 0 0 0 0 0 0 0 0 0 0 0 0 0 0
0 0 0 0 0 0 0 0 0 0 0 0 0 0 0 0
0 0 0 0 0 0 0 0 0 0 0 0 0 0 0 0
0 0 0 0 0 0 0 0 0 0 0 0 0 0 0 0
0 0 0 0 0 0 0 0 0 0 0 0 0 0 0 0
0 0 0 0 0 0 0 0 0 0 0 0 0 0 0 0
0 0 0 0 0 0 0 0 0 0 0 0 0 0 0 0
0 0 0 0 0 0 0 0 0 0 0 0 0 0 0 0
0 0 0 0 0 0 0 0 0 0 0 0 0 0 0 0
0 0 0 0 0 0 0 0 0 0 0 0 0 0 0 0
0 0 0 0 0 0 0 0 0 0 0 0 0 0 0 0
0 0 0 0 0 0 0 0 0 0 0 0 0 0 0 0
0 0 0 0 0 0 0 0 0 0 0 0 0 0 0 0
0 0 0 0 0 0 0 0 0 0 0 0 0 0 0 0
0 0 0 0 0 0 0 0 0 0 0 0 0 0 0 0
0 0 0 0 0 0 0 0 0 0 0 0 0 1 0 0
0 0 0 0 0 0 0 0 0 0 0 0 0 0 0 0
0 0 0 0 0 0 0 0 0 0 0 0 0 2 0 0
0 0 0 0 0 0 0 0 0 0 0 0 0 2 0 0
0 0 0 0 0 0 0 0 0 0 0 0 0 2 0 0
0 0 0 0 0 0 0 0 0 0 0 0 0 1 0 0
0 0 0 0 0 0 0 0 0 0 0 0 0 0 0 0
