0.125977 0.046387 -0.987793 0.000000 0.000000 0.000000 -28.443604 1.395264 147.744141 0.862000 -0.649000 2.326000 31.730000
0.125977 0.044922 -0.986816 0.000000 0.000000 0.000000 -28.438110 1.395264 147.744141 0.853000 -0.639000 2.219000 31.720000
0.126465 0.045410 -0.987305 0.000000 0.000000 0.000000 -28.438110 1.395264 147.744141 0.861000 -0.649000 2.296000 31.700000
0.125977 0.045898 -0.987305 0.000000 0.000000 0.000000 -28.438110 1.395264 147.744141 0.865000 -0.647000 2.375000 31.730000
0.125488 0.045898 -0.987305 0.000000 0.000000 0.000000 -28.438110 1.395264 147.744141 0.864000 -0.638000 2.203000 31.690000
0.125977 0.045898 -0.986816 0.000000 0.000000 0.000000 -28.438110 1.395264 147.744141 0.862000 -0.651000 2.480000 31.740000
0.126465 0.045898 -0.987793 0.000000 0.000000 0.000000 -28.438110 1.395264 147.744141 0.858000 -0.624000 2.520000 31.740000
0.126465 0.045898 -0.987793 0.000000 0.000000 0.000000 -28.438110 1.395264 147.744141 0.856000 -0.639000 2.225000 31.750000
0.125977 0.046387 -0.986816 0.000000 0.000000 0.000000 -28.438110 1.395264 147.744141 0.857000 -0.656000 2.345000 31.750000
0.125977 0.044922 -0.987305 0.000000 0.000000 0.000000 -28.438110 1.395264 147.744141 0.863000 -0.660000 2.320000 31.710000
0.125977 0.046387 -0.987793 0.000000 0.000000 0.000000 -28.438110 1.395264 147.744141 0.865000 -0.641000 2.345000 31.720000
0.125488 0.046387 -0.986816 0.000000 0.000000 0.000000 -28.432617 1.395264 147.744141 0.850000 -0.648000 2.317000 31.760000
0.125488 0.045410 -0.986816 0.000000 0.000000 0.000000 -28.432617 1.395264 147.744141 0.855000 -0.664000 2.248000 31.750000
0.125000 0.045898 -0.986816 0.000000 0.000000 0.000000 -28.432617 1.395264 147.744141 0.856000 -0.660000 2.279000 31.750000
0.125977 0.046387 -0.986816 0.000000 0.000000 0.000000 -28.432617 1.395264 147.744141 0.848000 -0.661000 2.389000 31.750000
0.125000 0.046387 -0.987305 0.000000 0.000000 0.000000 -28.432617 1.395264 147.744141 0.859000 -0.653000 2.293000 31.730000
0.125000 0.045898 -0.987305 0.000000 0.000000 0.000000 -28.432617 1.395264 147.744141 0.858000 -0.646000 2.464000 31.760000
0.125488 0.046387 -0.986816 0.000000 0.000000 0.000000 -28.438110 1.395264 147.744141 0.862000 -0.664000 2.405000 31.750000
0.125000 0.045898 -0.986816 0.000000 0.000000 0.000000 -28.432617 1.400757 147.744141 0.859000 -0.648000 2.456000 31.750000
0.124512 0.046387 -0.987305 0.000000 0.000000 0.000000 -28.432617 1.400757 147.744141 0.861000 -0.643000 2.161000 31.780000
0.125000 0.045898 -0.987305 0.000000 0.000000 0.000000 -28.432617 1.406250 147.744141 0.844000 -0.645000 2.473000 31.770000
0.125488 0.045898 -0.986816 0.000000 0.000000 0.000000 -28.432617 1.406250 147.744141 0.856000 -0.631000 2.425000 31.760000
0.124512 0.046387 -0.987305 0.000000 0.000000 0.000000 -28.438110 1.406250 147.744141 0.847000 -0.662000 2.234000 31.750000
0.125977 0.045898 -0.987793 0.000000 0.000000 0.000000 -28.438110 1.406250 147.744141 0.849000 -0.654000 2.210000 31.720000
0.125977 0.045898 -0.986816 0.000000 0.000000 0.000000 -28.438110 1.406250 147.744141 0.864000 -0.650000 2.496000 31.750000
0.125488 0.045898 -0.986328 0.000000 0.000000 0.000000 -28.438110 1.411743 147.744141 0.863000 -0.637000 2.265000 31.750000
0.125000 0.045898 -0.987793 0.000000 0.000000 0.000000 -28.438110 1.411743 147.744141 0.859000 -0.644000 2.285000 31.770000
0.125000 0.046387 -0.987793 0.000000 0.000000 0.000000 -28.438110 1.411743 147.744141 0.865000 -0.631000 2.397000 31.690000
0.125000 0.046387 -0.986816 0.000000 0.000000 0.000000 -28.438110 1.411743 147.744141 0.865000 -0.643000 2.152000 31.760000
0.125000 0.046387 -0.986816 0.000000 0.000000 0.000000 -28.438110 1.417236 147.744141 0.855000 -0.633000 2.288000 31.710000
0.125000 0.045410 -0.987793 0.000000 0.000000 0.000000 -28.438110 1.417236 147.744141 0.853000 -0.647000 2.402000 31.740000
0.125000 0.044434 -0.987793 0.000000 0.000000 0.000000 -28.432617 1.417236 147.744141 0.861000 -0.631000 2.326000 31.710000
0.125488 0.045898 -0.986816 0.000000 0.000000 0.000000 -28.432617 1.417236 147.744141 0.863000 -0.648000 2.181000 31.760000
0.125000 0.046387 -0.987305 0.000000 0.000000 0.000000 -28.432617 1.417236 147.744141 0.862000 -0.663000 2.326000 31.720000
0.125488 0.046387 -0.987305 0.000000 0.000000 0.000000 -28.427124 1.417236 147.744141 0.855000 -0.664000 2.389000 31.750000
0.125000 0.045410 -0.987793 0.000000 0.000000 0.000000 -28.427124 1.417236 147.744141 0.864000 -0.665000 2.344000 31.710000
0.125000 0.045410 -0.987305 0.000000 0.000000 0.000000 -28.427124 1.417236 147.744141 0.865000 -0.688000 2.295000 31.750000
0.125000 0.045898 -0.987793 0.000000 0.000000 0.000000 -28.427124 1.417236 147.744141 0.872000 -0.657000 2.467000 31.750000
0.125488 0.046875 -0.987793 0.000000 0.000000 0.000000 -28.421631 1.422729 147.744141 0.859000 -0.644000 2.366000 31.740000
0.125488 0.045898 -0.987305 0.000000 0.000000 0.000000 -28.421631 1.422729 147.744141 0.860000 -0.650000 2.202000 31.760000
0.125488 0.046875 -0.987305 0.000000 0.000000 0.000000 -28.421631 1.417236 147.744141 0.857000 -0.665000 2.308000 31.720000
0.125488 0.046387 -0.986328 0.000000 0.000000 0.000000 -28.427124 1.417236 147.744141 0.849000 -0.628000 2.513000 31.710000
0.125977 0.045898 -0.987305 0.000000 0.000000 0.000000 -28.427124 1.417236 147.744141 0.858000 -0.662000 2.373000 31.750000
0.125977 0.045898 -0.986328 0.000000 0.000000 0.000000 -28.427124 1.417236 147.744141 0.856000 -0.668000 2.357000 31.700000
0.126465 0.045898 -0.986816 0.000000 0.000000 0.000000 -28.427124 1.411743 147.744141 0.858000 -0.647000 2.241000 31.750000
0.125488 0.046387 -0.987793 0.000000 0.000000 0.000000 -28.427124 1.411743 147.744141 0.848000 -0.665000 2.445000 31.730000
0.125977 0.045410 -0.987305 0.000000 0.000000 0.000000 -28.427124 1.411743 147.744141 0.864000 -0.630000 2.401000 31.730000
0.125977 0.046387 -0.987793 0.000000 0.000000 0.000000 -28.427124 1.406250 147.744141 0.862000 -0.647000 2.353000 31.790000
0.125977 0.045898 -0.986816 0.000000 0.000000 0.000000 -28.427124 1.406250 147.744141 0.863000 -0.648000 2.448000 31.740000
0.125977 0.045898 -0.986816 0.000000 0.000000 0.000000 -28.427124 1.406250 147.744141 0.848000 -0.639000 2.281000 31.760000
0.125000 0.046875 -0.986816 0.000000 0.000000 0.000000 -28.427124 1.400757 147.744141 0.848000 -0.629000 2.281000 31.700000
0.125488 0.046387 -0.986816 0.000000 0.000000 0.000000 -28.427124 1.400757 147.744141 0.848000 -0.641000 2.204000 31.700000
0.125000 0.045898 -0.987793 0.000000 0.000000 0.000000 -28.427124 1.400757 147.744141 0.865000 -0.656000 2.450000 31.720000
