-0.777832 -0.195801 -0.590332 0.183105 0.732422 0.488281 -25.702515 50.800781 147.881470 -2.012000 5.006000 0.380000 30.140000
-0.776855 -0.194824 -0.589355 0.549316 0.671387 0.488281 -25.702515 50.795288 147.788086 -1.851000 4.983000 0.386000 30.120000
-0.777832 -0.196289 -0.589355 0.549316 0.488281 0.488281 -25.718994 50.800781 147.689209 -2.040000 5.011000 0.375000 30.290000
-0.777832 -0.195801 -0.589844 1.098633 0.305176 0.488281 -25.718994 50.800781 147.590332 -2.105000 4.994000 0.379000 30.160000
-0.776855 -0.196289 -0.589355 0.732422 0.366211 0.488281 -25.708008 50.800781 147.502441 -1.885000 4.999000 0.376000 30.170000
-0.776855 -0.196289 -0.589355 0.366211 0.671387 0.488281 -25.697021 50.800781 147.216797 -2.064000 4.987000 0.386000 30.170000
-0.776367 -0.195801 -0.590332 0.976562 0.366211 0.427246 -25.697021 50.795288 147.123413 -1.928000 5.002000 0.386000 30.110000
-0.776855 -0.196289 -0.589844 0.610352 0.305176 0.427246 -25.691528 50.795288 147.030029 -1.839000 5.000000 0.385000 30.110000
-0.777344 -0.196777 -0.590820 1.037598 0.305176 0.427246 -25.686035 50.789795 146.936646 -2.086000 4.990000 0.382000 30.180000
-0.776855 -0.196289 -0.590332 0.854492 0.549316 0.427246 -25.691528 50.789795 146.837769 -1.864000 5.015000 0.381000 30.150000
-0.776855 -0.195801 -0.591309 0.732422 0.549316 0.427246 -25.691528 50.789795 146.744385 -1.878000 4.985000 0.379000 30.180000
-0.777832 -0.195312 -0.590332 0.854492 0.366211 0.427246 -25.686035 50.784302 146.651001 -1.999000 5.000000 0.377000 30.180000
-0.777344 -0.196289 -0.589844 0.854492 0.427246 0.488281 -25.680542 50.789795 146.557617 -1.952000 5.015000 0.379000 30.130000
-0.776855 -0.196777 -0.589844 0.854492 0.488281 0.488281 -25.675049 50.784302 146.469727 -1.929000 5.007000 0.380000 30.030000
-0.776367 -0.196289 -0.589355 0.854492 0.366211 0.488281 -25.669556 50.789795 146.376343 -1.857000 5.017000 0.380000 30.150000
-0.776855 -0.195801 -0.590332 0.976562 0.366211 0.427246 -25.675049 50.784302 146.277466 -2.000000 5.012000 0.379000 30.150000
-0.777344 -0.195801 -0.589844 1.037598 0.427246 0.427246 -25.680542 50.778809 145.986328 -2.071000 4.999000 0.367000 30.070000
-0.776367 -0.196777 -0.590820 0.732422 0.488281 0.488281 -25.675049 50.784302 145.898438 -1.918000 4.998000 0.378000 30.100000
-0.776367 -0.196289 -0.590332 0.915527 0.427246 0.488281 -25.669556 50.778809 145.805054 -2.000000 5.003000 0.385000 30.160000
-0.777344 -0.194824 -0.590332 0.610352 0.488281 0.549316 -25.669556 50.778809 145.711670 -1.908000 5.006000 0.378000 30.070000
-0.776855 -0.195801 -0.590332 0.854492 0.488281 0.427246 -25.675049 50.778809 145.612793 -1.961000 5.014000 0.385000 30.100000
-0.776855 -0.195801 -0.590332 0.915527 0.427246 0.488281 -25.680542 50.778809 145.426025 -2.016000 5.001000 0.373000 30.220000
-0.776855 -0.196289 -0.590820 1.037598 0.549316 0.427246 -25.680542 50.778809 145.327148 -1.911000 5.003000 0.375000 30.110000
-0.777832 -0.196777 -0.590820 0.610352 0.610352 0.488281 -25.691528 50.773315 145.228271 -1.990000 5.001000 0.378000 30.140000
-0.776855 -0.196777 -0.590332 0.671387 0.427246 0.488281 -25.686035 50.778809 145.134888 -1.842000 5.013000 0.375000 30.220000
-0.777344 -0.194824 -0.590820 0.793457 0.366211 0.488281 -25.686035 50.778809 145.041504 -1.896000 4.996000 0.376000 30.200000
-0.776855 -0.194824 -0.590332 0.915527 0.549316 0.488281 -25.686035 50.784302 144.750366 -2.083000 5.010000 0.382000 30.070000
-0.776855 -0.195312 -0.590332 0.854492 0.427246 0.488281 -25.691528 50.784302 144.656982 -1.995000 4.994000 0.374000 30.150000
-0.776367 -0.195801 -0.590820 0.793457 0.488281 0.427246 -25.686035 50.784302 144.569092 -2.103000 5.000000 0.387000 30.070000
-0.777344 -0.194824 -0.589844 0.793457 0.610352 0.488281 -25.697021 50.784302 144.470215 -1.899000 5.008000 0.393000 30.200000
-0.776367 -0.196289 -0.591309 0.549316 0.610352 0.488281 -25.697021 50.784302 144.376831 -1.984000 4.974000 0.377000 30.060000
-0.776855 -0.196289 -0.590332 0.732422 0.488281 0.488281 -25.697021 50.784302 144.190063 -2.115000 5.005000 0.388000 30.030000
-0.776855 -0.195312 -0.589844 0.854492 0.488281 0.488281 -25.697021 50.784302 144.096680 -2.009000 4.987000 0.373000 30.180000
-0.776855 -0.195312 -0.590820 0.915527 0.427246 0.488281 -25.702515 50.784302 143.997803 -1.879000 5.013000 0.367000 30.120000
-0.776367 -0.195312 -0.589844 0.793457 0.488281 0.427246 -25.702515 50.784302 143.898926 -1.912000 4.992000 0.380000 30.040000
-0.776855 -0.195801 -0.589355 0.793457 0.427246 0.427246 -25.702515 50.784302 143.805542 -1.916000 5.008000 0.385000 30.120000
-0.776855 -0.195801 -0.590820 0.732422 0.610352 0.488281 -25.702515 50.784302 143.618774 -1.974000 4.999000 0.381000 30.110000
-0.776855 -0.195801 -0.590820 0.732422 0.610352 0.427246 -25.702515 50.784302 143.525391 -1.854000 4.978000 0.379000 30.160000
-0.776855 -0.194824 -0.590332 0.610352 0.549316 0.427246 -25.708008 50.784302 143.426514 -1.845000 5.015000 0.385000 30.050000
-0.776855 -0.194824 -0.588867 0.793457 0.305176 0.488281 -25.708008 50.778809 143.338623 -2.035000 5.020000 0.382000 30.140000
-0.776367 -0.194824 -0.589844 0.610352 0.488281 0.488281 -25.708008 50.784302 143.245239 -1.863000 5.010000 0.372000 30.100000
-0.775879 -0.195801 -0.589844 0.671387 0.671387 0.488281 -25.718994 50.784302 142.959595 -2.149000 5.008000 0.381000 30.120000
-0.776367 -0.195312 -0.590332 0.549316 0.488281 0.488281 -25.724487 50.784302 142.860718 -1.980000 4.997000 0.380000 30.110000
-0.776367 -0.192871 -0.591309 0.976562 0.244141 0.366211 -25.724487 50.778809 142.767334 -2.215000 4.986000 0.374000 30.130000
-0.776855 -0.195312 -0.590820 0.915527 0.244141 0.488281 -25.735474 50.778809 142.668457 -2.038000 4.996000 0.376000 29.990000
-0.776367 -0.195312 -0.590332 0.732422 0.244141 0.549316 -25.724487 50.778809 142.575073 -1.896000 5.009000 0.384000 30.130000
-0.776367 -0.195312 -0.590332 0.061035 0.549316 0.549316 -25.724487 50.778809 142.388306 -2.033000 5.003000 0.386000 30.110000
-0.776367 -0.192871 -0.590820 1.159668 0.671387 0.427246 -25.724487 50.784302 142.294922 -1.987000 5.004000 0.375000 30.020000
-0.776367 -0.195801 -0.591309 0.793457 0.671387 0.488281 -25.740967 50.784302 142.196045 -2.116000 4.988000 0.391000 30.120000
-0.776367 -0.195801 -0.591797 0.610352 0.549316 0.488281 -25.729980 50.778809 142.102661 -1.959000 5.015000 0.375000 30.190000
-0.777832 -0.195801 -0.589844 0.427246 0.549316 0.488281 -25.729980 50.778809 142.009277 -1.865000 5.000000 0.378000 30.080000
-0.776855 -0.196289 -0.589844 0.915527 0.488281 0.427246 -25.724487 50.784302 141.723633 -1.859000 5.013000 0.370000 30.110000
-0.777832 -0.195312 -0.589355 0.915527 0.366211 0.488281 -25.729980 50.784302 141.624756 -1.910000 4.990000 0.378000 30.050000
-0.776855 -0.195312 -0.590332 0.915527 0.244141 0.427246 -25.729980 50.784302 141.531372 -2.028000 4.995000 0.379000 30.010000
-0.776855 -0.195312 -0.590332 1.037598 0.305176 0.427246 -25.729980 50.784302 141.437988 -1.924000 5.013000 0.378000 30.120000
-0.776855 -0.195801 -0.590820 0.732422 0.488281 0.427246 -25.724487 50.784302 141.344604 -2.096000 5.027000 0.385000 30.070000
-0.779785 -0.193848 -0.589844 0.244141 0.549316 0.427246 -25.713501 50.778809 141.157837 -1.855000 5.010000 0.378000 30.070000
-0.778320 -0.194336 -0.590820 0.793457 0.671387 0.610352 -25.729980 50.778809 141.058960 -1.904000 5.005000 0.378000 30.020000
-0.776367 -0.194336 -0.589844 0.610352 0.488281 0.427246 -25.718994 50.778809 140.971069 -2.055000 5.015000 0.377000 30.090000
-0.776855 -0.196289 -0.590332 1.037598 0.427246 0.427246 -25.735474 50.773315 140.872192 -1.932000 5.027000 0.376000 29.970000
-0.775391 -0.194336 -0.590332 1.098633 0.366211 0.427246 -25.718994 50.773315 140.778809 -1.979000 5.005000 0.380000 30.050000
-0.776855 -0.195801 -0.590332 0.976562 0.549316 0.427246 -25.702515 50.773315 140.504150 -2.087000 5.018000 0.388000 30.030000
-0.775879 -0.195312 -0.589844 0.244141 0.610352 0.488281 -25.713501 50.773315 140.405273 -2.130000 4.982000 0.375000 30.050000
-0.776367 -0.195312 -0.590332 0.671387 0.610352 0.488281 -25.708008 50.773315 140.311890 -2.025000 4.989000 0.378000 30.070000
-0.777344 -0.195312 -0.589355 0.793457 0.488281 0.488281 -25.708008 50.778809 140.213013 -1.953000 4.985000 0.367000 30.060000
-0.776855 -0.196777 -0.589844 1.037598 0.427246 0.427246 -25.702515 50.778809 140.125122 -1.940000 4.998000 0.370000 30.030000
-0.777832 -0.195801 -0.589844 0.671387 0.427246 0.488281 -25.702515 50.784302 139.932861 -1.903000 5.006000 0.377000 30.020000
-0.776855 -0.195801 -0.588867 0.854492 0.488281 0.488281 -25.702515 50.784302 139.833984 -1.919000 5.003000 0.382000 30.130000
-0.776855 -0.195312 -0.590332 0.976562 0.549316 0.488281 -25.708008 50.784302 139.740601 -1.838000 4.999000 0.380000 30.090000
-0.776855 -0.196289 -0.590332 0.732422 0.549316 0.488281 -25.702515 50.784302 139.636230 -2.074000 4.987000 0.385000 30.130000
-0.776855 -0.196777 -0.590332 0.732422 0.427246 0.488281 -25.702515 50.784302 139.542847 -1.893000 5.006000 0.383000 30.040000
-0.777832 -0.196289 -0.590332 0.671387 0.488281 0.427246 -25.708008 50.778809 139.257202 -1.881000 5.021000 0.384000 30.040000
-0.776855 -0.195312 -0.590820 0.976562 0.610352 0.488281 -25.713501 50.767822 139.163818 -2.000000 4.984000 0.384000 30.070000
-0.776855 -0.194824 -0.590820 0.793457 0.549316 0.427246 -25.708008 50.767822 139.070435 -2.065000 4.998000 0.382000 30.090000
-0.777344 -0.194824 -0.590332 1.098633 0.427246 0.427246 -25.708008 50.767822 138.982544 -1.964000 4.987000 0.379000 29.960000
-0.777832 -0.194824 -0.590332 0.610352 0.366211 0.549316 -25.713501 50.767822 138.883667 -1.934000 5.006000 0.365000 30.110000
-0.776367 -0.195801 -0.590332 0.854492 0.366211 0.488281 -25.713501 50.773315 138.696899 -1.952000 5.012000 0.376000 30.120000
-0.776367 -0.195312 -0.590820 0.732422 0.366211 0.488281 -25.708008 50.767822 138.603516 -2.166000 5.020000 0.368000 30.050000
-0.776855 -0.195801 -0.590332 0.976562 0.366211 0.427246 -25.708008 50.767822 138.504639 -2.097000 5.016000 0.380000 30.050000
-0.776855 -0.195801 -0.589844 0.793457 0.427246 0.488281 -25.708008 50.767822 138.411255 -1.902000 5.018000 0.386000 30.110000
-0.776855 -0.196289 -0.590820 1.098633 0.366211 0.488281 -25.708008 50.767822 138.317871 -2.098000 5.019000 0.369000 30.100000
-0.776855 -0.196289 -0.590820 0.610352 0.671387 0.427246 -25.708008 50.762329 138.026733 -2.102000 4.994000 0.362000 30.080000
-0.776855 -0.195312 -0.590332 0.854492 0.488281 0.488281 -25.702515 50.762329 137.933350 -2.113000 4.998000 0.364000 30.060000
-0.776367 -0.196289 -0.590332 0.854492 0.305176 0.488281 -25.697021 50.762329 137.845459 -2.008000 4.993000 0.371000 29.960000
-0.777832 -0.196777 -0.590820 0.549316 0.488281 0.366211 -25.680542 50.767822 137.752075 -2.181000 5.015000 0.379000 30.020000
-0.776855 -0.195801 -0.590820 0.671387 0.610352 0.488281 -25.686035 50.762329 137.658691 -1.983000 4.994000 0.379000 29.970000
-0.776855 -0.195312 -0.590332 0.793457 0.488281 0.488281 -25.680542 50.767822 137.565308 -2.147000 4.985000 0.368000 30.040000
-0.777344 -0.195801 -0.590332 0.854492 0.549316 0.427246 -25.680542 50.767822 137.471924 -1.891000 5.000000 0.375000 30.040000
-0.776367 -0.196289 -0.590332 0.671387 0.549316 0.488281 -25.680542 50.767822 137.373047 -2.109000 4.993000 0.379000 30.000000
-0.776855 -0.194824 -0.589355 0.549316 0.549316 0.427246 -25.686035 50.767822 137.274170 -2.060000 4.978000 0.382000 30.050000
-0.777344 -0.194336 -0.589844 0.976562 0.366211 0.488281 -25.691528 50.762329 137.175293 -1.966000 4.994000 0.393000 30.060000
-0.777344 -0.196289 -0.590820 0.854492 0.549316 0.488281 -25.697021 50.762329 137.081909 -2.013000 4.991000 0.374000 29.980000
-0.776855 -0.194336 -0.590332 0.732422 0.610352 0.427246 -25.708008 50.762329 136.790771 -2.032000 4.983000 0.376000 30.020000
-0.776855 -0.195312 -0.589844 0.793457 0.549316 0.488281 -25.708008 50.762329 136.697388 -1.973000 5.004000 0.378000 30.030000
-0.776367 -0.196289 -0.589355 1.037598 0.488281 0.549316 -25.718994 50.762329 136.593018 -1.911000 5.018000 0.370000 29.960000
-0.776855 -0.194824 -0.589844 0.671387 0.305176 0.427246 -25.718994 50.767822 136.499634 -1.965000 5.010000 0.374000 30.010000
-0.776367 -0.194824 -0.590820 1.220703 0.305176 0.488281 -25.708008 50.767822 136.406250 -2.031000 5.001000 0.368000 29.970000
-0.775879 -0.194824 -0.589844 0.610352 0.549316 0.427246 -25.718994 50.762329 136.213989 -1.942000 5.005000 0.370000 30.030000
-0.776367 -0.196289 -0.590332 1.281738 0.488281 0.488281 -25.718994 50.762329 136.120605 -1.897000 5.019000 0.373000 30.010000
-0.777344 -0.196289 -0.590332 0.671387 0.488281 0.427246 -25.718994 50.762329 136.027222 -2.111000 4.996000 0.377000 30.010000
-0.777832 -0.195801 -0.590820 0.427246 0.427246 0.488281 -25.724487 50.762329 135.928345 -2.147000 5.004000 0.374000 30.040000
-0.776855 -0.195801 -0.589844 0.610352 0.366211 0.427246 -25.718994 50.767822 135.840454 -2.183000 5.005000 0.382000 30.070000
-0.777832 -0.196777 -0.589844 0.793457 0.549316 0.488281 -25.713501 50.762329 135.549316 -2.053000 4.997000 0.375000 30.060000
-0.776367 -0.195801 -0.590820 0.671387 0.366211 0.427246 -25.713501 50.762329 135.455933 -1.923000 5.000000 0.372000 30.020000
-0.776855 -0.195801 -0.590820 0.793457 0.488281 0.488281 -25.702515 50.756836 135.362549 -1.868000 5.008000 0.369000 30.030000
-0.776855 -0.196289 -0.590332 0.671387 0.488281 0.488281 -25.708008 50.756836 135.269165 -1.848000 4.994000 0.367000 30.000000
-0.777344 -0.196777 -0.591309 1.098633 0.427246 0.427246 -25.697021 50.756836 135.175781 -2.132000 4.998000 0.377000 30.060000
-0.776367 -0.195801 -0.590332 0.793457 0.549316 0.488281 -25.691528 50.751343 134.989014 -1.855000 5.025000 0.373000 29.980000
-0.776855 -0.196777 -0.590820 0.732422 0.427246 0.488281 -25.691528 50.756836 134.890137 -1.849000 5.021000 0.379000 29.990000
-0.775391 -0.195801 -0.589844 0.793457 0.488281 0.488281 -25.691528 50.751343 134.796753 -1.820000 5.019000 0.368000 29.910000
-0.776855 -0.194824 -0.590332 0.610352 0.488281 0.488281 -25.702515 50.751343 134.697876 -2.057000 4.988000 0.367000 29.990000
-0.776367 -0.195312 -0.590820 0.854492 0.427246 0.427246 -25.697021 50.756836 134.598999 -1.924000 4.992000 0.373000 30.070000
-0.775879 -0.194824 -0.590820 0.549316 0.610352 0.488281 -25.702515 50.756836 134.318848 -2.099000 5.003000 0.378000 29.970000
-0.777832 -0.195312 -0.590820 0.854492 0.427246 0.427246 -25.708008 50.756836 134.219971 -2.139000 4.989000 0.370000 29.920000
-0.776855 -0.194336 -0.589844 0.854492 0.488281 0.549316 -25.713501 50.762329 134.126587 -2.245000 4.994000 0.374000 30.030000
-0.776855 -0.194824 -0.590332 1.037598 0.366211 0.366211 -25.713501 50.762329 134.027710 -1.985000 5.028000 0.380000 30.040000
-0.777832 -0.195312 -0.590332 0.366211 0.549316 0.549316 -25.713501 50.767822 133.934326 -2.159000 5.018000 0.380000 30.010000
-0.777344 -0.195312 -0.589844 0.549316 0.671387 0.488281 -25.718994 50.767822 133.747559 -2.063000 4.994000 0.386000 30.050000
-0.776855 -0.195801 -0.590820 0.854492 0.610352 0.488281 -25.724487 50.767822 133.648682 -1.868000 4.988000 0.374000 30.020000
-0.776855 -0.193848 -0.590332 0.854492 0.427246 0.427246 -25.724487 50.767822 133.555298 -2.084000 5.019000 0.368000 30.040000
-0.777344 -0.195312 -0.590332 0.793457 0.427246 0.488281 -25.724487 50.762329 133.461914 -1.920000 5.005000 0.368000 30.030000
-0.777344 -0.196777 -0.590820 1.159668 0.366211 0.427246 -25.724487 50.762329 133.368530 -2.002000 5.003000 0.382000 30.020000
-0.776855 -0.194824 -0.590332 0.854492 0.366211 0.427246 -25.735474 50.756836 133.077393 -2.058000 4.997000 0.374000 30.000000
-0.776855 -0.194336 -0.590332 0.854492 0.366211 0.488281 -25.740967 50.756836 132.984009 -2.046000 5.002000 0.373000 29.980000
-0.776855 -0.194824 -0.590332 1.037598 0.366211 0.488281 -25.746460 50.756836 132.885132 -2.068000 4.983000 0.378000 29.890000
-0.776855 -0.195801 -0.590820 0.976562 0.488281 0.488281 -25.746460 50.756836 132.791748 -2.062000 5.004000 0.378000 29.910000
-0.776855 -0.194824 -0.590820 0.671387 0.549316 0.427246 -25.746460 50.756836 132.698364 -2.041000 5.010000 0.381000 30.030000
-0.776855 -0.194824 -0.590332 0.488281 0.671387 0.427246 -25.746460 50.756836 132.604980 -1.991000 4.999000 0.374000 30.010000
-0.777344 -0.195801 -0.591309 1.037598 0.488281 0.427246 -25.762939 50.756836 132.506104 -2.001000 5.005000 0.379000 30.010000
-0.776367 -0.195312 -0.590332 0.610352 0.610352 0.488281 -25.746460 50.756836 132.418213 -1.980000 5.017000 0.388000 30.060000
-0.776367 -0.195801 -0.590820 1.037598 0.305176 0.366211 -25.740967 50.756836 132.324829 -2.156000 5.004000 0.370000 29.960000
-0.777344 -0.195312 -0.590820 0.793457 0.244141 0.427246 -25.740967 50.756836 132.231445 -2.090000 5.028000 0.378000 29.980000
-0.776367 -0.195801 -0.590332 0.671387 0.366211 0.488281 -25.735474 50.756836 132.143555 -2.211000 4.994000 0.390000 30.000000
-0.777344 -0.196289 -0.590820 0.793457 0.549316 0.488281 -25.740967 50.756836 131.863403 -2.065000 5.008000 0.373000 29.960000
-0.776367 -0.195801 -0.590332 0.549316 0.671387 0.488281 -25.757446 50.751343 131.759033 -2.042000 4.975000 0.368000 30.000000
-0.777344 -0.194824 -0.590820 0.671387 0.610352 0.427246 -25.751953 50.751343 131.665649 -1.922000 5.002000 0.365000 29.960000
-0.777344 -0.194336 -0.590332 0.549316 0.671387 0.488281 -25.746460 50.751343 131.572266 -2.121000 4.984000 0.366000 30.060000
-0.776855 -0.194824 -0.590332 0.976562 0.427246 0.427246 -25.751953 50.751343 131.473389 -1.979000 5.001000 0.378000 29.920000
-0.776855 -0.195801 -0.590332 0.976562 0.549316 0.488281 -25.751953 50.751343 131.281128 -1.831000 5.006000 0.380000 29.910000
-0.776855 -0.196289 -0.590820 0.854492 0.610352 0.488281 -25.740967 50.751343 131.187744 -2.072000 4.994000 0.374000 30.030000
-0.776855 -0.195801 -0.590820 0.793457 0.488281 0.488281 -25.746460 50.751343 131.094360 -2.013000 4.999000 0.383000 29.970000
-0.777344 -0.196289 -0.590820 0.915527 0.671387 0.427246 -25.740967 50.751343 130.995483 -1.915000 5.017000 0.371000 29.980000
-0.776367 -0.196777 -0.590332 0.427246 0.671387 0.488281 -25.735474 50.751343 130.902100 -2.037000 5.010000 0.374000 30.050000
-0.776855 -0.195801 -0.590332 0.976562 0.671387 0.427246 -25.735474 50.745850 130.616455 -1.971000 5.012000 0.375000 29.920000
-0.777344 -0.194824 -0.591309 0.671387 0.549316 0.427246 -25.724487 50.745850 130.528564 -2.119000 5.004000 0.369000 29.920000
-0.775879 -0.196777 -0.590332 1.037598 0.610352 0.427246 -25.724487 50.745850 130.435181 -2.077000 4.992000 0.379000 29.970000
-0.775391 -0.195801 -0.590332 0.671387 0.610352 0.488281 -25.724487 50.740356 130.341797 -1.981000 5.009000 0.383000 29.910000
-0.776367 -0.196777 -0.590332 0.793457 0.366211 0.427246 -25.718994 50.740356 130.248413 -2.111000 5.011000 0.376000 29.880000
-0.774902 -0.196289 -0.590820 0.549316 0.610352 0.549316 -25.718994 50.745850 130.050659 -2.169000 5.021000 0.362000 29.940000
-0.776855 -0.195801 -0.591309 0.488281 0.854492 0.427246 -25.713501 50.745850 129.957275 -2.238000 5.005000 0.367000 29.940000
-0.776367 -0.193848 -0.591309 0.793457 0.854492 0.610352 -25.713501 50.740356 129.852905 -2.076000 5.030000 0.365000 29.990000
-0.774902 -0.196289 -0.590332 1.159668 0.549316 0.427246 -25.718994 50.740356 129.754028 -2.187000 5.013000 0.365000 30.020000
-0.778320 -0.196777 -0.590332 0.854492 0.610352 0.427246 -25.708008 50.745850 129.666138 -2.081000 4.997000 0.381000 29.970000
-0.776367 -0.195312 -0.589844 0.915527 0.488281 0.427246 -25.708008 50.745850 129.380493 -1.970000 4.996000 0.374000 29.980000
-0.778320 -0.195312 -0.591309 0.671387 0.427246 0.610352 -25.713501 50.745850 129.281616 -1.964000 5.028000 0.373000 29.940000
-0.774902 -0.195801 -0.590332 1.037598 0.305176 0.427246 -25.702515 50.751343 129.188232 -1.876000 4.992000 0.375000 29.980000
-0.776855 -0.195801 -0.590820 0.732422 0.549316 0.488281 -25.708008 50.751343 129.089355 -1.960000 5.018000 0.373000 29.880000
-0.776855 -0.195801 -0.589844 0.732422 0.427246 0.366211 -25.702515 50.751343 128.995972 -1.903000 5.003000 0.372000 29.990000
-0.775391 -0.195801 -0.590820 0.793457 0.549316 0.549316 -25.713501 50.756836 128.704834 -2.050000 4.990000 0.384000 29.960000
-0.776855 -0.195801 -0.590820 0.793457 0.366211 0.488281 -25.708008 50.756836 128.605957 -1.957000 5.000000 0.387000 30.040000
-0.776367 -0.195312 -0.590332 0.732422 0.427246 0.427246 -25.713501 50.756836 128.507080 -1.993000 5.016000 0.385000 29.940000
-0.777344 -0.195801 -0.590332 0.732422 0.488281 0.427246 -25.713501 50.756836 128.413696 -1.882000 4.988000 0.392000 30.000000
-0.776855 -0.195801 -0.589844 0.915527 0.549316 0.488281 -25.713501 50.756836 128.320312 -2.123000 5.021000 0.385000 29.950000
-0.775879 -0.196289 -0.591309 0.671387 0.488281 0.488281 -25.718994 50.751343 128.128052 -1.940000 4.990000 0.358000 29.970000
-0.776367 -0.194336 -0.590332 0.915527 0.366211 0.427246 -25.724487 50.751343 128.029175 -2.136000 4.985000 0.356000 29.920000
-0.777344 -0.195312 -0.591309 0.793457 0.366211 0.488281 -25.724487 50.745850 127.935791 -2.139000 4.992000 0.369000 29.890000
-0.776855 -0.194824 -0.590820 0.976562 0.488281 0.427246 -25.718994 50.745850 127.842407 -2.029000 5.022000 0.373000 30.000000
-0.776367 -0.195312 -0.590820 0.915527 0.671387 0.427246 -25.718994 50.745850 127.749023 -1.963000 5.015000 0.372000 29.880000
-0.776855 -0.194824 -0.590332 0.671387 0.549316 0.488281 -25.718994 50.740356 127.463379 -2.021000 5.027000 0.363000 29.950000
-0.777344 -0.195801 -0.590820 1.037598 0.427246 0.488281 -25.718994 50.740356 127.369995 -2.027000 5.020000 0.371000 29.940000
-0.776367 -0.195312 -0.589844 0.732422 0.366211 0.488281 -25.724487 50.745850 127.271118 -1.877000 5.013000 0.363000 29.890000
-0.777832 -0.195312 -0.590332 0.671387 0.549316 0.488281 -25.724487 50.745850 127.177734 -1.948000 5.016000 0.380000 29.850000
-0.777344 -0.195312 -0.589844 0.854492 0.610352 0.427246 -25.724487 50.740356 127.078857 -1.970000 5.001000 0.374000 29.960000
-0.777344 -0.195801 -0.591309 0.854492 0.549316 0.488281 -25.729980 50.745850 126.886597 -1.978000 5.005000 0.376000 29.930000
-0.777344 -0.194824 -0.590820 0.671387 0.549316 0.488281 -25.729980 50.751343 126.787720 -1.951000 4.996000 0.383000 29.860000
-0.776855 -0.195312 -0.590820 0.732422 0.488281 0.488281 -25.735474 50.745850 126.683350 -1.877000 5.000000 0.377000 29.960000
-0.776855 -0.195801 -0.591309 0.915527 0.488281 0.488281 -25.735474 50.751343 126.589966 -2.050000 4.986000 0.387000 29.890000
-0.776367 -0.195801 -0.590332 0.976562 0.549316 0.427246 -25.735474 50.745850 126.496582 -2.035000 4.984000 0.368000 29.940000
-0.777344 -0.195312 -0.590820 0.793457 0.488281 0.488281 -25.735474 50.745850 126.210938 -1.940000 4.989000 0.369000 30.000000
-0.776855 -0.195801 -0.590820 1.098633 0.488281 0.427246 -25.735474 50.745850 126.112061 -1.949000 5.007000 0.373000 29.940000
-0.776855 -0.195312 -0.590332 0.305176 0.671387 0.549316 -25.740967 50.745850 126.018677 -1.973000 4.994000 0.368000 29.840000
-0.776855 -0.196289 -0.590820 1.220703 0.549316 0.427246 -25.729980 50.745850 125.919800 -2.086000 5.006000 0.375000 29.900000
-0.776367 -0.195312 -0.590332 0.732422 0.488281 0.427246 -25.746460 50.745850 125.820923 -2.103000 4.999000 0.367000 30.010000
-0.776855 -0.196289 -0.590820 1.159668 0.427246 0.427246 -25.746460 50.740356 125.634155 -2.219000 5.008000 0.377000 29.930000
-0.776855 -0.196777 -0.590820 0.976562 0.488281 0.427246 -25.735474 50.740356 125.540771 -2.177000 5.012000 0.379000 29.920000
-0.776855 -0.196289 -0.589844 0.671387 0.488281 0.488281 -25.740967 50.740356 125.441895 -2.085000 5.007000 0.368000 29.880000
-0.776367 -0.195801 -0.591309 0.854492 0.488281 0.427246 -25.729980 50.740356 125.348511 -2.090000 5.008000 0.375000 30.000000
-0.776855 -0.196289 -0.591309 0.732422 0.427246 0.488281 -25.735474 50.740356 125.249634 -2.253000 4.996000 0.368000 29.950000
-0.776367 -0.195801 -0.591309 0.732422 0.549316 0.427246 -25.708008 50.740356 124.969482 -2.083000 4.995000 0.382000 29.920000
-0.776855 -0.196289 -0.590332 0.671387 0.549316 0.488281 -25.708008 50.740356 124.876099 -1.935000 4.997000 0.370000 30.000000
-0.776855 -0.195801 -0.590820 0.854492 0.488281 0.488281 -25.708008 50.740356 124.777222 -2.019000 4.980000 0.372000 29.810000
-0.776855 -0.197266 -0.590820 0.793457 0.610352 0.488281 -25.708008 50.740356 124.683838 -2.081000 5.023000 0.359000 29.940000
-0.776855 -0.195801 -0.590820 0.610352 0.610352 0.488281 -25.702515 50.734863 124.590454 -2.044000 5.005000 0.366000 29.880000
-0.777344 -0.197266 -0.590820 0.610352 0.610352 0.549316 -25.697021 50.734863 124.392700 -1.909000 5.003000 0.375000 29.890000
-0.776367 -0.196289 -0.590820 0.854492 0.549316 0.427246 -25.697021 50.734863 124.299316 -1.818000 4.995000 0.367000 29.980000
-0.776367 -0.196289 -0.591309 0.671387 0.549316 0.488281 -25.702515 50.734863 124.200439 -1.913000 4.995000 0.365000 29.910000
-0.775879 -0.196777 -0.590820 0.854492 0.488281 0.427246 -25.691528 50.734863 124.107056 -1.931000 5.017000 0.369000 29.890000
-0.776855 -0.196289 -0.591797 0.671387 0.488281 0.488281 -25.702515 50.729370 124.008179 -1.891000 5.022000 0.372000 29.920000
-0.776855 -0.195801 -0.590820 1.220703 0.488281 0.427246 -25.708008 50.723877 123.717041 -2.045000 5.024000 0.384000 29.960000
-0.776367 -0.196289 -0.590332 0.671387 0.488281 0.488281 -25.702515 50.723877 123.618164 -1.951000 4.989000 0.379000 29.880000
-0.776855 -0.194824 -0.591309 1.037598 0.366211 0.427246 -25.708008 50.723877 123.519287 -1.946000 5.006000 0.375000 29.930000
-0.775879 -0.196777 -0.590332 1.159668 0.366211 0.488281 -25.708008 50.723877 123.425903 -2.201000 5.014000 0.370000 29.880000
-0.776855 -0.195312 -0.591309 0.305176 0.793457 0.610352 -25.697021 50.723877 123.332520 -2.257000 4.982000 0.370000 29.760000
-0.776367 -0.196777 -0.590332 0.793457 0.671387 0.427246 -25.697021 50.723877 123.233643 -2.142000 4.996000 0.380000 29.850000
-0.776367 -0.195801 -0.591309 1.037598 0.366211 0.488281 -25.708008 50.718384 123.134766 -2.070000 4.999000 0.381000 29.850000
-0.776367 -0.195312 -0.590332 0.427246 0.610352 0.488281 -25.708008 50.718384 123.035889 -1.982000 5.001000 0.383000 29.920000
-0.776855 -0.194336 -0.590332 0.915527 0.488281 0.488281 -25.708008 50.718384 122.937012 -1.990000 4.984000 0.375000 29.900000
-0.777832 -0.196289 -0.590820 0.610352 0.610352 0.488281 -25.697021 50.723877 122.849121 -2.044000 5.003000 0.367000 29.880000
-0.777832 -0.196289 -0.591309 0.915527 0.549316 0.488281 -25.697021 50.723877 122.755737 -1.995000 4.993000 0.360000 29.810000
-0.777344 -0.195801 -0.590820 0.793457 0.549316 0.488281 -25.702515 50.723877 122.470093 -1.904000 5.015000 0.374000 29.810000
-0.776367 -0.196289 -0.590820 0.732422 0.488281 0.488281 -25.708008 50.723877 122.371216 -1.967000 5.018000 0.368000 29.830000
-0.775879 -0.195312 -0.591309 0.854492 0.427246 0.427246 -25.708008 50.723877 122.277832 -2.077000 5.000000 0.373000 29.850000
-0.776367 -0.195312 -0.590332 0.793457 0.366211 0.488281 -25.708008 50.723877 122.184448 -2.012000 4.994000 0.376000 29.900000
-0.776855 -0.195801 -0.590820 0.915527 0.427246 0.427246 -25.702515 50.723877 122.085571 -1.989000 4.989000 0.373000 29.840000
